x,y,speedKMH,hour
-48.6799,-26.8989,13.02,23
-48.679,-26.8989,13.02,23
-48.6795,-26.8987,13.02,23
-48.6782,-26.899,13.02,23
-48.6786,-26.8988,13.02,23
-48.6777,-26.8988,13.02,23
-48.6768,-26.8989,13.02,23
-48.6773,-26.8991,13.02,23
-48.6816,-26.8988,13.02,23
-48.6821,-26.8985,13.02,23
-48.6812,-26.8986,13.02,23
-48.6803,-26.8987,13.02,23
-48.6808,-26.8988,13.02,23
-48.6916,-26.9095,10.72,23
-48.6921,-26.9096,10.72,23
-48.6912,-26.9097,10.72,23
-48.6908,-26.9095,10.72,23
-48.694,-26.9034,16.03,23
-48.6936,-26.9033,16.03,23
-48.694,-26.903,16.03,23
-48.6941,-26.9039,16.03,23
-48.6936,-26.9037,16.03,23
-48.6936,-26.9024,16.03,23
-48.694,-26.9022,16.03,23
-48.6936,-26.9028,16.03,23
-48.694,-26.9026,16.03,23
-48.6941,-26.9043,16.03,23
-48.6941,-26.9047,16.03,23
-48.6936,-26.9041,16.03,23
-48.6936,-26.9045,16.03,23
-48.6941,-26.9064,16.03,23
-48.6937,-26.9062,16.03,23
-48.6941,-26.9059,16.03,23
-48.6942,-26.9068,16.03,23
-48.6937,-26.9066,16.03,23
-48.6937,-26.9053,16.03,23
-48.6941,-26.9051,16.03,23
-48.6937,-26.9049,16.03,23
-48.6937,-26.9058,16.03,23
-48.6941,-26.9055,16.03,23
-48.6942,-26.9072,16.03,23
-48.6942,-26.9076,16.03,23
-48.6937,-26.907,16.03,23
-48.6937,-26.9074,16.03,23
-48.7005,-26.888,10.32,23
-48.7009,-26.8877,10.32,23
-48.7001,-26.8878,10.32,23
-48.6992,-26.8874,10.32,23
-48.6987,-26.8872,10.32,23
-48.6992,-26.887,10.32,23
-48.6996,-26.8876,10.32,23
-48.6974,-26.8863,10.32,23
-48.6978,-26.886,10.32,23
-48.6974,-26.8859,10.32,23
-48.6978,-26.8865,10.32,23
-48.7018,-26.8881,10.32,23
-48.7022,-26.8879,10.32,23
-48.7014,-26.8879,10.32,23
-48.6987,-26.8868,10.32,23
-48.6983,-26.8866,10.32,23
-48.7003,-26.9089,16.16333333333333,23
-48.7008,-26.9087,16.16333333333333,23
-48.7003,-26.9085,16.16333333333333,23
-48.7004,-26.9093,16.16333333333333,23
-48.7008,-26.9091,16.16333333333333,23
-48.7008,-26.9082,16.16333333333333,23
-48.7003,-26.9076,16.16333333333333,23
-48.7003,-26.9081,16.16333333333333,23
-48.7008,-26.9099,16.16333333333333,23
-48.7004,-26.9097,16.16333333333333,23
-48.7008,-26.9095,16.16333333333333,23
-48.7008,-26.9103,16.16333333333333,23
-48.7004,-26.9102,16.16333333333333,23
-48.6942,-26.9093,13.375,23
-48.6938,-26.9091,16.03,23
-48.6942,-26.9089,16.03,23
-48.6947,-26.9095,10.72,23
-48.6938,-26.9095,13.375,23
-48.6929,-26.9096,10.72,23
-48.6934,-26.9093,10.72,23
-48.6925,-26.9094,10.72,23
-48.6938,-26.9083,16.03,23
-48.6942,-26.908,16.03,23
-48.6938,-26.9079,16.03,23
-48.6938,-26.9087,16.03,23
-48.6942,-26.9085,16.03,23
-48.6956,-26.9094,10.72,23
-48.6951,-26.9092,10.72,23
-48.6938,-26.9099,16.03,23
-48.7004,-26.9118,18.36,23
-48.7009,-26.9116,18.36,23
-48.7004,-26.9114,16.16333333333333,23
-48.7005,-26.9122,18.36,23
-48.7009,-26.912,18.36,23
-48.7008,-26.9108,16.16333333333333,23
-48.7009,-26.9112,16.16333333333333,23
-48.7004,-26.9106,16.16333333333333,23
-48.7004,-26.911,16.16333333333333,23
-48.7009,-26.9128,18.36,23
-48.7005,-26.9127,18.36,23
-48.7009,-26.9124,18.36,23
-48.7009,-26.9133,18.36,23
-48.7005,-26.9131,18.36,23
-48.7002,-26.906,16.16333333333333,23
-48.7002,-26.9056,16.16333333333333,23
-48.7003,-26.9064,16.16333333333333,23
-48.7002,-26.9047,16.16333333333333,23
-48.7002,-26.9051,16.16333333333333,23
-48.7003,-26.9068,16.16333333333333,23
-48.7003,-26.9072,16.16333333333333,23
-48.7005,-26.9135,18.36,23
-48.6693,-26.9077,9.54,23
-48.6693,-26.9081,9.54,23
-48.6693,-26.9073,9.54,23
-48.6693,-26.9086,9.54,23
-48.6693,-26.909,9.54,23
-48.6658,-26.9079,8.28,23
-48.6653,-26.9078,8.28,23
-48.6698,-26.9108,9.54,23
-48.6694,-26.9106,9.54,23
-48.6698,-26.9104,9.54,23
-48.6698,-26.9112,9.54,23
-48.6694,-26.9111,9.54,23
-48.6694,-26.9098,9.54,23
-48.6698,-26.9096,9.54,23
-48.6693,-26.9094,9.54,23
-48.6694,-26.9102,9.54,23
-48.6698,-26.91,9.54,23
-48.6699,-26.9117,9.54,23
-48.6699,-26.9121,9.54,23
-48.6662,-26.9085,8.28,23
-48.6658,-26.9084,8.28,23
-48.6605,-26.9074,11.99,23
-48.6601,-26.9073,11.99,23
-48.6592,-26.9069,11.99,23
-48.6592,-26.9073,11.99,23
-48.6596,-26.9071,11.99,23
-48.6588,-26.9071,11.99,23
-48.6614,-26.9078,11.99,23
-48.661,-26.9076,11.99,23
-48.6601,-26.9077,11.99,23
-48.6597,-26.9075,11.99,23
-48.664,-26.9068,8.28,23
-48.6636,-26.9066,8.28,23
-48.6631,-26.906,8.28,23
-48.6631,-26.9064,8.28,23
-48.6579,-26.9068,11.99,23
-48.6574,-26.9066,11.99,23
-48.6583,-26.9069,11.99,23
-48.6645,-26.9074,8.28,23
-48.6649,-26.9072,8.28,23
-48.6644,-26.907,8.28,23
-48.6649,-26.9076,8.28,23
-48.6548,-26.9047,3.75,23
-48.6543,-26.9053,3.75,23
-48.6548,-26.9051,3.75,23
-48.6544,-26.9057,3.75,23
-48.6552,-26.9044,3.75,23
-48.6539,-26.906,3.75,23
-48.6926,-26.9387,6.02,23
-48.6918,-26.9391,6.02,23
-48.6922,-26.9389,6.02,23
-48.6913,-26.939,6.02,23
-48.6918,-26.9387,6.02,23
-48.6905,-26.9394,6.02,23
-48.6909,-26.9392,6.02,23
-48.7516,-26.887,34.25,23
-48.7511,-26.8869,34.25,23
-48.7503,-26.8869,34.25,23
-48.7498,-26.8867,34.25,23
-48.752,-26.8876,34.25,23
-48.7525,-26.8874,34.25,23
-48.7516,-26.8875,34.25,23
-48.752,-26.8872,34.25,23
-48.7511,-26.8873,34.25,23
-48.7507,-26.8871,34.25,23
-48.7463,-26.8861,34.25,23
-48.7467,-26.8863,34.25,23
-48.7459,-26.8863,34.25,23
-48.745,-26.886,34.25,23
-48.7454,-26.8862,34.25,23
-48.7446,-26.8862,34.25,23
-48.7489,-26.8864,34.25,23
-48.7485,-26.8862,34.25,23
-48.7494,-26.8865,34.25,23
-48.7476,-26.8862,34.25,23
-48.7472,-26.8861,34.25,23
-48.7481,-26.8864,34.25,23
-48.7398,-26.8863,34.25,23
-48.7402,-26.8861,34.25,23
-48.738,-26.8868,34.25,23
-48.7389,-26.8864,34.25,23
-48.7393,-26.8861,34.25,23
-48.7393,-26.8866,34.25,23
-48.7385,-26.8866,34.25,23
-48.7424,-26.8862,34.25,23
-48.7428,-26.8859,34.25,23
-48.7419,-26.886,34.25,23
-48.7411,-26.886,34.25,23
-48.7415,-26.8858,34.25,23
-48.7406,-26.8858,34.25,23
-48.7437,-26.8863,34.25,23
-48.7441,-26.886,34.25,23
-48.7432,-26.8861,34.25,23
-48.7415,-26.8862,34.25,23
-48.7376,-26.8867,34.25,23
-48.7565,-26.8894,34.25,23
-48.756,-26.8893,34.25,23
-48.7582,-26.8906,34.25,23
-48.7578,-26.8904,34.25,23
-48.7569,-26.89,34.25,23
-48.7565,-26.8899,34.25,23
-48.7569,-26.8896,34.25,23
-48.7574,-26.8902,34.25,23
-48.7547,-26.8883,34.25,23
-48.7542,-26.8881,34.25,23
-48.7533,-26.8878,34.25,23
-48.7529,-26.8876,34.25,23
-48.7538,-26.8879,34.25,23
-48.7551,-26.8889,34.25,23
-48.7547,-26.8887,34.25,23
-48.7551,-26.8885,34.25,23
-48.7556,-26.8891,34.25,23
-48.7583,-26.891,34.25,23
-48.7587,-26.8908,34.25,23
-48.6438,-26.9549,3.08,23
-48.6438,-26.9553,3.08,23
-48.6434,-26.9552,3.08,23
-48.6429,-26.955,3.08,23
-48.6447,-26.9557,3.08,23
-48.6443,-26.9555,3.08,23
-48.6443,-26.9563,3.08,23
-48.6447,-26.9561,3.08,23
-48.6887,-26.9021,11.31,9
-48.687,-26.9022,6.46,9
-48.6826,-26.9008,7.66,9
-48.683,-26.9006,7.66,9
-48.6852,-26.9011,7.66,9
-48.6848,-26.9009,7.66,9
-48.6839,-26.9005,7.66,9
-48.6839,-26.9009,7.66,9
-48.6843,-26.9007,7.66,9
-48.6835,-26.9008,7.66,9
-48.6866,-26.9037,6.46,9
-48.687,-26.9035,6.46,9
-48.6866,-26.9033,6.46,9
-48.6866,-26.9041,6.46,9
-48.6871,-26.9039,6.46,9
-48.687,-26.9026,6.46,9
-48.687,-26.903,6.46,9
-48.6866,-26.9045,8.55,9
-48.6933,-26.8945,4.37,9
-48.6933,-26.8949,4.37,9
-48.6933,-26.8937,4.37,9
-48.6933,-26.8932,4.37,9
-48.6933,-26.8941,4.37,9
-48.673,-26.9018,5.62,9
-48.6726,-26.9017,5.62,9
-48.6721,-26.9011,5.62,9
-48.6721,-26.9015,5.62,9
-48.6742,-26.899,5.66,9
-48.6738,-26.8989,5.66,9
-48.676,-26.9002,5.66,9
-48.6756,-26.9,5.66,9
-48.6747,-26.8996,5.66,9
-48.6751,-26.8994,5.66,9
-48.6747,-26.8992,5.66,9
-48.6751,-26.8998,5.66,9
-48.6735,-26.9024,5.62,9
-48.673,-26.9023,5.62,9
-48.6735,-26.902,5.62,9
-48.6735,-26.9029,5.62,9
-48.679,-26.8981,1.66,9
-48.6794,-26.8979,1.66,9
-48.6786,-26.8979,1.66,9
-48.6777,-26.898,1.66,9
-48.6781,-26.8982,1.66,9
-48.6773,-26.8982,1.66,9
-48.6916,-26.9095,8.28,9
-48.6833,-26.9085,4.78,9
-48.6921,-26.9096,8.28,9
-48.6912,-26.9097,8.28,9
-48.6908,-26.9095,8.28,9
-48.694,-26.9034,12.69,9
-48.6945,-26.9032,5.53,9
-48.6936,-26.9033,12.69,9
-48.694,-26.903,12.69,9
-48.6941,-26.9039,12.69,9
-48.6945,-26.9036,5.53,9
-48.6936,-26.9037,12.69,9
-48.6944,-26.9024,5.53,9
-48.6945,-26.9028,5.53,9
-48.6936,-26.9024,12.69,9
-48.694,-26.9022,11.77,9
-48.6931,-26.9022,11.31,9
-48.6936,-26.902,11.77,9
-48.6936,-26.9028,12.69,9
-48.694,-26.9026,12.69,9
-48.6941,-26.9043,12.69,9
-48.6941,-26.9047,15.0,9
-48.6949,-26.9034,5.53,9
-48.6949,-26.9038,5.53,9
-48.6936,-26.9041,12.69,9
-48.6936,-26.9045,15.0,9
-48.6909,-26.9022,11.31,9
-48.6914,-26.9024,11.31,9
-48.6905,-26.9024,11.31,9
-48.6896,-26.902,11.31,9
-48.6901,-26.9022,11.31,9
-48.6892,-26.9023,11.31,9
-48.6923,-26.9023,11.31,9
-48.6927,-26.9021,11.31,9
-48.6918,-26.9021,11.31,9
-48.694,-26.9009,12.69,9
-48.6944,-26.9015,5.53,9
-48.694,-26.9014,12.69,9
-48.6944,-26.902,7.4,9
-48.694,-26.9018,12.69,9
-48.6941,-26.9064,17.31,9
-48.6937,-26.9062,17.31,9
-48.6941,-26.9059,17.31,9
-48.6942,-26.9068,17.31,9
-48.6937,-26.9066,17.31,9
-48.6937,-26.9053,15.0,9
-48.6941,-26.9051,15.0,9
-48.6937,-26.9049,15.0,9
-48.6937,-26.9058,17.31,9
-48.6941,-26.9055,17.31,9
-48.6942,-26.9072,17.31,9
-48.6942,-26.9076,17.31,9
-48.6937,-26.907,17.31,9
-48.6937,-26.9074,17.31,9
-48.6776,-26.9091,11.63,9
-48.6776,-26.9095,11.63,9
-48.6777,-26.9099,11.63,9
-48.6793,-26.9056,6.07,9
-48.6784,-26.9057,6.07,9
-48.6788,-26.9054,6.07,9
-48.6797,-26.9054,6.07,9
-48.6775,-26.9057,6.07,9
-48.6779,-26.9055,6.07,9
-48.6801,-26.9056,6.07,9
-48.679,-26.9113,7.99,9
-48.6799,-26.9112,7.99,9
-48.6803,-26.911,7.99,9
-48.6794,-26.9111,7.99,9
-48.6781,-26.9113,7.99,9
-48.6773,-26.9114,11.63,9
-48.6777,-26.9112,7.99,9
-48.6773,-26.9118,11.63,9
-48.6786,-26.9111,7.99,9
-48.6829,-26.9092,4.78,9
-48.6833,-26.9089,4.78,9
-48.6829,-26.9096,4.78,9
-48.6833,-26.9093,4.78,9
-48.6825,-26.9111,7.99,9
-48.6829,-26.9108,7.99,9
-48.6821,-26.9109,7.99,9
-48.6829,-26.91,4.78,9
-48.6812,-26.9109,7.99,9
-48.6816,-26.9111,7.99,9
-48.6808,-26.9112,7.99,9
-48.6772,-26.9093,11.63,9
-48.6772,-26.9097,11.63,9
-48.6772,-26.9106,11.63,9
-48.6777,-26.9103,11.63,9
-48.6772,-26.9102,11.63,9
-48.6773,-26.911,9.81,9
-48.7107,-26.8921,14.11,9
-48.7107,-26.8926,14.11,9
-48.7,-26.8874,7.71,9
-48.7005,-26.888,8.425,9
-48.7009,-26.8877,8.425,9
-48.7001,-26.8878,8.186666666666667,9
-48.6992,-26.8874,9.105,9
-48.6996,-26.8872,7.71,9
-48.6987,-26.8872,10.5,9
-48.6992,-26.887,9.105,9
-48.6996,-26.8876,9.105,9
-48.6978,-26.886,7.71,9
-48.6974,-26.8859,7.71,9
-48.6978,-26.8865,7.71,9
-48.6932,-26.8916,4.37,9
-48.6932,-26.892,4.37,9
-48.6932,-26.8912,4.37,9
-48.6932,-26.8924,4.37,9
-48.6932,-26.8928,4.37,9
-48.7027,-26.888,6.35,9
-48.7018,-26.8881,8.425,9
-48.7022,-26.8879,8.425,9
-48.7014,-26.8879,8.425,9
-48.6983,-26.8862,7.71,9
-48.6987,-26.8868,7.71,9
-48.6983,-26.8866,7.71,9
-48.7112,-26.8952,14.11,9
-48.7112,-26.8957,14.11,9
-48.7106,-26.8905,14.11,9
-48.7106,-26.8909,14.11,9
-48.7111,-26.8906,14.11,9
-48.7111,-26.8915,14.11,9
-48.7107,-26.8913,14.11,9
-48.7111,-26.8911,14.11,9
-48.7111,-26.8919,14.11,9
-48.7107,-26.8917,14.11,9
-48.7107,-26.8934,14.11,9
-48.7112,-26.8932,14.11,9
-48.7107,-26.893,14.11,9
-48.7107,-26.8938,14.11,9
-48.7112,-26.8936,14.11,9
-48.7111,-26.8923,14.11,9
-48.7111,-26.8927,14.11,9
-48.7112,-26.8944,14.11,9
-48.7108,-26.8942,14.11,9
-48.7112,-26.894,14.11,9
-48.7112,-26.8948,14.11,9
-48.7001,-26.9014,17.95,9
-48.6565,-26.9037,6.75,9
-48.6569,-26.9035,6.75,9
-48.656,-26.904,6.75,9
-48.6969,-26.8857,7.71,9
-48.6778,-26.9153,11.67,9
-48.7003,-26.9089,17.845,9
-48.7008,-26.9087,17.845,9
-48.7003,-26.9085,17.845,9
-48.7004,-26.9093,17.845,9
-48.7008,-26.9091,17.845,9
-48.7008,-26.9082,17.845,9
-48.7003,-26.9076,17.845,9
-48.7003,-26.9081,17.845,9
-48.7008,-26.9099,17.95,9
-48.7004,-26.9097,17.95,9
-48.7008,-26.9095,17.95,9
-48.7008,-26.9103,17.95,9
-48.7004,-26.9102,17.95,9
-48.6942,-26.9093,11.843333333333332,9
-48.6938,-26.9091,13.625,9
-48.6942,-26.9089,17.31,9
-48.6947,-26.9095,8.28,9
-48.6938,-26.9095,11.843333333333332,9
-48.6929,-26.9096,8.28,9
-48.6934,-26.9093,8.28,9
-48.6925,-26.9094,8.28,9
-48.6938,-26.9083,17.31,9
-48.6942,-26.908,17.31,9
-48.6938,-26.9079,17.31,9
-48.6938,-26.9087,17.31,9
-48.6942,-26.9085,17.31,9
-48.6951,-26.9092,8.28,9
-48.6938,-26.9099,13.625,9
-48.6938,-26.9104,13.625,9
-48.7004,-26.9118,17.95,9
-48.7009,-26.9116,17.95,9
-48.7004,-26.9114,17.95,9
-48.7005,-26.9122,17.95,9
-48.7009,-26.912,17.95,9
-48.7008,-26.9108,17.95,9
-48.7009,-26.9112,17.95,9
-48.7004,-26.9106,17.95,9
-48.7004,-26.911,17.95,9
-48.7009,-26.9128,17.95,9
-48.7005,-26.9127,17.95,9
-48.7009,-26.9124,17.95,9
-48.7009,-26.9133,17.95,9
-48.7005,-26.9131,17.95,9
-48.6939,-26.912,13.625,9
-48.6939,-26.9124,13.625,9
-48.6939,-26.9112,13.625,9
-48.6939,-26.9108,13.625,9
-48.6939,-26.9116,13.625,9
-48.6939,-26.9129,13.625,9
-48.6939,-26.9133,13.625,9
-48.7001,-26.9031,17.845,9
-48.7001,-26.9026,17.845,9
-48.7002,-26.9035,17.845,9
-48.7001,-26.9018,17.845,9
-48.7001,-26.9022,17.845,9
-48.7002,-26.9039,17.845,9
-48.7002,-26.9043,17.845,9
-48.7002,-26.906,17.845,9
-48.7002,-26.9056,17.845,9
-48.7003,-26.9064,17.845,9
-48.7002,-26.9047,17.845,9
-48.7002,-26.9051,17.845,9
-48.7003,-26.9068,17.845,9
-48.7003,-26.9072,17.845,9
-48.7063,-26.9175,12.77,9
-48.7054,-26.9172,12.77,9
-48.705,-26.917,12.77,9
-48.7059,-26.9173,12.77,9
-48.7015,-26.9168,6.36,9
-48.7019,-26.9165,6.36,9
-48.701,-26.9166,6.36,9
-48.7037,-26.9164,12.77,9
-48.7019,-26.9157,6.36,9
-48.7023,-26.9163,12.77,9
-48.7019,-26.9161,9.565,9
-48.7041,-26.917,12.77,9
-48.7045,-26.9168,12.77,9
-48.7037,-26.9168,12.77,9
-48.7041,-26.9166,12.77,9
-48.7032,-26.9167,12.77,9
-48.7028,-26.9165,12.77,9
-48.7005,-26.9135,17.95,9
-48.7014,-26.9155,6.36,9
-48.701,-26.9153,6.36,9
-48.6642,-26.9139,8.975,9
-48.6638,-26.9137,8.975,9
-48.6651,-26.913,4.35,9
-48.6647,-26.9137,4.35,9
-48.6651,-26.9134,4.35,9
-48.6642,-26.9135,8.975,9
-48.6633,-26.9131,8.975,9
-48.6629,-26.9129,8.975,9
-48.6638,-26.9133,8.975,9
-48.6656,-26.914,4.56,9
-48.6647,-26.9141,7.433333333333333,9
-48.6651,-26.9147,4.56,9
-48.6656,-26.9144,4.56,9
-48.6655,-26.9128,4.35,9
-48.6655,-26.9132,4.35,9
-48.666,-26.9138,4.56,9
-48.6664,-26.9136,4.56,9
-48.662,-26.9122,8.975,9
-48.6646,-26.9103,9.26,9
-48.6645,-26.9099,9.26,9
-48.665,-26.9105,9.26,9
-48.665,-26.9109,9.26,9
-48.6629,-26.9125,8.975,9
-48.6624,-26.9123,8.975,9
-48.6697,-26.9079,16.45,9
-48.6702,-26.9077,16.45,9
-48.6693,-26.9077,11.8775,9
-48.6702,-26.9081,16.45,9
-48.6693,-26.9081,11.8775,9
-48.6693,-26.9073,11.8775,9
-48.6702,-26.9089,16.45,9
-48.6702,-26.9085,16.45,9
-48.6702,-26.9093,16.45,9
-48.6693,-26.9086,11.8775,9
-48.6693,-26.909,11.8775,9
-48.6727,-26.9067,8.2,9
-48.6728,-26.9071,8.2,9
-48.6728,-26.9075,8.2,9
-48.6658,-26.9079,10.33,9
-48.6653,-26.9078,10.33,9
-48.6698,-26.9108,11.8775,9
-48.6703,-26.9106,16.45,9
-48.6694,-26.9106,11.8775,9
-48.6698,-26.9104,11.8775,9
-48.6698,-26.9112,11.8775,9
-48.6703,-26.911,16.45,9
-48.6694,-26.9111,11.8775,9
-48.6702,-26.9098,16.45,9
-48.6702,-26.9102,16.45,9
-48.6685,-26.9107,3.46,9
-48.6681,-26.9105,3.46,9
-48.6694,-26.9098,11.8775,9
-48.6698,-26.9096,11.8775,9
-48.6693,-26.9094,11.8775,9
-48.6694,-26.9102,11.8775,9
-48.6698,-26.91,11.8775,9
-48.6703,-26.9118,16.45,9
-48.6707,-26.9116,16.45,9
-48.6699,-26.9117,11.8775,9
-48.6703,-26.9114,16.45,9
-48.6703,-26.9123,16.45,9
-48.6707,-26.912,16.45,9
-48.6699,-26.9121,11.8775,9
-48.6728,-26.9092,8.2,9
-48.6733,-26.9089,8.2,9
-48.6728,-26.9088,8.2,9
-48.6728,-26.9096,8.2,9
-48.6733,-26.9094,8.2,9
-48.6728,-26.9079,8.2,9
-48.6728,-26.9083,8.2,9
-48.6667,-26.9096,3.46,9
-48.6663,-26.9094,3.46,9
-48.6667,-26.9091,3.46,9
-48.6672,-26.9097,3.46,9
-48.6662,-26.9085,10.33,9
-48.6658,-26.9084,10.33,9
-48.6663,-26.909,3.46,9
-48.6658,-26.9088,3.46,9
-48.6676,-26.9103,3.46,9
-48.6676,-26.9099,3.46,9
-48.6551,-26.9147,3.89,9
-48.6555,-26.9144,3.89,9
-48.6547,-26.9158,3.89,9
-48.6551,-26.9151,3.89,9
-48.6555,-26.9149,3.89,9
-48.6551,-26.9155,3.89,9
-48.664,-26.9068,10.33,9
-48.6636,-26.9066,10.33,9
-48.6631,-26.906,10.33,9
-48.6631,-26.9064,10.33,9
-48.6632,-26.9081,9.26,9
-48.6636,-26.9087,9.26,9
-48.6632,-26.9085,9.26,9
-48.6645,-26.9074,10.33,9
-48.6649,-26.9072,10.33,9
-48.6644,-26.907,10.33,9
-48.6649,-26.9076,10.33,9
-48.6627,-26.9079,9.26,9
-48.6641,-26.9093,9.26,9
-48.6636,-26.9091,9.26,9
-48.6641,-26.9097,9.26,9
-48.6654,-26.9082,3.46,9
-48.6654,-26.9086,3.46,9
-48.6579,-26.9084,8.81,9
-48.6575,-26.9083,8.81,9
-48.6584,-26.9082,8.81,9
-48.6579,-26.908,8.81,9
-48.6571,-26.9081,8.81,9
-48.6566,-26.9079,8.81,9
-48.6584,-26.9086,8.81,9
-48.673,-26.9154,11.67,9
-48.6735,-26.9156,11.67,9
-48.6739,-26.9162,9.69,9
-48.6744,-26.9156,11.67,9
-48.6748,-26.9153,11.67,9
-48.6739,-26.9154,11.67,9
-48.6726,-26.9157,11.67,9
-48.6717,-26.9157,11.67,9
-48.6722,-26.9155,11.67,9
-48.6773,-26.9122,11.63,9
-48.6773,-26.9127,11.63,9
-48.6708,-26.9129,16.45,9
-48.6703,-26.9127,16.45,9
-48.6708,-26.9124,16.45,9
-48.6708,-26.9133,16.45,9
-48.6708,-26.9137,16.45,9
-48.6708,-26.9141,16.45,9
-48.6766,-26.916,9.69,9
-48.6757,-26.9161,9.69,9
-48.6761,-26.9159,9.69,9
-48.677,-26.9154,11.67,9
-48.6774,-26.9152,11.67,9
-48.6765,-26.9152,11.67,9
-48.677,-26.9158,9.69,9
-48.6748,-26.9162,9.69,9
-48.6752,-26.9159,9.69,9
-48.6744,-26.916,9.69,9
-48.6757,-26.9153,11.67,9
-48.6761,-26.9155,11.67,9
-48.6752,-26.9155,11.67,9
-48.6709,-26.9158,11.67,9
-48.6713,-26.9155,11.67,9
-48.6535,-26.9202,0.53,9
-48.7274,-26.8578,35.63,9
-48.7274,-26.8582,35.63,9
-48.7275,-26.8591,35.63,9
-48.7274,-26.8586,35.63,9
-48.7275,-26.8595,35.63,9
-48.7274,-26.857,26.05,9
-48.7274,-26.8574,26.05,9
-48.7269,-26.8551,26.05,9
-48.7269,-26.8547,26.05,9
-48.7269,-26.8555,26.05,9
-48.7269,-26.8568,26.05,9
-48.727,-26.8572,26.05,9
-48.7269,-26.856,26.05,9
-48.7274,-26.8566,26.05,9
-48.7269,-26.8564,26.05,9
-48.7279,-26.8601,35.63,9
-48.7275,-26.8599,35.63,9
-48.7279,-26.8597,35.63,9
-48.7279,-26.8605,35.63,9
-48.7284,-26.8611,35.63,9
-48.728,-26.8609,35.63,9
-48.7284,-26.8615,35.63,9
-48.728,-26.8613,35.63,9
-48.7264,-26.8528,16.47,9
-48.7264,-26.8533,16.47,9
-48.7263,-26.852,16.47,9
-48.7264,-26.8524,16.47,9
-48.7264,-26.8541,26.05,9
-48.7268,-26.8539,16.47,9
-48.7264,-26.8537,16.47,9
-48.7264,-26.8545,26.05,9
-48.7269,-26.8543,26.05,9
-48.7294,-26.866,35.63,9
-48.7299,-26.8658,35.63,9
-48.7294,-26.8656,35.63,9
-48.7299,-26.8662,35.63,9
-48.7294,-26.8648,35.63,9
-48.7294,-26.8652,35.63,9
-48.7299,-26.8671,35.63,9
-48.7299,-26.8666,35.63,9
-48.7299,-26.8675,35.63,9
-48.7289,-26.8629,35.63,9
-48.7289,-26.8634,35.63,9
-48.7285,-26.8628,35.63,9
-48.7284,-26.8619,35.63,9
-48.7289,-26.8625,35.63,9
-48.7284,-26.8623,35.63,9
-48.7294,-26.8644,35.63,9
-48.7289,-26.8638,35.63,9
-48.7289,-26.8642,35.63,9
-48.7296,-26.869,35.63,9
-48.73,-26.8687,35.63,9
-48.7295,-26.8686,35.63,9
-48.7296,-26.8694,34.295,9
-48.73,-26.8692,35.63,9
-48.73,-26.8679,35.63,9
-48.73,-26.8683,35.63,9
-48.7296,-26.8698,34.295,9
-48.7296,-26.8702,34.295,9
-48.7255,-26.8793,32.96,9
-48.726,-26.879,32.96,9
-48.7256,-26.8797,32.96,9
-48.7259,-26.8782,32.96,9
-48.7264,-26.878,32.96,9
-48.726,-26.8786,32.96,9
-48.7256,-26.8801,32.96,9
-48.7229,-26.8778,12.98,9
-48.7233,-26.8771,12.98,9
-48.7237,-26.8769,12.98,9
-48.7233,-26.8775,12.98,9
-48.7237,-26.8773,12.98,9
-48.7268,-26.8765,34.295,9
-48.7272,-26.8762,34.295,9
-48.7267,-26.8761,34.295,9
-48.7268,-26.8769,32.96,9
-48.7272,-26.8754,34.295,9
-48.7276,-26.8752,34.295,9
-48.7272,-26.8758,34.295,9
-48.725,-26.8762,12.98,9
-48.7258,-26.8753,12.98,9
-48.7263,-26.8771,32.96,9
-48.7264,-26.8775,32.96,9
-48.7251,-26.8799,32.96,9
-48.7251,-26.8803,32.96,9
-48.7243,-26.8821,32.96,9
-48.7248,-26.8818,32.96,9
-48.7243,-26.8825,32.96,9
-48.7247,-26.881,32.96,9
-48.7252,-26.8808,32.96,9
-48.7247,-26.8814,32.96,9
-48.7288,-26.8715,34.295,9
-48.7284,-26.8722,34.295,9
-48.7288,-26.872,34.295,9
-48.7292,-26.8709,34.295,9
-48.7292,-26.8705,34.295,9
-48.7292,-26.8713,34.295,9
-48.7284,-26.8726,34.295,9
-48.7284,-26.873,34.295,9
-48.7245,-26.876,12.98,9
-48.7241,-26.8766,12.98,9
-48.7246,-26.8764,12.98,9
-48.7254,-26.8751,12.98,9
-48.725,-26.8757,12.98,9
-48.7254,-26.8755,12.98,9
-48.7266,-26.8736,12.98,9
-48.7271,-26.8733,12.98,9
-48.7267,-26.874,12.98,9
-48.7276,-26.8743,34.295,9
-48.7271,-26.875,34.295,9
-48.7276,-26.8747,34.295,9
-48.728,-26.8737,34.295,9
-48.728,-26.8733,34.295,9
-48.728,-26.8741,34.295,9
-48.7262,-26.8742,12.98,9
-48.7258,-26.8749,12.98,9
-48.7262,-26.8746,12.98,9
-48.724,-26.884,32.96,9
-48.7235,-26.8838,32.96,9
-48.7239,-26.8836,32.96,9
-48.7235,-26.8842,32.96,9
-48.7244,-26.8829,32.96,9
-48.7239,-26.8831,32.96,9
-48.722,-26.8897,3.225,9
-48.6548,-26.9047,6.75,9
-48.6543,-26.9053,6.75,9
-48.6548,-26.9051,6.75,9
-48.6544,-26.9057,6.75,9
-48.6552,-26.9044,6.75,9
-48.6556,-26.9042,6.75,9
-48.6544,-26.9074,8.81,9
-48.6548,-26.9072,8.81,9
-48.6549,-26.9076,8.81,9
-48.6539,-26.906,6.75,9
-48.6557,-26.9075,8.81,9
-48.6553,-26.9073,8.81,9
-48.6562,-26.9077,8.81,9
-48.6553,-26.9078,8.81,9
-48.6956,-26.9366,6.29,9
-48.696,-26.9364,6.29,9
-48.6956,-26.9362,6.29,9
-48.6978,-26.9371,6.29,9
-48.6969,-26.9367,6.29,9
-48.6965,-26.9365,6.29,9
-48.6974,-26.9369,6.29,9
-48.751,-26.9069,17.32,9
-48.7509,-26.9065,17.32,9
-48.751,-26.9074,17.32,9
-48.7523,-26.9079,17.32,9
-48.7528,-26.9085,17.32,9
-48.7523,-26.9083,17.32,9
-48.7514,-26.908,17.32,9
-48.7519,-26.9077,17.32,9
-48.7514,-26.9075,17.32,9
-48.75,-26.9049,17.32,9
-48.7496,-26.9047,17.32,9
-48.75,-26.9053,17.32,9
-48.7505,-26.9051,17.32,9
-48.7496,-26.9052,17.32,9
-48.7487,-26.9048,17.32,9
-48.7482,-26.9046,17.32,9
-48.7487,-26.9044,17.32,9
-48.7491,-26.905,17.32,9
-48.7509,-26.9057,17.32,9
-48.7505,-26.9055,17.32,9
-48.7509,-26.9061,17.32,9
-48.7532,-26.9091,17.32,9
-48.7528,-26.9089,17.32,9
-48.7532,-26.9095,17.32,9
-48.7532,-26.9099,17.32,9
-48.7533,-26.9104,17.32,9
-48.7509,-26.9053,17.32,9
-48.7469,-26.9036,17.32,9
-48.7469,-26.9041,17.32,9
-48.7465,-26.9039,17.32,9
-48.7447,-26.904,17.32,9
-48.7456,-26.9039,17.32,9
-48.746,-26.9037,17.32,9
-48.7452,-26.9038,17.32,9
-48.7474,-26.9042,17.32,9
-48.7482,-26.9042,17.32,9
-48.7478,-26.904,17.32,9
-48.7438,-26.9028,17.32,9
-48.7443,-26.9034,17.32,9
-48.7438,-26.9032,17.32,9
-48.7443,-26.9038,17.32,9
-48.7189,-26.9017,12.16,9
-48.7189,-26.9021,12.16,9
-48.7194,-26.9027,12.16,9
-48.7194,-26.9031,12.16,9
-48.7193,-26.9018,12.16,9
-48.7193,-26.9023,12.16,9
-48.7216,-26.8904,3.225,9
-48.722,-26.8902,3.225,9
-48.7216,-26.8908,3.225,9
-48.7194,-26.9039,12.16,9
-48.7194,-26.9035,12.16,9
-48.7194,-26.9043,12.16,9
-48.7195,-26.9056,12.16,9
-48.7195,-26.906,12.16,9
-48.7194,-26.9048,12.16,9
-48.7194,-26.9052,12.16,9
-48.7191,-26.9075,12.16,9
-48.7191,-26.9079,12.16,9
-48.7195,-26.9069,12.16,9
-48.7195,-26.9064,12.16,9
-48.7195,-26.9073,12.16,9
-48.7191,-26.9088,12.16,9
-48.7196,-26.9085,12.16,9
-48.7191,-26.9083,12.16,9
-48.7196,-26.9089,12.16,9
-48.7195,-26.9077,12.16,9
-48.7195,-26.9081,12.16,9
-48.7516,-26.887,31.525,9
-48.7511,-26.8869,31.525,9
-48.7502,-26.8865,28.06,9
-48.7498,-26.8863,28.06,9
-48.7503,-26.8869,31.525,9
-48.7498,-26.8867,31.525,9
-48.752,-26.8876,31.525,9
-48.7525,-26.8874,31.525,9
-48.7516,-26.8875,31.525,9
-48.752,-26.8872,31.525,9
-48.7511,-26.8873,31.525,9
-48.7507,-26.8871,31.525,9
-48.7463,-26.8861,34.99,9
-48.7467,-26.8863,34.99,9
-48.7459,-26.8863,34.99,9
-48.745,-26.886,34.99,9
-48.7454,-26.8862,34.99,9
-48.7446,-26.8862,34.99,9
-48.7489,-26.8864,34.99,9
-48.7485,-26.8862,34.99,9
-48.7494,-26.8865,31.525,9
-48.7476,-26.8862,34.99,9
-48.7472,-26.8861,34.99,9
-48.7481,-26.8864,34.99,9
-48.7398,-26.8863,34.99,9
-48.7402,-26.8861,34.99,9
-48.738,-26.8868,34.99,9
-48.7389,-26.8864,34.99,9
-48.7393,-26.8861,34.99,9
-48.7393,-26.8866,34.99,9
-48.7385,-26.8866,34.99,9
-48.7424,-26.8862,34.99,9
-48.7428,-26.8859,34.99,9
-48.7419,-26.886,34.99,9
-48.7411,-26.886,34.99,9
-48.7415,-26.8858,34.99,9
-48.7406,-26.8858,34.99,9
-48.7437,-26.8863,34.99,9
-48.7441,-26.886,34.99,9
-48.7432,-26.8861,34.99,9
-48.7415,-26.8862,34.99,9
-48.7565,-26.8894,26.74,9
-48.756,-26.8893,26.74,9
-48.7582,-26.8906,26.74,9
-48.7578,-26.8904,26.74,9
-48.7569,-26.89,26.74,9
-48.7565,-26.8899,26.74,9
-48.7569,-26.8896,26.74,9
-48.7574,-26.8902,26.74,9
-48.7547,-26.8883,26.74,9
-48.7542,-26.8881,26.74,9
-48.7533,-26.8878,26.74,9
-48.7529,-26.8876,31.525,9
-48.7538,-26.8879,26.74,9
-48.7551,-26.8889,26.74,9
-48.7547,-26.8887,26.74,9
-48.7551,-26.8885,26.74,9
-48.7556,-26.8891,26.74,9
-48.7587,-26.8912,17.17,9
-48.7583,-26.891,26.74,9
-48.7587,-26.8908,26.74,9
-48.7592,-26.8914,17.17,9
-48.7596,-26.8915,17.17,9
-48.6304,-26.9478,9.7,9
-48.6305,-26.9482,9.7,9
-48.6309,-26.948,9.7,9
-48.6522,-26.9193,0.53,9
-48.6518,-26.9191,0.53,9
-48.6513,-26.9189,0.53,9
-48.6527,-26.9199,0.53,9
-48.6522,-26.9197,0.53,9
-48.6526,-26.9194,0.53,9
-48.6531,-26.92,0.53,9
-48.6536,-26.9206,0.53,9
-48.6531,-26.9205,0.53,9
-48.6525,-26.9276,10.25,9
-48.6529,-26.9274,10.25,9
-48.6525,-26.928,10.25,9
-48.6533,-26.9267,10.25,9
-48.6538,-26.9265,10.25,9
-48.6533,-26.9271,10.25,9
-48.6538,-26.9269,10.25,9
-48.6546,-26.9256,10.25,9
-48.6542,-26.9262,10.25,9
-48.6546,-26.926,10.25,9
-48.6452,-26.958,4.24,9
-48.631,-26.9497,9.7,9
-48.631,-26.9501,9.7,9
-48.6305,-26.9495,9.7,9
-48.6305,-26.9499,9.7,9
-48.6309,-26.9488,9.7,9
-48.6305,-26.9486,9.7,9
-48.6309,-26.9484,9.7,9
-48.6309,-26.9492,9.7,9
-48.6305,-26.9491,9.7,9
-48.6305,-26.9507,9.7,9
-48.631,-26.9505,9.7,9
-48.6305,-26.9503,9.7,9
-48.631,-26.9509,9.7,9
-48.631,-26.9513,9.7,9
-48.6857,-26.9017,3.33,15
-48.6857,-26.9013,3.33,15
-48.6861,-26.9018,5.485,15
-48.6883,-26.9023,7.64,15
-48.6887,-26.9021,5.985,15
-48.6879,-26.9022,7.64,15
-48.687,-26.9022,3.152,15
-48.6874,-26.902,7.64,15
-48.6866,-26.902,7.64,15
-48.6817,-26.9009,5.33,15
-48.6826,-26.9008,5.6425,15
-48.683,-26.9006,6.58,15
-48.6821,-26.9006,5.33,15
-48.6808,-26.9009,5.33,15
-48.6804,-26.9007,5.33,15
-48.6813,-26.9007,5.33,15
-48.6852,-26.9011,4.955,15
-48.6848,-26.9009,6.58,15
-48.6839,-26.9005,6.58,15
-48.6839,-26.9009,6.58,15
-48.6843,-26.9007,6.58,15
-48.6835,-26.9008,6.58,15
-48.6888,-26.9029,4.33,15
-48.6888,-26.9025,4.33,15
-48.6888,-26.9034,4.33,15
-48.6866,-26.9037,2.03,15
-48.687,-26.9035,2.03,15
-48.6866,-26.9033,2.03,15
-48.687,-26.9026,2.03,15
-48.687,-26.903,2.03,15
-48.6888,-26.9038,4.33,15
-48.6823,-26.9052,9.81,15
-48.6827,-26.905,9.81,15
-48.6823,-26.9056,9.81,15
-48.6751,-26.8986,9.9,15
-48.6751,-26.899,9.9,15
-48.6746,-26.8984,9.9,15
-48.6742,-26.8982,9.9,15
-48.6775,-26.9045,11.585,15
-48.6775,-26.9049,11.585,15
-48.6779,-26.9043,11.585,15
-48.6709,-26.903,8.62,15
-48.6713,-26.9036,8.62,15
-48.6709,-26.9034,8.62,15
-48.6713,-26.904,8.62,15
-48.6881,-26.9097,5.41,15
-48.6886,-26.9094,5.41,15
-48.6877,-26.9095,5.41,15
-48.6868,-26.9095,5.41,15
-48.6873,-26.9097,5.41,15
-48.6864,-26.9098,5.41,15
-48.6899,-26.9096,5.41,15
-48.689,-26.9096,5.41,15
-48.6894,-26.9094,5.41,15
-48.6916,-26.9095,5.41,15
-48.6907,-26.9091,4.92,15
-48.6833,-26.9081,9.81,15
-48.6833,-26.9085,9.81,15
-48.6859,-26.9096,5.41,15
-48.6886,-26.9115,8.985,15
-48.6886,-26.9119,8.985,15
-48.6878,-26.9116,8.985,15
-48.6873,-26.9114,8.985,15
-48.6882,-26.9118,8.985,15
-48.6912,-26.9109,1.69,15
-48.6908,-26.9108,5.555,15
-48.6917,-26.9111,1.69,15
-48.6908,-26.9112,4.266666666666667,15
-48.6921,-26.9096,5.41,15
-48.6908,-26.9099,4.92,15
-48.6912,-26.9097,5.41,15
-48.6903,-26.9097,5.41,15
-48.6908,-26.9095,5.165,15
-48.6908,-26.9103,5.555,15
-48.6926,-26.9111,1.69,15
-48.6921,-26.9113,1.69,15
-48.6908,-26.9116,5.555,15
-48.6908,-26.912,5.555,15
-48.6851,-26.9109,11.96,15
-48.686,-26.9109,11.96,15
-48.6855,-26.9107,11.96,15
-48.6847,-26.9103,11.96,15
-48.6842,-26.9101,11.96,15
-48.6847,-26.9107,11.96,15
-48.6851,-26.9105,11.96,15
-48.6842,-26.9105,11.96,15
-48.6869,-26.9112,8.985,15
-48.6864,-26.911,11.96,15
-48.694,-26.9022,8.74,15
-48.6931,-26.9022,8.74,15
-48.6936,-26.902,8.74,15
-48.6909,-26.9022,8.74,15
-48.6914,-26.9024,8.74,15
-48.6905,-26.9024,8.74,15
-48.6923,-26.9023,8.74,15
-48.6927,-26.9021,8.74,15
-48.6918,-26.9021,8.74,15
-48.6776,-26.9087,10.23,15
-48.6776,-26.9082,11.585,15
-48.6776,-26.9091,8.72,15
-48.6794,-26.9102,11.7,15
-48.6798,-26.91,11.7,15
-48.679,-26.91,11.7,15
-48.6776,-26.9095,8.72,15
-48.6781,-26.9101,11.7,15
-48.6777,-26.9099,8.72,15
-48.6828,-26.9062,9.81,15
-48.6828,-26.9058,9.81,15
-48.6828,-26.9067,9.81,15
-48.6832,-26.9064,9.81,15
-48.6832,-26.9073,9.81,15
-48.6832,-26.9068,9.81,15
-48.6833,-26.9077,9.81,15
-48.6837,-26.9074,9.81,15
-48.6758,-26.9075,11.405,15
-48.6758,-26.9079,11.405,15
-48.6763,-26.9077,11.405,15
-48.6754,-26.9078,11.405,15
-48.6745,-26.9074,11.405,15
-48.6741,-26.9072,11.405,15
-48.675,-26.9076,11.405,15
-48.6767,-26.9083,11.405,15
-48.6763,-26.9081,11.405,15
-48.6776,-26.9074,11.585,15
-48.6772,-26.9081,11.405,15
-48.6776,-26.9078,11.585,15
-48.6767,-26.9079,11.405,15
-48.6793,-26.9056,6.06,15
-48.6784,-26.9057,6.06,15
-48.6788,-26.9054,6.06,15
-48.6797,-26.9054,6.06,15
-48.6775,-26.9057,8.27,15
-48.6779,-26.9055,6.06,15
-48.6775,-26.9053,11.585,15
-48.6775,-26.9062,11.585,15
-48.6779,-26.9047,11.585,15
-48.6779,-26.9051,11.585,15
-48.6801,-26.9056,6.06,15
-48.6775,-26.9066,11.585,15
-48.6776,-26.907,11.585,15
-48.6773,-26.9114,8.72,15
-48.6773,-26.9118,8.72,15
-48.6785,-26.9103,11.7,15
-48.682,-26.9101,11.7,15
-48.6825,-26.9098,11.7,15
-48.6816,-26.9099,11.7,15
-48.6829,-26.9092,9.81,15
-48.6833,-26.9089,9.81,15
-48.6829,-26.9096,9.81,15
-48.6833,-26.9093,9.81,15
-48.6807,-26.9099,11.7,15
-48.6812,-26.9101,11.7,15
-48.6803,-26.9102,11.7,15
-48.6833,-26.9102,11.96,15
-48.6829,-26.91,11.96,15
-48.6838,-26.9104,11.96,15
-48.6772,-26.9093,8.72,15
-48.6772,-26.9097,8.72,15
-48.6772,-26.9106,8.72,15
-48.6777,-26.9103,9.713333333333333,15
-48.6772,-26.9102,9.713333333333333,15
-48.6773,-26.911,8.72,15
-48.7001,-26.8882,9.87,15
-48.7001,-26.8886,9.87,15
-48.7005,-26.8876,13.55,15
-48.7009,-26.8873,13.55,15
-48.7005,-26.8871,13.55,15
-48.7005,-26.888,6.55,15
-48.7009,-26.8877,8.883333333333333,15
-48.7001,-26.8878,7.656666666666666,15
-48.7001,-26.8895,9.87,15
-48.7001,-26.889,9.87,15
-48.7001,-26.8899,9.87,15
-48.6978,-26.886,7.355,15
-48.6974,-26.8859,7.355,15
-48.6978,-26.8865,7.355,15
-48.7002,-26.8911,9.87,15
-48.7006,-26.8905,9.87,15
-48.7001,-26.8903,9.87,15
-48.7006,-26.8909,9.87,15
-48.7002,-26.8907,9.87,15
-48.7003,-26.8834,13.55,15
-48.7004,-26.8838,13.55,15
-48.7009,-26.8865,13.55,15
-48.7009,-26.8869,13.55,15
-48.7027,-26.888,6.55,15
-48.7018,-26.8881,6.55,15
-48.7022,-26.8879,6.55,15
-48.7014,-26.8879,6.55,15
-48.7004,-26.8846,13.55,15
-48.7004,-26.8842,13.55,15
-48.7004,-26.885,13.55,15
-48.7008,-26.8848,13.55,15
-48.7004,-26.8863,13.55,15
-48.7005,-26.8867,13.55,15
-48.7009,-26.8856,13.55,15
-48.7004,-26.8855,13.55,15
-48.7008,-26.8852,13.55,15
-48.7009,-26.8861,13.55,15
-48.7004,-26.8859,13.55,15
-48.6983,-26.8862,7.355,15
-48.715,-26.8914,21.57,15
-48.7159,-26.8914,21.57,15
-48.7163,-26.8912,21.57,15
-48.7155,-26.8912,21.57,15
-48.7137,-26.8913,21.57,15
-48.7146,-26.8913,21.57,15
-48.7141,-26.8911,21.57,15
-48.7181,-26.891,21.57,15
-48.7185,-26.8908,21.57,15
-48.7194,-26.8908,21.57,15
-48.7198,-26.8905,21.57,15
-48.7189,-26.8906,21.57,15
-48.7172,-26.8911,21.57,15
-48.7176,-26.8909,21.57,15
-48.7168,-26.8913,21.57,15
-48.7119,-26.8906,21.57,15
-48.7115,-26.8904,21.57,15
-48.7124,-26.8908,21.57,15
-48.7115,-26.8908,21.57,15
-48.7111,-26.8902,21.57,15
-48.7111,-26.8906,21.57,15
-48.7133,-26.8911,21.57,15
-48.7137,-26.8909,21.57,15
-48.7128,-26.891,21.57,15
-48.7199,-26.893,14.03,15
-48.7195,-26.8937,17.12,15
-48.7199,-26.8934,14.03,15
-48.67,-26.9018,8.62,15
-48.6695,-26.9016,8.62,15
-48.6691,-26.901,8.62,15
-48.6695,-26.9012,8.62,15
-48.6704,-26.902,8.62,15
-48.6709,-26.9026,8.62,15
-48.6704,-26.9024,8.62,15
-48.6729,-26.8972,9.9,15
-48.6733,-26.897,9.9,15
-48.6728,-26.8968,9.9,15
-48.6737,-26.8976,9.9,15
-48.6733,-26.8974,9.9,15
-48.6742,-26.8978,9.9,15
-48.6578,-26.903,10.47,15
-48.6586,-26.9034,10.47,15
-48.6582,-26.9032,10.47,15
-48.6565,-26.9037,7.55,15
-48.6569,-26.9035,7.55,15
-48.656,-26.904,7.55,15
-48.6891,-26.8874,12.65,15
-48.6895,-26.8872,12.65,15
-48.6887,-26.8873,12.65,15
-48.6891,-26.887,12.65,15
-48.69,-26.8865,12.65,15
-48.6904,-26.8863,12.65,15
-48.6895,-26.8868,12.65,15
-48.6933,-26.883,7.36,15
-48.6933,-26.8826,7.36,15
-48.6933,-26.8834,9.306666666666667,15
-48.6933,-26.8817,7.36,15
-48.6933,-26.8821,7.36,15
-48.6942,-26.8838,13.23,15
-48.6934,-26.8838,9.9625,15
-48.6938,-26.8836,13.23,15
-48.6947,-26.8835,13.23,15
-48.6942,-26.8833,13.23,15
-48.6925,-26.8839,9.9625,15
-48.6929,-26.8836,9.9625,15
-48.6921,-26.8841,9.9625,15
-48.6946,-26.881,4.7,15
-48.6946,-26.8814,4.7,15
-48.6945,-26.8789,4.7,15
-48.6945,-26.8793,4.7,15
-48.6933,-26.8813,7.36,15
-48.6945,-26.8802,4.7,15
-48.6945,-26.8798,4.7,15
-48.6946,-26.8806,4.7,15
-48.6951,-26.8841,13.23,15
-48.6947,-26.8839,13.23,15
-48.6956,-26.8843,13.23,15
-48.6969,-26.8853,7.355,15
-48.6965,-26.8851,7.355,15
-48.6969,-26.8857,7.355,15
-48.696,-26.8849,7.355,15
-48.6908,-26.8857,12.65,15
-48.6912,-26.8854,12.65,15
-48.6904,-26.8859,12.65,15
-48.6916,-26.8848,9.9625,15
-48.6916,-26.8843,9.9625,15
-48.6912,-26.885,12.65,15
-48.6804,-26.8876,6.79,15
-48.6804,-26.888,6.79,15
-48.6813,-26.8896,6.79,15
-48.6813,-26.8892,6.79,15
-48.6813,-26.89,6.79,15
-48.6809,-26.8886,6.79,15
-48.6808,-26.8882,6.79,15
-48.6809,-26.889,6.79,15
-48.6818,-26.8902,6.79,15
-48.6931,-26.915,9.1,15
-48.6936,-26.9148,9.1,15
-48.6931,-26.9146,9.1,15
-48.6931,-26.9154,9.1,15
-48.6936,-26.9152,9.1,15
-48.6935,-26.9139,9.1,15
-48.6935,-26.9143,9.1,15
-48.6936,-26.916,11.84,15
-48.6932,-26.9158,11.84,15
-48.6936,-26.9156,9.1,15
-48.6936,-26.9164,11.84,15
-48.6909,-26.9124,5.555,15
-48.6931,-26.9138,9.1,15
-48.6931,-26.9142,9.1,15
-48.6937,-26.9177,11.84,15
-48.6937,-26.9181,11.84,15
-48.6936,-26.9169,11.84,15
-48.6936,-26.9173,11.84,15
-48.6943,-26.9237,8.45,15
-48.6943,-26.9241,8.45,15
-48.6943,-26.9233,8.45,15
-48.6943,-26.9245,8.45,15
-48.6943,-26.925,8.45,15
-48.6977,-26.9222,12.01,15
-48.6973,-26.9221,12.01,15
-48.6977,-26.9218,12.01,15
-48.6978,-26.9227,12.01,15
-48.6973,-26.9212,12.01,15
-48.6973,-26.9208,12.01,15
-48.6973,-26.9216,12.01,15
-48.6982,-26.9233,12.01,15
-48.6982,-26.9228,12.01,15
-48.6982,-26.9237,12.01,15
-48.6944,-26.9258,8.45,15
-48.6944,-26.9254,8.45,15
-48.6948,-26.926,8.45,15
-48.6987,-26.9243,12.01,15
-48.6987,-26.9239,12.01,15
-48.6991,-26.9245,12.01,15
-48.6996,-26.9251,12.01,15
-48.6991,-26.9249,12.01,15
-48.7017,-26.9099,5.25,15
-48.7017,-26.9103,5.25,15
-48.7035,-26.9114,10.57,15
-48.7035,-26.9131,10.57,15
-48.7035,-26.9127,10.57,15
-48.7036,-26.9135,10.57,15
-48.7018,-26.9128,5.25,15
-48.7018,-26.9132,5.25,15
-48.7031,-26.9121,10.57,15
-48.7035,-26.9118,10.57,15
-48.7031,-26.9117,10.57,15
-48.7035,-26.9123,10.57,15
-48.7036,-26.9139,10.57,15
-48.7036,-26.9143,10.57,15
-48.7154,-26.9036,25.47,15
-48.7159,-26.9033,25.47,15
-48.7155,-26.904,25.47,15
-48.7159,-26.9037,30.7,15
-48.7163,-26.9027,30.7,15
-48.7167,-26.9024,30.7,15
-48.7158,-26.9025,25.47,15
-48.7163,-26.9022,25.47,15
-48.7163,-26.9031,30.7,15
-48.7159,-26.9029,25.47,15
-48.7155,-26.9044,28.085,15
-48.7159,-26.9041,30.7,15
-48.7155,-26.9048,30.7,15
-48.7163,-26.9035,30.7,15
-48.715,-26.9046,25.47,15
-48.7138,-26.9074,25.47,15
-48.7134,-26.9089,25.47,15
-48.713,-26.9096,25.47,15
-48.7135,-26.9093,25.47,15
-48.7139,-26.9083,25.47,15
-48.7138,-26.9078,25.47,15
-48.7134,-26.9085,25.47,15
-48.7147,-26.9061,25.47,15
-48.7142,-26.9068,25.47,15
-48.7147,-26.9065,25.47,15
-48.7151,-26.9055,28.085,15
-48.7151,-26.905,28.085,15
-48.7146,-26.9057,25.47,15
-48.7143,-26.9072,25.47,15
-48.7143,-26.9076,25.47,15
-48.7003,-26.9089,15.092,15
-48.7008,-26.9087,15.092,15
-48.7003,-26.9085,15.092,15
-48.7004,-26.9093,14.445,15
-48.7008,-26.9091,15.092,15
-48.7008,-26.9082,15.092,15
-48.7003,-26.9076,15.092,15
-48.7003,-26.9081,15.092,15
-48.7008,-26.9099,9.94,15
-48.7012,-26.9097,5.25,15
-48.7004,-26.9097,9.94,15
-48.7008,-26.9095,9.94,15
-48.7008,-26.9103,9.94,15
-48.7013,-26.9101,5.25,15
-48.7004,-26.9102,9.94,15
-48.7017,-26.9094,5.25,15
-48.7012,-26.9093,5.25,15
-48.6925,-26.9094,5.41,15
-48.7004,-26.9118,9.94,15
-48.7009,-26.9116,9.94,15
-48.7004,-26.9114,9.94,15
-48.7005,-26.9122,9.94,15
-48.7009,-26.912,9.94,15
-48.7013,-26.9109,5.25,15
-48.7017,-26.9107,5.25,15
-48.7008,-26.9108,9.94,15
-48.7013,-26.9105,5.25,15
-48.7013,-26.9113,5.25,15
-48.7017,-26.9111,5.25,15
-48.7009,-26.9112,9.94,15
-48.7004,-26.9106,9.94,15
-48.7004,-26.911,9.94,15
-48.7009,-26.9128,9.94,15
-48.7013,-26.9126,5.25,15
-48.7005,-26.9127,9.94,15
-48.7009,-26.9124,9.94,15
-48.7009,-26.9133,9.94,15
-48.7014,-26.913,5.25,15
-48.7005,-26.9131,9.94,15
-48.7018,-26.9119,5.25,15
-48.7013,-26.9118,5.25,15
-48.7017,-26.9115,5.25,15
-48.7018,-26.9124,5.25,15
-48.7013,-26.9122,5.25,15
-48.6939,-26.912,6.5,15
-48.6939,-26.9124,6.5,15
-48.6939,-26.9112,6.5,15
-48.6939,-26.9116,6.5,15
-48.6939,-26.9129,6.5,15
-48.6935,-26.9135,9.1,15
-48.6939,-26.9133,6.5,15
-48.7001,-26.9031,14.933333333333332,15
-48.7001,-26.9026,14.933333333333332,15
-48.7002,-26.9035,14.933333333333332,15
-48.7001,-26.9018,14.933333333333332,15
-48.7001,-26.9022,14.933333333333332,15
-48.7002,-26.9039,14.933333333333332,15
-48.7002,-26.9043,14.933333333333332,15
-48.7002,-26.906,14.901666666666666,15
-48.7002,-26.9056,14.901666666666666,15
-48.7003,-26.9064,14.901666666666666,15
-48.7002,-26.9047,14.038571428571428,15
-48.7002,-26.9051,14.901666666666666,15
-48.7003,-26.9068,14.901666666666666,15
-48.7003,-26.9072,14.901666666666666,15
-48.7094,-26.9184,25.47,15
-48.7098,-26.9181,25.47,15
-48.7094,-26.9188,25.47,15
-48.7098,-26.9173,25.47,15
-48.7098,-26.9177,25.47,15
-48.709,-26.9194,25.47,15
-48.7094,-26.9192,25.47,15
-48.709,-26.9199,25.47,15
-48.711,-26.9145,25.47,15
-48.7106,-26.9152,25.47,15
-48.711,-26.9149,25.47,15
-48.7102,-26.9166,25.47,15
-48.7106,-26.9164,25.47,15
-48.7102,-26.9162,25.47,15
-48.7102,-26.9171,25.47,15
-48.7106,-26.9156,25.47,15
-48.711,-26.9153,25.47,15
-48.7106,-26.916,25.47,15
-48.7082,-26.9212,25.47,15
-48.7086,-26.9209,25.47,15
-48.7082,-26.9216,25.47,15
-48.709,-26.9203,25.47,15
-48.7086,-26.9201,25.47,15
-48.7086,-26.9205,25.47,15
-48.7126,-26.911,25.47,15
-48.7126,-26.9106,25.47,15
-48.7127,-26.9115,25.47,15
-48.7122,-26.9113,25.47,15
-48.713,-26.91,25.47,15
-48.7131,-26.9104,25.47,15
-48.7122,-26.9117,25.47,15
-48.7118,-26.9124,25.47,15
-48.7122,-26.9121,25.47,15
-48.7114,-26.9138,25.47,15
-48.7114,-26.9134,25.47,15
-48.7114,-26.9143,25.47,15
-48.7118,-26.9128,25.47,15
-48.7118,-26.9132,25.47,15
-48.7036,-26.916,10.57,15
-48.7036,-26.9156,10.57,15
-48.7037,-26.9164,10.57,15
-48.7036,-26.9148,10.57,15
-48.7036,-26.9152,10.57,15
-48.7014,-26.9134,5.25,15
-48.7005,-26.9135,9.94,15
-48.6968,-26.9206,12.01,15
-48.6693,-26.9077,13.306666666666667,15
-48.6693,-26.9081,13.306666666666667,15
-48.6693,-26.9073,13.306666666666667,15
-48.6693,-26.9086,13.306666666666667,15
-48.6693,-26.909,13.306666666666667,15
-48.6727,-26.9067,12.57,15
-48.6736,-26.907,11.405,15
-48.6732,-26.9068,12.57,15
-48.6658,-26.9079,11.5,15
-48.6653,-26.9078,11.5,15
-48.6698,-26.9108,13.306666666666667,15
-48.6694,-26.9106,13.306666666666667,15
-48.6698,-26.9104,13.306666666666667,15
-48.6698,-26.9112,13.306666666666667,15
-48.6694,-26.9111,13.306666666666667,15
-48.6694,-26.9098,13.306666666666667,15
-48.6698,-26.9096,13.306666666666667,15
-48.6693,-26.9094,13.306666666666667,15
-48.6694,-26.9102,13.306666666666667,15
-48.6698,-26.91,13.306666666666667,15
-48.6699,-26.9117,13.306666666666667,15
-48.6699,-26.9121,13.306666666666667,15
-48.6662,-26.9085,11.5,15
-48.6658,-26.9084,11.5,15
-48.6605,-26.9074,11.85,15
-48.6601,-26.9073,11.85,15
-48.6614,-26.9061,7.223333333333333,15
-48.6609,-26.9059,7.223333333333333,15
-48.6614,-26.9065,7.223333333333333,15
-48.6618,-26.9063,7.223333333333333,15
-48.6592,-26.9069,11.85,15
-48.6592,-26.9073,11.85,15
-48.6596,-26.9071,11.85,15
-48.6588,-26.9071,11.85,15
-48.6605,-26.9058,7.223333333333333,15
-48.66,-26.9056,7.223333333333333,15
-48.6614,-26.9078,11.85,15
-48.661,-26.9076,11.85,15
-48.6623,-26.9069,8.17,15
-48.6623,-26.9073,8.17,15
-48.6601,-26.9077,11.85,15
-48.6597,-26.9075,11.85,15
-48.664,-26.9068,11.5,15
-48.6636,-26.9066,11.5,15
-48.6631,-26.906,11.5,15
-48.6631,-26.9064,11.5,15
-48.6578,-26.9055,5.655,15
-48.6574,-26.9062,5.655,15
-48.6579,-26.9059,5.655,15
-48.6583,-26.9049,5.655,15
-48.6578,-26.9051,5.655,15
-48.6579,-26.9068,11.85,15
-48.6574,-26.9066,7.72,15
-48.6583,-26.9069,11.85,15
-48.6604,-26.9045,10.47,15
-48.66,-26.9043,10.47,15
-48.6591,-26.904,10.47,15
-48.6587,-26.9038,10.47,15
-48.6591,-26.9036,10.47,15
-48.6595,-26.9042,10.47,15
-48.6609,-26.9047,10.47,15
-48.6596,-26.905,7.223333333333333,15
-48.6591,-26.9048,7.223333333333333,15
-48.6596,-26.9054,7.223333333333333,15
-48.66,-26.9052,7.223333333333333,15
-48.6636,-26.9083,8.17,15
-48.6636,-26.9079,8.17,15
-48.6641,-26.9085,8.17,15
-48.6645,-26.9074,11.5,15
-48.6649,-26.9072,11.5,15
-48.6644,-26.907,11.5,15
-48.6649,-26.9076,11.5,15
-48.6627,-26.9071,8.17,15
-48.6632,-26.9077,8.17,15
-48.6627,-26.9075,8.17,15
-48.6645,-26.9091,8.17,15
-48.6645,-26.9087,8.17,15
-48.6739,-26.9162,8.72,15
-48.6773,-26.9122,8.72,15
-48.6773,-26.9127,10.23,15
-48.6766,-26.916,8.72,15
-48.6757,-26.9161,8.72,15
-48.6761,-26.9159,8.72,15
-48.677,-26.9158,8.72,15
-48.6748,-26.9162,8.72,15
-48.6752,-26.9159,8.72,15
-48.6744,-26.916,8.72,15
-48.7274,-26.8578,14.99,15
-48.7274,-26.8582,14.99,15
-48.7275,-26.8591,14.99,15
-48.7274,-26.8586,14.99,15
-48.7275,-26.8595,14.99,15
-48.7274,-26.857,14.99,15
-48.7274,-26.8574,14.99,15
-48.7269,-26.8551,14.99,15
-48.7269,-26.8547,14.99,15
-48.7269,-26.8555,14.99,15
-48.7269,-26.8568,14.99,15
-48.727,-26.8572,14.99,15
-48.7269,-26.856,14.99,15
-48.7274,-26.8566,14.99,15
-48.7269,-26.8564,14.99,15
-48.7279,-26.8601,14.99,15
-48.7275,-26.8599,14.99,15
-48.7279,-26.8597,14.99,15
-48.7279,-26.8605,14.99,15
-48.7284,-26.8611,14.99,15
-48.728,-26.8609,14.99,15
-48.7284,-26.8615,14.99,15
-48.728,-26.8613,14.99,15
-48.7264,-26.8528,14.99,15
-48.7264,-26.8533,14.99,15
-48.7263,-26.852,14.99,15
-48.7264,-26.8524,14.99,15
-48.7264,-26.8541,14.99,15
-48.7268,-26.8539,14.99,15
-48.7264,-26.8537,14.99,15
-48.7264,-26.8545,14.99,15
-48.7269,-26.8543,14.99,15
-48.7294,-26.866,14.99,15
-48.7299,-26.8658,14.99,15
-48.7294,-26.8656,14.99,15
-48.7299,-26.8662,14.99,15
-48.7294,-26.8648,14.99,15
-48.7294,-26.8652,14.99,15
-48.7299,-26.8671,14.99,15
-48.7299,-26.8666,14.99,15
-48.7299,-26.8675,14.99,15
-48.7289,-26.8629,14.99,15
-48.7289,-26.8634,14.99,15
-48.7285,-26.8628,14.99,15
-48.7284,-26.8619,14.99,15
-48.7289,-26.8625,14.99,15
-48.7284,-26.8623,14.99,15
-48.7294,-26.8644,14.99,15
-48.7289,-26.8638,14.99,15
-48.7289,-26.8642,14.99,15
-48.7296,-26.869,14.99,15
-48.73,-26.8687,14.99,15
-48.7295,-26.8686,14.99,15
-48.7296,-26.8694,19.76,15
-48.73,-26.8692,14.99,15
-48.73,-26.8679,14.99,15
-48.73,-26.8683,14.99,15
-48.7296,-26.8698,19.76,15
-48.7296,-26.8702,19.76,15
-48.7268,-26.8765,19.76,15
-48.7272,-26.8762,19.76,15
-48.7267,-26.8761,19.76,15
-48.7272,-26.8754,19.76,15
-48.7276,-26.8752,19.76,15
-48.7272,-26.8758,19.76,15
-48.7288,-26.8715,19.76,15
-48.7284,-26.8722,19.76,15
-48.7288,-26.872,19.76,15
-48.7292,-26.8709,19.76,15
-48.7292,-26.8705,19.76,15
-48.7292,-26.8713,19.76,15
-48.7284,-26.8726,19.76,15
-48.7284,-26.873,19.76,15
-48.7276,-26.8743,19.76,15
-48.7271,-26.875,19.76,15
-48.7276,-26.8747,19.76,15
-48.728,-26.8737,19.76,15
-48.728,-26.8733,19.76,15
-48.728,-26.8741,19.76,15
-48.722,-26.8893,13.07,15
-48.722,-26.8897,21.885,15
-48.7224,-26.8887,13.07,15
-48.7224,-26.8883,13.07,15
-48.7224,-26.8891,13.07,15
-48.7219,-26.8889,13.07,15
-48.7228,-26.8872,13.07,15
-48.7228,-26.8876,13.07,15
-48.7228,-26.888,13.07,15
-48.7473,-26.8762,5.4,15
-48.7468,-26.876,5.4,15
-48.7473,-26.8766,5.4,15
-48.7472,-26.8754,5.4,15
-48.7473,-26.8758,5.4,15
-48.7473,-26.8775,5.4,15
-48.7473,-26.8771,5.4,15
-48.7473,-26.8779,5.4,15
-48.7468,-26.8756,5.4,15
-48.6945,-26.8785,4.7,15
-48.6548,-26.9047,7.55,15
-48.6543,-26.9053,7.55,15
-48.6548,-26.9051,7.55,15
-48.6544,-26.9057,7.55,15
-48.6552,-26.9044,7.55,15
-48.6556,-26.9042,7.55,15
-48.6539,-26.906,7.55,15
-48.705,-26.9297,25.47,15
-48.705,-26.9293,25.47,15
-48.7046,-26.93,25.47,15
-48.7054,-26.9287,25.47,15
-48.7074,-26.9229,25.47,15
-48.7074,-26.9233,25.47,15
-48.7078,-26.9222,25.47,15
-48.7082,-26.922,25.47,15
-48.7078,-26.9226,25.47,15
-48.707,-26.924,25.47,15
-48.7074,-26.9237,25.47,15
-48.707,-26.9244,25.47,15
-48.7078,-26.9231,25.47,15
-48.705,-26.9289,25.47,15
-48.7054,-26.9278,25.47,15
-48.7058,-26.9276,25.47,15
-48.7054,-26.9282,25.47,15
-48.7058,-26.928,25.47,15
-48.7066,-26.9259,25.47,15
-48.7062,-26.9261,25.47,15
-48.7066,-26.925,25.47,15
-48.707,-26.9248,25.47,15
-48.7066,-26.9254,25.47,15
-48.7062,-26.9269,25.47,15
-48.7062,-26.9265,25.47,15
-48.7058,-26.9272,25.47,15
-48.7009,-26.926,12.01,15
-48.7,-26.9252,12.01,15
-48.7005,-26.9258,12.01,15
-48.7,-26.9257,12.01,15
-48.7179,-26.8988,28.085,15
-48.7179,-26.8992,30.7,15
-48.7175,-26.8986,25.47,15
-48.7175,-26.899,25.47,15
-48.7179,-26.898,25.47,15
-48.7183,-26.8977,28.085,15
-48.7179,-26.8984,28.085,15
-48.7183,-26.8981,30.7,15
-48.7175,-26.8999,30.7,15
-48.7171,-26.8997,25.47,15
-48.7175,-26.8994,28.085,15
-48.7175,-26.9003,30.7,15
-48.7171,-26.9001,25.47,15
-48.7191,-26.8952,17.12,15
-48.7195,-26.8949,30.7,15
-48.7191,-26.8947,17.12,15
-48.7191,-26.8956,23.91,15
-48.7195,-26.8953,30.7,15
-48.7187,-26.8971,30.7,15
-48.7187,-26.8967,30.7,15
-48.7183,-26.8973,28.085,15
-48.7191,-26.896,30.7,15
-48.7191,-26.8964,30.7,15
-48.7167,-26.9016,28.085,15
-48.7171,-26.9014,30.7,15
-48.7167,-26.902,30.7,15
-48.7162,-26.9014,25.47,15
-48.7163,-26.9018,25.47,15
-48.7167,-26.9008,25.47,15
-48.7171,-26.9005,28.085,15
-48.7167,-26.9012,25.47,15
-48.7171,-26.9009,30.7,15
-48.7212,-26.8915,30.7,15
-48.7216,-26.8912,30.7,15
-48.7207,-26.8913,14.03,15
-48.7211,-26.8911,30.7,15
-48.7212,-26.8919,30.7,15
-48.7216,-26.8904,21.885,15
-48.722,-26.8902,21.885,15
-48.7216,-26.8908,21.885,15
-48.7203,-26.8915,14.03,15
-48.7207,-26.8905,14.03,15
-48.7211,-26.8902,14.03,15
-48.7202,-26.8903,21.57,15
-48.7207,-26.89,17.8,15
-48.7207,-26.8909,14.03,15
-48.7203,-26.8924,14.03,15
-48.7207,-26.8921,30.7,15
-48.7203,-26.8919,14.03,15
-48.7203,-26.8928,30.7,15
-48.7208,-26.8925,30.7,15
-48.7199,-26.8926,14.03,15
-48.7199,-26.8943,30.7,15
-48.7195,-26.8941,17.12,15
-48.7199,-26.8939,30.7,15
-48.7195,-26.8945,23.91,15
-48.7203,-26.8932,30.7,15
-48.7204,-26.8936,30.7,15
-48.7393,-26.8976,16.95,15
-48.7371,-26.8976,16.95,15
-48.7375,-26.8973,16.95,15
-48.7384,-26.8977,16.95,15
-48.738,-26.8975,16.95,15
-48.7516,-26.887,36.38,15
-48.7511,-26.8869,36.38,15
-48.7503,-26.8869,36.38,15
-48.7498,-26.8867,36.38,15
-48.752,-26.8876,36.38,15
-48.7525,-26.8874,36.38,15
-48.7516,-26.8875,36.38,15
-48.752,-26.8872,36.38,15
-48.7511,-26.8873,36.38,15
-48.7507,-26.8871,36.38,15
-48.7463,-26.8861,36.38,15
-48.7467,-26.8863,36.38,15
-48.7459,-26.8863,36.38,15
-48.745,-26.886,36.38,15
-48.7454,-26.8862,36.38,15
-48.7446,-26.8862,36.38,15
-48.7489,-26.8864,36.38,15
-48.7485,-26.8862,36.38,15
-48.7494,-26.8865,36.38,15
-48.7476,-26.8862,36.38,15
-48.7472,-26.8861,36.38,15
-48.7481,-26.8864,36.38,15
-48.7398,-26.8863,36.38,15
-48.7402,-26.8861,36.38,15
-48.738,-26.8868,36.38,15
-48.7389,-26.8864,36.38,15
-48.7393,-26.8861,36.38,15
-48.7393,-26.8866,36.38,15
-48.7385,-26.8866,36.38,15
-48.7424,-26.8862,36.38,15
-48.7428,-26.8859,36.38,15
-48.7419,-26.886,36.38,15
-48.7411,-26.886,36.38,15
-48.7415,-26.8858,36.38,15
-48.7406,-26.8858,36.38,15
-48.7437,-26.8863,36.38,15
-48.7441,-26.886,36.38,15
-48.7432,-26.8861,36.38,15
-48.7415,-26.8862,36.38,15
-48.7473,-26.8783,5.4,15
-48.7533,-26.8878,36.38,15
-48.7529,-26.8876,36.38,15
-48.7431,-26.8947,16.95,15
-48.7427,-26.8953,16.95,15
-48.7431,-26.8951,16.95,15
-48.7418,-26.8958,16.95,15
-48.7423,-26.8956,16.95,15
-48.7418,-26.8962,16.95,15
-48.7401,-26.8972,16.95,15
-48.7406,-26.8969,16.95,15
-48.7397,-26.8974,16.95,15
-48.7414,-26.896,16.95,15
-48.741,-26.8967,16.95,15
-48.7414,-26.8965,16.95,15
-48.7388,-26.8975,16.95,15
-48.7384,-26.8973,16.95,15
-48.6406,-26.9507,5.42,15
-48.6406,-26.9511,5.42,15
-48.6406,-26.9516,5.42,15
-48.6402,-26.9514,5.42,15
-48.6402,-26.9518,5.42,15
-48.6505,-26.9198,7.41,15
-48.6505,-26.9206,7.41,15
-48.6505,-26.9202,7.41,15
-48.6509,-26.9208,7.41,15
-48.651,-26.9216,7.41,15
-48.651,-26.9212,7.41,15
-48.6514,-26.9218,7.41,15
-48.6514,-26.9222,7.41,15
-48.757,-26.9551,15.33,10
-48.7574,-26.9548,15.33,10
-48.757,-26.9555,15.33,10
-48.757,-26.9559,15.33,10
-48.757,-26.9563,15.33,10
-48.7558,-26.9595,15.33,10
-48.7562,-26.9576,15.33,10
-48.7562,-26.958,15.33,10
-48.7566,-26.957,15.33,10
-48.757,-26.9567,15.33,10
-48.7566,-26.9566,15.33,10
-48.7566,-26.9574,15.33,10
-48.7562,-26.9572,15.33,10
-48.7562,-26.9589,15.33,10
-48.7562,-26.9585,15.33,10
-48.7562,-26.9593,15.33,10
-48.6861,-26.9018,7.37,10
-48.6883,-26.9023,7.37,10
-48.6887,-26.9021,7.37,10
-48.6879,-26.9022,7.37,10
-48.687,-26.9022,5.995,10
-48.6874,-26.902,7.37,10
-48.6866,-26.902,7.37,10
-48.6826,-26.9008,7.085,10
-48.683,-26.9006,7.085,10
-48.6852,-26.9011,7.085,10
-48.6848,-26.9009,7.085,10
-48.6839,-26.9005,7.085,10
-48.6839,-26.9009,7.085,10
-48.6843,-26.9007,7.085,10
-48.6835,-26.9008,7.085,10
-48.6866,-26.9037,4.62,10
-48.687,-26.9035,4.62,10
-48.6866,-26.9033,4.62,10
-48.687,-26.9026,4.62,10
-48.687,-26.903,4.62,10
-48.6827,-26.905,11.26,10
-48.6819,-26.905,11.26,10
-48.6823,-26.9048,11.26,10
-48.6823,-26.9056,5.29,10
-48.6819,-26.9055,5.29,10
-48.681,-26.9051,11.26,10
-48.6814,-26.9049,11.26,10
-48.6805,-26.9049,11.26,10
-48.681,-26.9055,5.29,10
-48.6806,-26.9053,5.29,10
-48.6902,-26.8932,15.53,10
-48.6902,-26.8936,15.53,10
-48.6902,-26.8924,15.53,10
-48.6901,-26.892,15.53,10
-48.6902,-26.8928,15.53,10
-48.6799,-26.8989,14.275,10
-48.679,-26.8989,14.275,10
-48.6795,-26.8987,14.275,10
-48.6782,-26.899,14.275,10
-48.6786,-26.8988,14.275,10
-48.6777,-26.8988,14.275,10
-48.6768,-26.8989,14.275,10
-48.6773,-26.8991,14.275,10
-48.682,-26.8969,9.62,10
-48.6816,-26.8967,9.62,10
-48.6807,-26.8968,9.62,10
-48.6784,-26.8938,7.38,10
-48.6793,-26.8937,7.38,10
-48.6797,-26.8935,7.38,10
-48.6788,-26.8935,7.38,10
-48.6775,-26.8938,7.38,10
-48.6771,-26.8936,7.38,10
-48.678,-26.8936,7.38,10
-48.6806,-26.8934,7.38,10
-48.681,-26.8936,7.38,10
-48.6802,-26.8936,7.38,10
-48.6816,-26.8988,14.275,10
-48.6821,-26.8985,14.275,10
-48.6812,-26.8986,14.275,10
-48.6803,-26.8987,14.275,10
-48.6811,-26.8969,9.62,10
-48.6808,-26.8988,14.275,10
-48.6785,-26.8971,9.62,10
-48.679,-26.8969,9.62,10
-48.6781,-26.8969,9.62,10
-48.6803,-26.897,9.62,10
-48.6794,-26.897,9.62,10
-48.6798,-26.8968,9.62,10
-48.6776,-26.9082,7.63,10
-48.6814,-26.9057,5.29,10
-48.6776,-26.9074,7.63,10
-48.6776,-26.9078,7.63,10
-48.6793,-26.9056,3.8166666666666664,10
-48.6784,-26.9057,3.8166666666666664,10
-48.6788,-26.9054,3.8166666666666664,10
-48.6797,-26.905,11.26,10
-48.6797,-26.9054,3.8166666666666664,10
-48.6801,-26.9052,11.26,10
-48.6792,-26.9052,11.26,10
-48.6775,-26.9057,4.77,10
-48.6779,-26.9055,3.8166666666666664,10
-48.6775,-26.9062,7.63,10
-48.6784,-26.9048,11.26,10
-48.6784,-26.9053,11.26,10
-48.6788,-26.905,11.26,10
-48.6779,-26.9051,11.26,10
-48.6801,-26.9056,3.8166666666666664,10
-48.6775,-26.9066,7.63,10
-48.6776,-26.907,7.63,10
-48.6773,-26.9114,5.955,10
-48.6773,-26.9118,5.955,10
-48.6772,-26.9106,5.955,10
-48.6777,-26.9103,5.955,10
-48.6772,-26.9102,5.955,10
-48.6773,-26.911,5.955,10
-48.7005,-26.888,5.353333333333333,10
-48.7009,-26.8877,5.353333333333333,10
-48.7001,-26.8878,5.353333333333333,10
-48.6992,-26.8874,6.02,10
-48.6987,-26.8872,6.02,10
-48.6992,-26.887,6.02,10
-48.6996,-26.8876,6.02,10
-48.6974,-26.8863,14.52,10
-48.6978,-26.886,14.52,10
-48.6974,-26.8859,12.926666666666668,10
-48.6978,-26.8865,14.52,10
-48.7025,-26.8834,7.48,10
-48.7034,-26.8834,7.48,10
-48.7038,-26.8832,7.48,10
-48.703,-26.8832,7.48,10
-48.7017,-26.8835,7.48,10
-48.7008,-26.8836,7.48,10
-48.7012,-26.8833,7.48,10
-48.7021,-26.8833,7.48,10
-48.7047,-26.8831,7.48,10
-48.7051,-26.8833,7.48,10
-48.7043,-26.8833,7.48,10
-48.7003,-26.8834,7.48,10
-48.7031,-26.8882,5.56,10
-48.7027,-26.888,5.02,10
-48.7018,-26.8881,5.02,10
-48.7022,-26.8879,5.02,10
-48.7014,-26.8879,5.02,10
-48.6987,-26.8868,6.02,10
-48.6983,-26.8866,10.27,10
-48.7113,-26.8961,14.24,10
-48.7113,-26.8965,14.24,10
-48.7112,-26.8957,14.24,10
-48.7113,-26.8973,14.24,10
-48.7113,-26.8969,14.24,10
-48.7113,-26.8977,14.24,10
-48.7114,-26.899,14.24,10
-48.7114,-26.8994,14.24,10
-48.7113,-26.8982,14.24,10
-48.7113,-26.8986,14.24,10
-48.7114,-26.9003,14.24,10
-48.7114,-26.8998,14.24,10
-48.7114,-26.9007,14.24,10
-48.715,-26.8914,16.49,10
-48.7159,-26.8914,16.49,10
-48.7163,-26.8912,16.49,10
-48.7155,-26.8912,16.49,10
-48.7137,-26.8913,16.49,10
-48.7146,-26.8913,16.49,10
-48.7141,-26.8911,16.49,10
-48.7181,-26.891,16.49,10
-48.7185,-26.8908,16.49,10
-48.7194,-26.8908,16.49,10
-48.7198,-26.8905,16.49,10
-48.7189,-26.8906,16.49,10
-48.7172,-26.8911,16.49,10
-48.7176,-26.8909,16.49,10
-48.7168,-26.8913,16.49,10
-48.7119,-26.8906,16.49,10
-48.7115,-26.8904,16.49,10
-48.7124,-26.8908,16.49,10
-48.7115,-26.8908,16.49,10
-48.7111,-26.8902,16.49,10
-48.7111,-26.8906,16.49,10
-48.7133,-26.8911,16.49,10
-48.7137,-26.8909,16.49,10
-48.7128,-26.891,16.49,10
-48.7156,-26.8945,5.64,10
-48.7169,-26.8947,5.64,10
-48.716,-26.8947,5.64,10
-48.7164,-26.8945,5.64,10
-48.7199,-26.893,22.68,10
-48.7195,-26.8937,22.68,10
-48.7199,-26.8934,22.68,10
-48.69,-26.8874,15.53,10
-48.69,-26.8878,15.53,10
-48.6895,-26.8872,15.53,10
-48.6896,-26.8876,15.53,10
-48.6895,-26.8868,15.53,10
-48.6896,-26.8884,15.53,10
-48.69,-26.8882,15.53,10
-48.6896,-26.888,15.53,10
-48.6896,-26.8889,15.53,10
-48.69,-26.8886,15.53,10
-48.6901,-26.8903,15.53,10
-48.6901,-26.8907,15.53,10
-48.6896,-26.8901,15.53,10
-48.6901,-26.8895,15.53,10
-48.6896,-26.8893,15.53,10
-48.69,-26.889,15.53,10
-48.6901,-26.8899,15.53,10
-48.6896,-26.8897,15.53,10
-48.6901,-26.8911,15.53,10
-48.6901,-26.8916,15.53,10
-48.6946,-26.8819,9.51,10
-48.6946,-26.8823,9.51,10
-48.6942,-26.8838,12.926666666666668,10
-48.6934,-26.8838,12.926666666666668,10
-48.6938,-26.8836,12.926666666666668,10
-48.6947,-26.8831,9.51,10
-48.6946,-26.8827,9.51,10
-48.6947,-26.8835,9.51,10
-48.6959,-26.8816,7.96,10
-48.6946,-26.881,9.51,10
-48.6955,-26.8814,7.96,10
-48.6946,-26.8814,9.51,10
-48.6955,-26.8822,7.96,10
-48.6959,-26.882,7.96,10
-48.6955,-26.8818,7.96,10
-48.6955,-26.8826,7.96,10
-48.6959,-26.8824,7.96,10
-48.6945,-26.8789,9.51,10
-48.6945,-26.8793,9.51,10
-48.6945,-26.8802,9.51,10
-48.6945,-26.8798,9.51,10
-48.6946,-26.8806,9.51,10
-48.6951,-26.8841,12.926666666666668,10
-48.6956,-26.8839,7.96,10
-48.6947,-26.8839,12.926666666666668,10
-48.6951,-26.8845,12.926666666666668,10
-48.6956,-26.8843,11.685,10
-48.696,-26.8832,7.96,10
-48.6955,-26.8831,7.96,10
-48.696,-26.8828,7.96,10
-48.696,-26.8837,7.96,10
-48.6955,-26.8835,7.96,10
-48.6965,-26.8851,12.926666666666668,10
-48.6969,-26.8857,12.926666666666668,10
-48.6965,-26.8855,12.926666666666668,10
-48.696,-26.8849,12.926666666666668,10
-48.6956,-26.8847,12.926666666666668,10
-48.6931,-26.915,5.78,10
-48.6936,-26.9148,5.78,10
-48.6931,-26.9146,5.78,10
-48.6931,-26.9154,5.78,10
-48.6936,-26.9152,5.78,10
-48.6935,-26.9139,5.78,10
-48.6935,-26.9143,5.78,10
-48.6936,-26.9156,5.78,10
-48.6931,-26.9138,5.78,10
-48.6931,-26.9142,5.78,10
-48.6762,-26.9192,6.53,10
-48.6762,-26.9188,6.53,10
-48.6762,-26.918,6.53,10
-48.6762,-26.9184,6.53,10
-48.6943,-26.9237,12.25,10
-48.6943,-26.9241,12.25,10
-48.6943,-26.9229,12.25,10
-48.6943,-26.9233,12.25,10
-48.6938,-26.9231,12.25,10
-48.6943,-26.9245,12.25,10
-48.6943,-26.925,12.25,10
-48.6953,-26.9266,12.25,10
-48.6948,-26.9264,12.25,10
-48.6953,-26.9262,12.25,10
-48.6944,-26.9258,12.25,10
-48.6944,-26.9254,12.25,10
-48.6948,-26.926,12.25,10
-48.6962,-26.9269,12.25,10
-48.6957,-26.9268,12.25,10
-48.6962,-26.9274,12.25,10
-48.7154,-26.9036,27.43,10
-48.7159,-26.9033,27.43,10
-48.7155,-26.904,27.43,10
-48.7158,-26.9025,27.43,10
-48.7163,-26.9022,27.43,10
-48.7159,-26.9029,27.43,10
-48.7155,-26.9044,27.43,10
-48.715,-26.9046,27.43,10
-48.7138,-26.9074,27.43,10
-48.7134,-26.9089,27.43,10
-48.713,-26.9096,27.43,10
-48.7135,-26.9093,27.43,10
-48.7139,-26.9083,27.43,10
-48.7138,-26.9078,27.43,10
-48.7134,-26.9085,27.43,10
-48.7147,-26.9061,27.43,10
-48.7142,-26.9068,27.43,10
-48.7147,-26.9065,27.43,10
-48.7151,-26.9055,27.43,10
-48.7151,-26.905,27.43,10
-48.7146,-26.9057,27.43,10
-48.7143,-26.9072,27.43,10
-48.7143,-26.9076,27.43,10
-48.7003,-26.9089,11.89,10
-48.7008,-26.9087,11.89,10
-48.7003,-26.9085,11.89,10
-48.7004,-26.9093,11.89,10
-48.7008,-26.9091,11.89,10
-48.7008,-26.9082,11.89,10
-48.7003,-26.9076,11.89,10
-48.7003,-26.9081,11.89,10
-48.7008,-26.9099,11.98,10
-48.7004,-26.9097,11.98,10
-48.7008,-26.9095,11.98,10
-48.7008,-26.9103,11.98,10
-48.7004,-26.9102,11.98,10
-48.7004,-26.9114,11.98,10
-48.7008,-26.9108,11.98,10
-48.7009,-26.9112,11.98,10
-48.7004,-26.9106,11.98,10
-48.7004,-26.911,11.98,10
-48.6935,-26.9135,5.78,10
-48.7001,-26.9031,9.87,10
-48.7001,-26.9026,9.87,10
-48.7002,-26.9035,9.87,10
-48.7001,-26.9018,9.87,10
-48.7001,-26.9022,9.87,10
-48.7002,-26.9039,9.87,10
-48.7002,-26.9043,9.87,10
-48.7002,-26.906,11.89,10
-48.7002,-26.9056,11.89,10
-48.7003,-26.9064,11.89,10
-48.7002,-26.9047,11.216666666666667,10
-48.7002,-26.9051,11.89,10
-48.7003,-26.9068,11.89,10
-48.7003,-26.9072,11.89,10
-48.713,-26.91,27.43,10
-48.6693,-26.9077,12.452,10
-48.6697,-26.9075,9.04,10
-48.6693,-26.9081,12.452,10
-48.6706,-26.9074,9.04,10
-48.671,-26.9072,9.04,10
-48.6701,-26.9073,9.04,10
-48.6693,-26.9073,12.452,10
-48.6693,-26.9086,12.452,10
-48.6693,-26.909,12.452,10
-48.6732,-26.9073,9.04,10
-48.6736,-26.907,9.04,10
-48.6728,-26.9071,9.04,10
-48.6719,-26.9071,9.04,10
-48.6723,-26.9073,9.04,10
-48.6715,-26.9074,9.04,10
-48.6658,-26.9079,11.51,10
-48.6653,-26.9078,11.51,10
-48.6698,-26.9108,12.452,10
-48.6694,-26.9106,12.452,10
-48.6698,-26.9104,12.452,10
-48.6698,-26.9112,12.452,10
-48.6694,-26.9111,12.452,10
-48.6694,-26.9098,12.452,10
-48.6698,-26.9096,12.452,10
-48.6693,-26.9094,12.452,10
-48.6694,-26.9102,12.452,10
-48.6698,-26.91,12.452,10
-48.6699,-26.9117,12.452,10
-48.6699,-26.9121,12.452,10
-48.6662,-26.9085,11.51,10
-48.6658,-26.9084,11.51,10
-48.6576,-26.9116,8.08,10
-48.6572,-26.9114,8.08,10
-48.6581,-26.9118,8.08,10
-48.6567,-26.9112,8.08,10
-48.6563,-26.9111,8.08,10
-48.6576,-26.9103,9.865,10
-48.6589,-26.9121,8.08,10
-48.6585,-26.912,8.08,10
-48.6558,-26.9092,14.43,10
-48.6554,-26.9099,14.43,10
-48.6558,-26.9096,14.43,10
-48.6554,-26.9111,8.08,10
-48.6554,-26.9103,14.43,10
-48.6558,-26.91,14.43,10
-48.6558,-26.9109,8.08,10
-48.6554,-26.9107,11.255,10
-48.6605,-26.9074,11.213333333333333,10
-48.6601,-26.9073,11.213333333333333,10
-48.6614,-26.9061,7.905,10
-48.6609,-26.9059,7.905,10
-48.6614,-26.9065,7.905,10
-48.6618,-26.9063,7.905,10
-48.6592,-26.9069,11.213333333333333,10
-48.6592,-26.9073,9.946,10
-48.6596,-26.9071,11.213333333333333,10
-48.6588,-26.9071,11.213333333333333,10
-48.6605,-26.9058,7.905,10
-48.66,-26.9056,7.905,10
-48.6614,-26.9078,11.213333333333333,10
-48.661,-26.9076,11.213333333333333,10
-48.6601,-26.9077,11.213333333333333,10
-48.6597,-26.9075,11.213333333333333,10
-48.664,-26.9068,11.51,10
-48.6636,-26.9066,11.51,10
-48.6631,-26.906,11.51,10
-48.6631,-26.9064,11.51,10
-48.657,-26.9056,14.43,10
-48.6587,-26.9046,6.29,10
-48.6582,-26.9044,6.29,10
-48.6565,-26.9054,14.43,10
-48.6565,-26.9058,14.43,10
-48.6579,-26.9068,11.213333333333333,10
-48.6574,-26.9066,11.213333333333333,10
-48.6583,-26.9069,11.213333333333333,10
-48.6566,-26.9066,14.43,10
-48.6561,-26.9065,14.43,10
-48.6566,-26.9062,14.43,10
-48.6561,-26.9069,14.43,10
-48.6596,-26.905,7.122,10
-48.6591,-26.9048,7.122,10
-48.6596,-26.9054,7.122,10
-48.66,-26.9052,7.122,10
-48.6645,-26.9074,11.51,10
-48.6649,-26.9072,11.51,10
-48.6644,-26.907,11.51,10
-48.6649,-26.9076,11.51,10
-48.6579,-26.9084,11.51,10
-48.6575,-26.9083,11.51,10
-48.6588,-26.9075,9.402857142857142,10
-48.6584,-26.9082,11.51,10
-48.6588,-26.908,9.402857142857142,10
-48.6579,-26.908,11.51,10
-48.6558,-26.9084,14.43,10
-48.6562,-26.9081,14.43,10
-48.6558,-26.9088,14.43,10
-48.6571,-26.9081,11.51,10
-48.6566,-26.9079,11.51,10
-48.658,-26.9097,9.402857142857142,10
-48.6584,-26.9095,9.402857142857142,10
-48.658,-26.9093,9.402857142857142,10
-48.658,-26.9101,9.865,10
-48.6584,-26.9086,9.66625,10
-48.6588,-26.9084,9.402857142857142,10
-48.6584,-26.909,9.402857142857142,10
-48.6773,-26.9122,5.955,10
-48.6761,-26.9167,6.53,10
-48.6762,-26.9171,6.53,10
-48.6762,-26.9175,6.53,10
-48.7274,-26.8578,36.86,10
-48.7274,-26.8582,36.86,10
-48.7275,-26.8591,36.86,10
-48.7279,-26.8588,36.86,10
-48.7274,-26.8586,36.86,10
-48.7279,-26.8592,36.86,10
-48.7274,-26.857,36.86,10
-48.7274,-26.8574,36.86,10
-48.7279,-26.8584,36.86,10
-48.7269,-26.8551,36.86,10
-48.7269,-26.8547,36.86,10
-48.7269,-26.8555,36.86,10
-48.7274,-26.8561,36.86,10
-48.7269,-26.856,36.86,10
-48.7273,-26.8557,36.86,10
-48.7274,-26.8566,36.86,10
-48.7269,-26.8564,36.86,10
-48.7279,-26.8601,36.86,10
-48.7279,-26.8597,36.86,10
-48.7279,-26.8605,36.86,10
-48.7284,-26.8611,36.86,10
-48.728,-26.8609,36.86,10
-48.7284,-26.8607,36.86,10
-48.7284,-26.8615,36.86,10
-48.7254,-26.85,36.86,10
-48.7259,-26.8506,36.86,10
-48.7254,-26.8504,36.86,10
-48.7249,-26.849,36.86,10
-48.7254,-26.8496,36.86,10
-48.7249,-26.8494,36.86,10
-48.7263,-26.8512,36.86,10
-48.7259,-26.851,36.86,10
-48.7263,-26.8516,36.86,10
-48.7259,-26.8514,36.86,10
-48.7236,-26.848,36.86,10
-48.7231,-26.8478,36.86,10
-48.724,-26.8482,36.86,10
-48.7245,-26.8488,36.86,10
-48.724,-26.8486,36.86,10
-48.7245,-26.8492,36.86,10
-48.7264,-26.8528,36.86,10
-48.7264,-26.8533,36.86,10
-48.7263,-26.852,36.86,10
-48.7268,-26.8526,36.86,10
-48.7264,-26.8524,36.86,10
-48.7268,-26.8539,36.86,10
-48.7264,-26.8537,36.86,10
-48.7269,-26.8543,36.86,10
-48.7268,-26.853,36.86,10
-48.7268,-26.8534,36.86,10
-48.7299,-26.8658,36.86,10
-48.7299,-26.8662,36.86,10
-48.7298,-26.865,36.86,10
-48.7299,-26.8654,36.86,10
-48.7294,-26.8648,36.86,10
-48.7294,-26.8652,36.86,10
-48.7299,-26.8671,36.86,10
-48.7299,-26.8666,36.86,10
-48.7299,-26.8675,36.86,10
-48.7289,-26.8629,36.86,10
-48.7294,-26.8635,36.86,10
-48.7289,-26.8634,36.86,10
-48.7289,-26.8621,36.86,10
-48.7284,-26.8619,36.86,10
-48.7289,-26.8625,36.86,10
-48.7284,-26.8623,36.86,10
-48.7294,-26.864,36.86,10
-48.7294,-26.8644,36.86,10
-48.7289,-26.8638,36.86,10
-48.73,-26.8687,36.86,10
-48.7296,-26.8694,36.86,10
-48.73,-26.8692,36.86,10
-48.73,-26.8679,36.86,10
-48.73,-26.8683,36.86,10
-48.7296,-26.8698,36.86,10
-48.73,-26.8696,36.86,10
-48.7296,-26.8702,36.86,10
-48.7195,-26.8447,36.86,10
-48.72,-26.8449,36.86,10
-48.7204,-26.8455,36.86,10
-48.7204,-26.8451,36.86,10
-48.7213,-26.8458,36.86,10
-48.7209,-26.8457,36.86,10
-48.7213,-26.8463,36.86,10
-48.7231,-26.8474,36.86,10
-48.7227,-26.8472,36.86,10
-48.7222,-26.8466,36.86,10
-48.7218,-26.8464,36.86,10
-48.7222,-26.847,36.86,10
-48.7229,-26.8778,4.19,10
-48.7229,-26.8782,4.19,10
-48.7229,-26.879,4.19,10
-48.7229,-26.8786,4.19,10
-48.7229,-26.8794,4.19,10
-48.7292,-26.8717,36.86,10
-48.7288,-26.8715,36.86,10
-48.7288,-26.872,36.86,10
-48.7292,-26.8709,36.86,10
-48.7296,-26.8706,36.86,10
-48.7292,-26.8713,36.86,10
-48.7284,-26.8726,36.86,10
-48.7288,-26.8724,36.86,10
-48.7284,-26.873,36.86,10
-48.7284,-26.8734,36.86,10
-48.7215,-26.8887,22.68,10
-48.7219,-26.8877,22.68,10
-48.7223,-26.8874,22.68,10
-48.7219,-26.8881,22.68,10
-48.7223,-26.8878,22.68,10
-48.722,-26.8893,8.33,10
-48.7211,-26.8894,22.68,10
-48.7215,-26.8892,22.68,10
-48.722,-26.8897,8.33,10
-48.7211,-26.8898,22.68,10
-48.7224,-26.8887,8.33,10
-48.7219,-26.8885,22.68,10
-48.7224,-26.8883,8.33,10
-48.7224,-26.8891,8.33,10
-48.7219,-26.8889,8.33,10
-48.7232,-26.8865,8.33,10
-48.7228,-26.8872,8.33,10
-48.7232,-26.887,8.33,10
-48.7232,-26.8861,8.33,10
-48.7228,-26.8876,8.33,10
-48.7228,-26.888,8.33,10
-48.7454,-26.8726,9.99,10
-48.7454,-26.8734,9.99,10
-48.7454,-26.873,9.99,10
-48.7454,-26.8738,9.99,10
-48.7455,-26.8751,9.99,10
-48.7455,-26.8755,9.99,10
-48.7455,-26.8742,9.99,10
-48.7455,-26.8747,9.99,10
-48.6945,-26.8785,9.51,10
-48.6544,-26.9074,11.51,10
-48.6548,-26.9072,11.51,10
-48.6549,-26.9076,11.51,10
-48.6557,-26.9075,11.51,10
-48.6562,-26.9073,14.43,10
-48.6553,-26.9073,11.51,10
-48.6557,-26.9079,14.43,10
-48.6562,-26.9077,12.97,10
-48.6553,-26.9078,11.51,10
-48.6863,-26.9464,38.89,10
-48.6868,-26.9461,38.89,10
-48.6859,-26.9466,38.89,10
-48.6872,-26.9459,38.89,10
-48.6876,-26.9457,38.89,10
-48.6851,-26.9471,38.89,10
-48.6855,-26.9469,38.89,10
-48.6893,-26.9447,38.89,10
-48.6898,-26.9445,38.89,10
-48.6889,-26.945,38.89,10
-48.6902,-26.9443,38.89,10
-48.6906,-26.944,38.89,10
-48.6881,-26.9454,38.89,10
-48.6885,-26.9452,38.89,10
-48.6956,-26.9366,6.1,10
-48.696,-26.9364,6.1,10
-48.6956,-26.9362,6.1,10
-48.6953,-26.9398,38.89,10
-48.6923,-26.9431,38.89,10
-48.6923,-26.9427,38.89,10
-48.6919,-26.9433,38.89,10
-48.6932,-26.9422,38.89,10
-48.6936,-26.9419,38.89,10
-48.6932,-26.9418,38.89,10
-48.6928,-26.9424,38.89,10
-48.6911,-26.9438,38.89,10
-48.6915,-26.9435,38.89,10
-48.694,-26.9413,38.89,10
-48.6945,-26.9411,38.89,10
-48.6936,-26.9415,38.89,10
-48.6949,-26.9404,38.89,10
-48.6953,-26.9402,38.89,10
-48.6944,-26.9406,38.89,10
-48.6808,-26.9495,38.89,10
-48.6803,-26.9501,38.89,10
-48.6808,-26.9499,38.89,10
-48.6812,-26.9492,38.89,10
-48.6816,-26.949,38.89,10
-48.6804,-26.9505,38.89,10
-48.6799,-26.9508,38.89,10
-48.6833,-26.948,38.89,10
-48.6838,-26.9478,38.89,10
-48.6829,-26.9483,38.89,10
-48.6842,-26.9476,38.89,10
-48.6846,-26.9473,38.89,10
-48.682,-26.9487,38.89,10
-48.6825,-26.9485,38.89,10
-48.6795,-26.9522,38.89,10
-48.6796,-26.9527,38.89,10
-48.68,-26.9516,38.89,10
-48.6795,-26.9514,38.89,10
-48.6799,-26.9512,38.89,10
-48.6795,-26.9518,38.89,10
-48.6796,-26.9535,38.89,10
-48.6791,-26.9533,38.89,10
-48.6796,-26.9531,38.89,10
-48.6796,-26.9539,38.89,10
-48.6792,-26.9537,38.89,10
-48.7014,-26.9385,11.295,10
-48.7009,-26.9384,11.295,10
-48.7,-26.938,10.266666666666667,10
-48.6996,-26.9378,10.266666666666667,10
-48.7,-26.9384,10.266666666666667,10
-48.7005,-26.9382,10.266666666666667,10
-48.6996,-26.9382,10.266666666666667,10
-48.7022,-26.9389,11.295,10
-48.7018,-26.9387,11.295,10
-48.7022,-26.9385,11.295,10
-48.6978,-26.9371,6.1,10
-48.6969,-26.9367,6.1,10
-48.6965,-26.9365,6.1,10
-48.6974,-26.9369,6.1,10
-48.6987,-26.9379,10.266666666666667,10
-48.6983,-26.9377,10.266666666666667,10
-48.6992,-26.938,10.266666666666667,10
-48.6978,-26.9375,10.266666666666667,10
-48.6796,-26.9543,38.89,10
-48.7179,-26.8988,27.43,10
-48.717,-26.8988,7.41,10
-48.7175,-26.8986,17.42,10
-48.7175,-26.899,17.42,10
-48.7179,-26.898,27.43,10
-48.7183,-26.8977,27.43,10
-48.7174,-26.8978,7.41,10
-48.7179,-26.8984,27.43,10
-48.7174,-26.8982,7.41,10
-48.7171,-26.8997,27.43,10
-48.7175,-26.8994,27.43,10
-48.7171,-26.9001,27.43,10
-48.7178,-26.8959,7.41,10
-48.7178,-26.8963,7.41,10
-48.7191,-26.8952,22.68,10
-48.7191,-26.8947,22.68,10
-48.7191,-26.8956,22.68,10
-48.7174,-26.8961,7.41,10
-48.7178,-26.895,6.525,10
-48.7173,-26.8949,5.64,10
-48.7178,-26.8946,5.64,10
-48.7178,-26.8955,7.41,10
-48.7183,-26.8973,27.43,10
-48.7174,-26.8969,7.41,10
-48.7174,-26.8965,7.41,10
-48.7174,-26.8974,7.41,10
-48.7167,-26.9016,27.43,10
-48.7162,-26.9014,27.43,10
-48.7163,-26.9018,27.43,10
-48.7167,-26.9008,27.43,10
-48.7171,-26.9005,27.43,10
-48.7167,-26.9012,27.43,10
-48.7207,-26.8913,22.68,10
-48.7216,-26.8904,8.33,10
-48.722,-26.8902,8.33,10
-48.7203,-26.8915,22.68,10
-48.7207,-26.8905,22.68,10
-48.7211,-26.8902,22.68,10
-48.7202,-26.8903,16.49,10
-48.7207,-26.89,18.55333333333333,10
-48.7207,-26.8909,22.68,10
-48.7203,-26.8924,22.68,10
-48.7203,-26.8919,22.68,10
-48.7199,-26.8926,22.68,10
-48.7195,-26.8941,22.68,10
-48.7195,-26.8945,22.68,10
-48.7516,-26.887,26.79,10
-48.7511,-26.8869,26.79,10
-48.7502,-26.8865,18.09,10
-48.7498,-26.8863,18.09,10
-48.7503,-26.8869,26.79,10
-48.7498,-26.8867,26.79,10
-48.752,-26.8876,26.79,10
-48.7525,-26.8874,26.79,10
-48.7516,-26.8875,26.79,10
-48.752,-26.8872,26.79,10
-48.7511,-26.8873,26.79,10
-48.7507,-26.8871,26.79,10
-48.7463,-26.8861,35.49,10
-48.7467,-26.8863,35.49,10
-48.7459,-26.8863,35.49,10
-48.745,-26.886,35.49,10
-48.7454,-26.8862,35.49,10
-48.7446,-26.8862,35.49,10
-48.7489,-26.8864,35.49,10
-48.7485,-26.8862,35.49,10
-48.7494,-26.8865,26.79,10
-48.7476,-26.8862,35.49,10
-48.7472,-26.8861,35.49,10
-48.7481,-26.8864,35.49,10
-48.7398,-26.8863,35.49,10
-48.7402,-26.8861,35.49,10
-48.738,-26.8868,35.49,10
-48.7389,-26.8864,35.49,10
-48.7393,-26.8861,35.49,10
-48.7393,-26.8866,35.49,10
-48.7385,-26.8866,35.49,10
-48.7424,-26.8862,35.49,10
-48.7428,-26.8859,35.49,10
-48.7419,-26.886,35.49,10
-48.7411,-26.886,35.49,10
-48.7415,-26.8858,35.49,10
-48.7406,-26.8858,35.49,10
-48.7437,-26.8863,35.49,10
-48.7441,-26.886,35.49,10
-48.7432,-26.8861,35.49,10
-48.7415,-26.8862,35.49,10
-48.7376,-26.8867,35.49,10
-48.7565,-26.8894,28.44,10
-48.756,-26.8893,28.44,10
-48.7582,-26.8906,28.44,10
-48.7578,-26.8904,28.44,10
-48.7569,-26.89,28.44,10
-48.7565,-26.8899,28.44,10
-48.7569,-26.8896,28.44,10
-48.7574,-26.8902,28.44,10
-48.7547,-26.8883,24.99,10
-48.7542,-26.8881,24.99,10
-48.7533,-26.8878,24.99,10
-48.7529,-26.8876,26.79,10
-48.7538,-26.8879,24.99,10
-48.7551,-26.8889,24.99,10
-48.7547,-26.8887,24.99,10
-48.7551,-26.8885,24.99,10
-48.7556,-26.8891,28.44,10
-48.7587,-26.8912,21.39,10
-48.7583,-26.891,28.44,10
-48.7587,-26.8908,28.44,10
-48.7592,-26.8914,21.39,10
-48.7596,-26.8915,21.39,10
-48.6406,-26.9507,5.47,10
-48.6406,-26.9511,5.47,10
-48.6406,-26.9516,5.47,10
-48.6402,-26.9514,5.47,10
-48.6402,-26.9518,5.47,10
-48.6505,-26.9198,7.2375,10
-48.6505,-26.9206,7.2375,10
-48.6505,-26.9202,7.2375,10
-48.6509,-26.9208,7.2375,10
-48.651,-26.9216,7.2375,10
-48.651,-26.9212,7.2375,10
-48.6514,-26.9218,7.2375,10
-48.6502,-26.9242,7.02,10
-48.6502,-26.9246,7.02,10
-48.6506,-26.9235,7.02,10
-48.651,-26.9233,7.02,10
-48.6506,-26.924,7.02,10
-48.6514,-26.9227,7.02,10
-48.6514,-26.9222,7.413333333333333,10
-48.651,-26.9229,7.02,10
-48.7511,-26.9506,4.65,7
-48.7507,-26.9505,4.65,7
-48.7512,-26.9511,4.65,7
-48.7516,-26.9516,4.65,7
-48.7516,-26.9512,4.65,7
-48.6883,-26.9023,4.79,7
-48.6887,-26.9021,4.923333333333333,7
-48.6879,-26.9022,4.79,7
-48.687,-26.9022,4.79,7
-48.6874,-26.902,4.79,7
-48.6817,-26.9009,7.5,7
-48.6826,-26.9008,6.09,7
-48.683,-26.9006,6.09,7
-48.6821,-26.9006,7.5,7
-48.6808,-26.9009,7.5,7
-48.6804,-26.9007,7.5,7
-48.6813,-26.9007,7.5,7
-48.6852,-26.9011,6.09,7
-48.6848,-26.9009,6.09,7
-48.6839,-26.9005,6.09,7
-48.6839,-26.9009,6.09,7
-48.6843,-26.9007,6.09,7
-48.6835,-26.9008,6.09,7
-48.6888,-26.9029,4.99,7
-48.6888,-26.9025,4.99,7
-48.6888,-26.9034,4.99,7
-48.6888,-26.9038,4.99,7
-48.6888,-26.9042,5.15,7
-48.6717,-26.9017,10.69,7
-48.6775,-26.9045,10.25,7
-48.6775,-26.9049,10.25,7
-48.6735,-26.9029,6.46,7
-48.673,-26.9027,6.46,7
-48.6709,-26.903,5.98,7
-48.6713,-26.9028,6.46,7
-48.6713,-26.9036,5.98,7
-48.6709,-26.9034,5.98,7
-48.6722,-26.9027,6.46,7
-48.6726,-26.9025,6.46,7
-48.6717,-26.9025,6.46,7
-48.6713,-26.904,5.98,7
-48.6718,-26.9046,7.37,7
-48.6714,-26.9045,7.37,7
-48.6819,-26.8923,6.22,7
-48.6819,-26.8927,5.15,7
-48.6818,-26.8915,6.22,7
-48.6818,-26.8919,6.22,7
-48.6819,-26.8935,6.22,7
-48.6819,-26.8931,6.22,7
-48.6823,-26.8925,4.08,7
-48.6827,-26.8922,4.08,7
-48.6907,-26.9091,6.75,7
-48.6908,-26.9108,5.53,7
-48.6908,-26.9112,5.53,7
-48.6908,-26.9099,6.75,7
-48.6908,-26.9095,6.75,7
-48.6908,-26.9103,5.53,7
-48.6908,-26.9116,5.53,7
-48.6908,-26.912,5.53,7
-48.6776,-26.9087,10.25,7
-48.6776,-26.9082,10.25,7
-48.6776,-26.9091,8.203333333333333,7
-48.6794,-26.9102,12.3,7
-48.6798,-26.91,12.3,7
-48.679,-26.91,12.3,7
-48.6776,-26.9095,8.203333333333333,7
-48.6781,-26.9101,12.3,7
-48.6777,-26.9099,8.203333333333333,7
-48.6776,-26.9074,8.64,7
-48.6776,-26.9078,10.25,7
-48.6793,-26.9056,3.2433333333333336,7
-48.6784,-26.9057,3.2433333333333336,7
-48.6788,-26.9054,3.2433333333333336,7
-48.6797,-26.9054,3.2433333333333336,7
-48.6775,-26.9057,5.402,7
-48.6779,-26.9055,3.2433333333333336,7
-48.6775,-26.9053,8.64,7
-48.6775,-26.9062,8.64,7
-48.6779,-26.9047,10.25,7
-48.6779,-26.9051,8.64,7
-48.6801,-26.9056,3.2433333333333336,7
-48.6775,-26.9066,8.64,7
-48.6776,-26.907,8.64,7
-48.6773,-26.9114,9.33,7
-48.6773,-26.9118,9.33,7
-48.6785,-26.9103,12.3,7
-48.682,-26.9101,12.3,7
-48.6825,-26.9098,12.3,7
-48.6816,-26.9099,12.3,7
-48.6807,-26.9099,12.3,7
-48.6812,-26.9101,12.3,7
-48.6803,-26.9102,12.3,7
-48.6829,-26.91,10.87,7
-48.6772,-26.9093,8.203333333333333,7
-48.6772,-26.9097,8.203333333333333,7
-48.6772,-26.9106,8.203333333333333,7
-48.6777,-26.9103,9.842,7
-48.6772,-26.9102,9.842,7
-48.6773,-26.911,8.203333333333333,7
-48.7057,-26.8881,14.18,7
-48.7053,-26.8879,14.18,7
-48.7044,-26.8879,14.18,7
-48.7049,-26.8881,14.18,7
-48.704,-26.8882,14.18,7
-48.7005,-26.888,6.03,7
-48.7009,-26.8877,10.105,7
-48.7001,-26.8878,6.03,7
-48.6944,-26.8875,9.71,7
-48.6974,-26.8863,13.38,7
-48.6978,-26.886,13.38,7
-48.6974,-26.8859,11.943333333333333,7
-48.6978,-26.8865,13.38,7
-48.7002,-26.8911,5.18,7
-48.7002,-26.8915,5.18,7
-48.7002,-26.8924,5.18,7
-48.7006,-26.8921,5.18,7
-48.7002,-26.892,5.18,7
-48.7002,-26.8928,5.18,7
-48.7007,-26.8926,5.18,7
-48.7006,-26.8913,5.18,7
-48.7006,-26.8917,5.18,7
-48.7031,-26.8882,10.105,7
-48.7036,-26.888,14.18,7
-48.7027,-26.888,10.105,7
-48.7018,-26.8881,10.105,7
-48.7022,-26.8879,10.105,7
-48.7014,-26.8879,10.105,7
-48.6983,-26.8866,13.38,7
-48.7002,-26.8932,5.18,7
-48.7007,-26.893,5.18,7
-48.7009,-26.8992,5.72,7
-48.7013,-26.8994,5.72,7
-48.7031,-26.8993,5.72,7
-48.7031,-26.8997,5.72,7
-48.7022,-26.8994,5.72,7
-48.7018,-26.8992,5.72,7
-48.7026,-26.8996,5.72,7
-48.6669,-26.9018,11.9,7
-48.6673,-26.9016,11.9,7
-48.6665,-26.902,11.9,7
-48.6656,-26.9021,11.9,7
-48.666,-26.9019,11.9,7
-48.6651,-26.9019,11.9,7
-48.6652,-26.9036,4.96,7
-48.6656,-26.9034,4.96,7
-48.6652,-26.904,4.96,7
-48.666,-26.9027,4.96,7
-48.6661,-26.9031,4.96,7
-48.6682,-26.9019,10.69,7
-48.6678,-26.9018,11.295,7
-48.6682,-26.9024,10.69,7
-48.6704,-26.9028,10.69,7
-48.6696,-26.9029,10.69,7
-48.67,-26.9027,10.69,7
-48.6713,-26.9019,10.69,7
-48.6709,-26.9026,7.55,7
-48.6713,-26.9024,10.69,7
-48.6687,-26.9029,6.525,7
-48.6691,-26.9027,10.69,7
-48.6687,-26.9025,7.913333333333333,7
-48.6687,-26.9034,6.525,7
-48.6638,-26.9022,11.9,7
-48.6643,-26.902,11.9,7
-48.6647,-26.9022,11.9,7
-48.6836,-26.8918,4.08,7
-48.6832,-26.892,4.08,7
-48.6933,-26.883,4.35,7
-48.6933,-26.8826,4.35,7
-48.6933,-26.8834,4.72,7
-48.6933,-26.8817,4.35,7
-48.6933,-26.8821,4.35,7
-48.6938,-26.884,9.71,7
-48.6942,-26.8838,10.72,7
-48.6934,-26.8838,14.04,7
-48.6938,-26.8836,10.72,7
-48.6938,-26.8844,9.71,7
-48.6942,-26.8842,9.71,7
-48.6933,-26.8813,4.35,7
-48.6939,-26.8857,9.71,7
-48.6939,-26.8861,9.71,7
-48.6943,-26.885,9.71,7
-48.6938,-26.8848,9.71,7
-48.6943,-26.8846,9.71,7
-48.6943,-26.8854,9.71,7
-48.6938,-26.8853,9.71,7
-48.6939,-26.8869,9.71,7
-48.6943,-26.8867,9.71,7
-48.6939,-26.8865,9.71,7
-48.6939,-26.8873,9.71,7
-48.6944,-26.8871,9.71,7
-48.6943,-26.8859,9.71,7
-48.6943,-26.8863,9.71,7
-48.6951,-26.8841,11.943333333333333,7
-48.6947,-26.8839,11.943333333333333,7
-48.6951,-26.8845,11.943333333333333,7
-48.6956,-26.8843,11.943333333333333,7
-48.6965,-26.8851,11.943333333333333,7
-48.6969,-26.8857,11.943333333333333,7
-48.6965,-26.8855,11.943333333333333,7
-48.696,-26.8849,11.943333333333333,7
-48.6956,-26.8847,11.943333333333333,7
-48.683,-26.9261,2.93,7
-48.6834,-26.9259,2.93,7
-48.6826,-26.9259,2.93,7
-48.6817,-26.926,2.93,7
-48.6914,-26.9164,13.18,7
-48.6923,-26.9163,13.18,7
-48.6919,-26.9161,13.18,7
-48.6901,-26.9162,13.18,7
-48.691,-26.9162,13.18,7
-48.6905,-26.916,13.18,7
-48.6953,-26.9142,16.66,7
-48.6957,-26.914,16.66,7
-48.6948,-26.9141,16.66,7
-48.6953,-26.9138,16.66,7
-48.6931,-26.915,6.22,7
-48.6936,-26.9148,6.22,7
-48.6931,-26.9146,6.22,7
-48.6931,-26.9154,6.22,7
-48.6936,-26.9152,6.22,7
-48.6944,-26.9139,16.66,7
-48.6935,-26.9139,6.22,7
-48.694,-26.9137,16.66,7
-48.6935,-26.9143,6.22,7
-48.6936,-26.9156,6.22,7
-48.6892,-26.9163,13.18,7
-48.6884,-26.9163,13.18,7
-48.6888,-26.9161,13.18,7
-48.6897,-26.9161,13.18,7
-48.6875,-26.9164,13.18,7
-48.6879,-26.9162,13.18,7
-48.687,-26.9162,13.18,7
-48.6922,-26.913,16.66,7
-48.6917,-26.9128,16.66,7
-48.6926,-26.9132,16.66,7
-48.6909,-26.9128,16.66,7
-48.6913,-26.9126,16.66,7
-48.6909,-26.9124,9.24,7
-48.6931,-26.9138,6.22,7
-48.6931,-26.9142,6.22,7
-48.6772,-26.9212,9.8,7
-48.6776,-26.921,9.8,7
-48.6772,-26.9208,9.8,7
-48.6772,-26.9217,9.8,7
-48.6776,-26.9214,9.8,7
-48.6776,-26.9202,9.8,7
-48.6776,-26.9206,9.8,7
-48.6788,-26.919,12.19,7
-48.6728,-26.9211,14.36,7
-48.6719,-26.9207,14.36,7
-48.6715,-26.9206,14.36,7
-48.6719,-26.9203,14.36,7
-48.6724,-26.9209,14.36,7
-48.6771,-26.9183,9.8,7
-48.6771,-26.9187,9.8,7
-48.6775,-26.9185,9.8,7
-48.6771,-26.92,9.8,7
-48.6771,-26.9204,9.8,7
-48.6775,-26.9193,9.8,7
-48.678,-26.9191,12.19,7
-48.6771,-26.9192,10.995,7
-48.6775,-26.9189,10.995,7
-48.6776,-26.9198,9.8,7
-48.6771,-26.9196,9.8,7
-48.6773,-26.9242,23.0,7
-48.6773,-26.9246,23.0,7
-48.6777,-26.9243,23.0,7
-48.6782,-26.9249,23.0,7
-48.6777,-26.9248,23.0,7
-48.6819,-26.9186,12.19,7
-48.681,-26.9187,12.19,7
-48.6815,-26.9189,12.19,7
-48.6806,-26.9189,12.19,7
-48.6862,-26.9163,13.18,7
-48.6866,-26.9165,13.18,7
-48.6857,-26.9165,13.18,7
-48.6797,-26.919,12.19,7
-48.6801,-26.9188,12.19,7
-48.6793,-26.9188,12.19,7
-48.6784,-26.9189,12.19,7
-48.688,-26.9314,22.365,7
-48.6876,-26.9312,22.365,7
-48.684,-26.929,22.365,7
-48.6862,-26.9303,22.365,7
-48.6858,-26.9301,22.365,7
-48.6849,-26.9297,22.365,7
-48.6844,-26.9296,22.365,7
-48.6849,-26.9302,22.365,7
-48.6853,-26.9299,22.365,7
-48.6894,-26.9328,22.365,7
-48.6889,-26.9326,22.365,7
-48.6894,-26.9324,22.365,7
-48.6885,-26.932,22.365,7
-48.688,-26.9318,22.365,7
-48.6889,-26.9322,22.365,7
-48.6898,-26.933,22.365,7
-48.6867,-26.9309,22.365,7
-48.6862,-26.9307,22.365,7
-48.6871,-26.9311,22.365,7
-48.6858,-26.9305,22.365,7
-48.6853,-26.9303,22.365,7
-48.6876,-26.9317,22.365,7
-48.6822,-26.9274,23.0,7
-48.6826,-26.928,23.0,7
-48.6822,-26.9278,23.0,7
-48.6817,-26.9272,23.0,7
-48.6813,-26.927,23.0,7
-48.6818,-26.9276,23.0,7
-48.6821,-26.9262,2.93,7
-48.6831,-26.9286,22.365,7
-48.6835,-26.9284,22.365,7
-48.6831,-26.9282,22.365,7
-48.6835,-26.9288,22.365,7
-48.68,-26.9261,23.0,7
-48.6795,-26.9259,23.0,7
-48.6791,-26.9253,23.0,7
-48.6786,-26.9251,23.0,7
-48.6791,-26.9257,23.0,7
-48.6786,-26.9255,23.0,7
-48.6813,-26.9262,2.93,7
-48.6804,-26.9263,12.965,7
-48.6808,-26.926,2.93,7
-48.6809,-26.9269,23.0,7
-48.6804,-26.9267,23.0,7
-48.684,-26.9294,22.365,7
-48.7018,-26.9128,6.64,7
-48.7018,-26.9132,6.64,7
-48.7134,-26.9089,62.93,7
-48.7135,-26.9093,62.93,7
-48.7139,-26.9083,62.93,7
-48.7138,-26.9078,62.93,7
-48.7139,-26.9087,62.93,7
-48.7147,-26.9061,62.93,7
-48.7142,-26.9068,62.93,7
-48.7147,-26.9065,62.93,7
-48.7151,-26.9055,62.93,7
-48.7151,-26.9059,62.93,7
-48.7146,-26.9057,62.93,7
-48.7143,-26.9072,62.93,7
-48.7143,-26.9076,62.93,7
-48.7003,-26.9089,13.24,7
-48.7008,-26.9087,13.24,7
-48.7003,-26.9085,13.24,7
-48.7004,-26.9093,13.24,7
-48.7008,-26.9091,13.24,7
-48.7008,-26.9082,13.24,7
-48.7003,-26.9076,13.24,7
-48.7003,-26.9081,13.24,7
-48.7008,-26.9099,15.0,7
-48.7004,-26.9097,15.0,7
-48.7008,-26.9095,15.0,7
-48.7008,-26.9103,15.0,7
-48.7004,-26.9102,15.0,7
-48.6938,-26.9104,7.49,7
-48.6979,-26.9149,16.66,7
-48.6975,-26.9147,16.66,7
-48.6966,-26.9144,16.66,7
-48.6962,-26.9142,16.66,7
-48.697,-26.9145,16.66,7
-48.7004,-26.9118,15.0,7
-48.7009,-26.9116,15.0,7
-48.7004,-26.9114,15.0,7
-48.7005,-26.9122,15.0,7
-48.7009,-26.912,15.0,7
-48.7008,-26.9108,15.0,7
-48.7013,-26.9113,6.64,7
-48.7009,-26.9112,15.0,7
-48.7004,-26.9106,15.0,7
-48.7004,-26.911,15.0,7
-48.7009,-26.9128,15.0,7
-48.7013,-26.9126,6.64,7
-48.7005,-26.9127,15.0,7
-48.7009,-26.9124,15.0,7
-48.7009,-26.9133,15.0,7
-48.7014,-26.913,6.64,7
-48.7005,-26.9131,15.0,7
-48.7018,-26.9119,6.64,7
-48.7013,-26.9118,6.64,7
-48.7017,-26.9115,6.64,7
-48.7018,-26.9124,6.64,7
-48.7013,-26.9122,6.64,7
-48.6939,-26.912,6.8025,7
-48.6939,-26.9124,6.8025,7
-48.6939,-26.9112,6.8025,7
-48.6939,-26.9108,7.49,7
-48.6939,-26.9116,6.8025,7
-48.6948,-26.9136,16.66,7
-48.6939,-26.9129,6.8025,7
-48.6935,-26.9135,11.44,7
-48.6939,-26.9133,6.8025,7
-48.6931,-26.9133,16.66,7
-48.7001,-26.9031,10.715,7
-48.7001,-26.9026,10.715,7
-48.7002,-26.9035,10.715,7
-48.7001,-26.9018,10.715,7
-48.7001,-26.9022,10.715,7
-48.7002,-26.9039,10.715,7
-48.7002,-26.9043,10.715,7
-48.7002,-26.906,13.24,7
-48.7002,-26.9056,13.24,7
-48.7003,-26.9064,13.24,7
-48.7002,-26.9047,11.572,7
-48.7002,-26.9051,13.24,7
-48.7003,-26.9068,13.24,7
-48.7003,-26.9072,13.24,7
-48.7098,-26.9185,41.98,7
-48.7094,-26.9184,41.98,7
-48.7098,-26.9181,62.93,7
-48.7103,-26.9187,21.03,7
-48.7094,-26.9188,62.93,7
-48.7102,-26.9175,62.93,7
-48.709,-26.9182,21.03,7
-48.7081,-26.9182,21.03,7
-48.7085,-26.918,21.03,7
-48.7098,-26.9177,62.93,7
-48.7103,-26.9196,21.03,7
-48.7107,-26.9193,21.03,7
-48.7107,-26.9189,21.03,7
-48.709,-26.9194,62.93,7
-48.7094,-26.9192,62.93,7
-48.709,-26.9199,62.93,7
-48.7068,-26.9177,21.03,7
-48.7063,-26.9175,17.455,7
-48.7054,-26.9172,17.455,7
-48.705,-26.917,17.455,7
-48.7059,-26.9173,17.455,7
-48.7076,-26.9181,21.03,7
-48.7072,-26.9179,21.03,7
-48.7081,-26.9178,21.03,7
-48.7076,-26.9176,21.03,7
-48.711,-26.9145,62.93,7
-48.711,-26.9149,62.93,7
-48.7102,-26.9166,62.93,7
-48.7106,-26.9164,62.93,7
-48.7102,-26.9171,62.93,7
-48.7106,-26.9156,62.93,7
-48.711,-26.9153,62.93,7
-48.7106,-26.916,62.93,7
-48.7086,-26.9213,62.93,7
-48.7086,-26.9209,62.93,7
-48.7082,-26.9216,62.93,7
-48.709,-26.9203,62.93,7
-48.7086,-26.9205,62.93,7
-48.7126,-26.911,62.93,7
-48.7131,-26.9108,62.93,7
-48.7126,-26.9106,62.93,7
-48.7127,-26.9115,62.93,7
-48.713,-26.91,62.93,7
-48.7135,-26.9097,62.93,7
-48.7131,-26.9104,62.93,7
-48.7122,-26.9117,62.93,7
-48.7122,-26.9121,62.93,7
-48.7114,-26.9138,62.93,7
-48.7119,-26.9136,62.93,7
-48.7114,-26.9143,62.93,7
-48.7118,-26.9128,62.93,7
-48.7123,-26.9125,62.93,7
-48.7118,-26.9132,62.93,7
-48.7037,-26.9164,17.455,7
-48.7023,-26.9163,17.455,7
-48.7019,-26.9161,17.455,7
-48.7041,-26.917,17.455,7
-48.7045,-26.9168,17.455,7
-48.7037,-26.9168,17.455,7
-48.7041,-26.9166,17.455,7
-48.7032,-26.9167,17.455,7
-48.7028,-26.9165,17.455,7
-48.7014,-26.9134,6.64,7
-48.7005,-26.9135,15.0,7
-48.6656,-26.914,8.53,7
-48.6651,-26.9147,9.42,7
-48.6656,-26.9144,8.53,7
-48.6672,-26.9122,8.53,7
-48.6668,-26.9129,8.53,7
-48.6673,-26.9127,8.53,7
-48.6677,-26.912,8.53,7
-48.6664,-26.9131,8.53,7
-48.666,-26.9138,8.53,7
-48.6664,-26.9136,8.53,7
-48.6612,-26.913,6.64,7
-48.6607,-26.9137,6.64,7
-48.6612,-26.9135,6.64,7
-48.6608,-26.9141,6.64,7
-48.6616,-26.9128,6.64,7
-48.6646,-26.9103,7.96,7
-48.6645,-26.9099,7.96,7
-48.665,-26.9105,7.96,7
-48.6665,-26.9152,10.31,7
-48.6669,-26.9158,10.31,7
-48.6665,-26.9156,10.31,7
-48.666,-26.915,10.31,7
-48.6656,-26.9149,10.31,7
-48.666,-26.9155,10.31,7
-48.6674,-26.9164,10.31,7
-48.6674,-26.916,10.31,7
-48.6678,-26.9166,10.31,7
-48.6603,-26.9148,6.64,7
-48.6603,-26.9144,6.64,7
-48.6697,-26.9079,5.04,7
-48.6702,-26.9077,5.04,7
-48.6702,-26.9081,5.04,7
-48.6706,-26.9074,9.92,7
-48.671,-26.9072,9.92,7
-48.6701,-26.9073,9.92,7
-48.6702,-26.9089,5.04,7
-48.6702,-26.9085,5.04,7
-48.6702,-26.9093,5.04,7
-48.6718,-26.9051,7.37,7
-48.6723,-26.9057,7.37,7
-48.6718,-26.9055,7.37,7
-48.6732,-26.9073,9.92,7
-48.6736,-26.907,9.92,7
-48.6728,-26.9071,11.325,7
-48.6728,-26.9075,12.73,7
-48.6719,-26.9071,9.92,7
-48.6723,-26.9073,9.92,7
-48.6715,-26.9074,9.92,7
-48.6658,-26.9079,10.13,7
-48.6662,-26.9077,9.995,7
-48.6687,-26.9046,6.525,7
-48.6692,-26.904,6.525,7
-48.6687,-26.9038,6.525,7
-48.6692,-26.9044,6.525,7
-48.6687,-26.9042,6.525,7
-48.6714,-26.9049,7.37,7
-48.6711,-26.9097,10.266666666666666,7
-48.6702,-26.9098,8.94,7
-48.6707,-26.9095,10.89,7
-48.6689,-26.9105,9.165,7
-48.6685,-26.9103,9.165,7
-48.6689,-26.91,9.995,7
-48.6728,-26.9092,12.73,7
-48.6733,-26.9089,12.73,7
-48.6728,-26.9088,12.73,7
-48.6728,-26.9096,10.8825,7
-48.6733,-26.9094,10.8825,7
-48.6724,-26.9094,10.266666666666666,7
-48.6715,-26.9095,10.266666666666666,7
-48.6728,-26.9079,12.73,7
-48.6728,-26.9083,12.73,7
-48.6733,-26.9102,12.73,7
-48.6729,-26.91,12.73,7
-48.6733,-26.9098,12.73,7
-48.6733,-26.9106,12.73,7
-48.6741,-26.9093,10.266666666666666,7
-48.6737,-26.9095,10.266666666666666,7
-48.672,-26.9096,10.266666666666666,7
-48.6671,-26.9093,9.165,7
-48.6667,-26.9091,9.165,7
-48.6671,-26.9085,9.995,7
-48.6676,-26.9091,9.995,7
-48.6671,-26.9089,9.58,7
-48.6662,-26.9085,9.165,7
-48.6667,-26.9083,9.995,7
-48.6658,-26.9084,10.13,7
-48.6662,-26.9081,9.995,7
-48.6667,-26.9087,9.165,7
-48.668,-26.9097,9.165,7
-48.6685,-26.9094,9.995,7
-48.6676,-26.9095,9.165,7
-48.668,-26.9093,9.995,7
-48.6681,-26.9101,9.165,7
-48.6685,-26.9099,9.995,7
-48.6588,-26.9071,4.345,7
-48.6648,-26.9042,4.96,7
-48.6579,-26.9068,4.345,7
-48.6574,-26.9066,4.345,7
-48.6583,-26.9069,4.345,7
-48.6632,-26.9081,7.96,7
-48.6636,-26.9087,7.96,7
-48.6632,-26.9085,7.96,7
-48.6627,-26.9079,7.96,7
-48.6641,-26.9093,7.96,7
-48.6636,-26.9091,7.96,7
-48.6641,-26.9097,7.96,7
-48.6701,-26.9196,14.36,7
-48.6697,-26.9194,14.36,7
-48.6701,-26.9192,14.36,7
-48.6706,-26.9198,14.36,7
-48.6697,-26.919,14.36,7
-48.6692,-26.9188,14.36,7
-48.6715,-26.9201,14.36,7
-48.671,-26.92,14.36,7
-48.6688,-26.9182,14.36,7
-48.6683,-26.918,14.36,7
-48.6688,-26.9186,14.36,7
-48.6773,-26.9122,9.33,7
-48.6773,-26.9127,8.41,7
-48.6773,-26.9135,8.41,7
-48.6773,-26.9131,8.41,7
-48.6734,-26.9119,12.73,7
-48.6734,-26.9123,12.73,7
-48.6733,-26.911,12.73,7
-48.6733,-26.9114,12.73,7
-48.6683,-26.9168,10.31,7
-48.6532,-26.9217,13.56,7
-48.7243,-26.8565,16.27,7
-48.7239,-26.8564,16.27,7
-48.7243,-26.857,16.27,7
-48.7243,-26.8574,16.27,7
-48.722,-26.8527,16.27,7
-48.722,-26.8523,16.27,7
-48.722,-26.8531,16.27,7
-48.7229,-26.8547,16.27,7
-48.7229,-26.8543,16.27,7
-48.7234,-26.8549,16.27,7
-48.7225,-26.8537,16.27,7
-48.722,-26.8535,16.27,7
-48.7225,-26.8541,16.27,7
-48.7234,-26.8558,16.27,7
-48.7234,-26.8553,16.27,7
-48.7239,-26.8559,16.27,7
-48.7303,-26.8656,5.82,7
-48.7304,-26.8668,5.82,7
-48.7304,-26.8672,5.82,7
-48.7303,-26.866,5.82,7
-48.7303,-26.8664,5.82,7
-48.7304,-26.8681,5.82,7
-48.7304,-26.8677,5.82,7
-48.7304,-26.8685,5.82,7
-48.73,-26.8696,5.82,7
-48.7304,-26.8689,5.82,7
-48.7304,-26.8693,5.82,7
-48.7229,-26.8778,18.1,7
-48.7229,-26.8782,18.1,7
-48.7229,-26.879,18.1,7
-48.7229,-26.8786,18.1,7
-48.7229,-26.8794,18.1,7
-48.7234,-26.8809,18.1,7
-48.7234,-26.8813,18.1,7
-48.723,-26.8807,18.1,7
-48.723,-26.8811,18.1,7
-48.7229,-26.8799,18.1,7
-48.7229,-26.8803,18.1,7
-48.723,-26.8819,18.1,7
-48.7234,-26.8817,18.1,7
-48.723,-26.8815,18.1,7
-48.723,-26.8824,18.1,7
-48.7234,-26.8821,18.1,7
-48.7315,-26.8883,26.15,7
-48.7307,-26.8884,26.15,7
-48.7311,-26.8881,26.15,7
-48.7289,-26.8889,26.15,7
-48.7298,-26.8884,26.15,7
-48.7302,-26.8886,26.15,7
-48.7294,-26.8887,26.15,7
-48.7333,-26.8878,36.025,7
-48.7337,-26.8875,36.025,7
-48.732,-26.8881,26.15,7
-48.7341,-26.8877,36.025,7
-48.7346,-26.8875,36.025,7
-48.7276,-26.8892,26.15,7
-48.7281,-26.8889,26.15,7
-48.7272,-26.889,26.15,7
-48.7285,-26.8887,26.15,7
-48.7263,-26.8891,26.15,7
-48.7263,-26.8895,26.15,7
-48.7268,-26.8892,26.15,7
-48.7259,-26.8893,26.15,7
-48.7235,-26.8838,18.1,7
-48.7235,-26.8842,18.1,7
-48.7231,-26.8836,18.1,7
-48.7231,-26.884,18.1,7
-48.7235,-26.883,18.1,7
-48.723,-26.8828,18.1,7
-48.7235,-26.8825,18.1,7
-48.7235,-26.8834,18.1,7
-48.723,-26.8832,18.1,7
-48.722,-26.8893,5.49,7
-48.722,-26.8897,5.07,7
-48.7224,-26.8887,5.49,7
-48.7224,-26.8883,5.49,7
-48.7224,-26.8891,5.49,7
-48.7219,-26.8889,5.49,7
-48.7228,-26.8872,5.49,7
-48.7228,-26.8876,5.49,7
-48.7228,-26.888,5.49,7
-48.696,-26.9347,10.53,7
-48.6964,-26.9345,10.53,7
-48.6956,-26.9366,4.49,7
-48.696,-26.9364,4.49,7
-48.6956,-26.9362,4.49,7
-48.6931,-26.9409,12.82,7
-48.6927,-26.9416,12.82,7
-48.6932,-26.9413,12.82,7
-48.694,-26.94,12.82,7
-48.6936,-26.9407,12.82,7
-48.694,-26.9405,12.82,7
-48.6944,-26.9398,12.82,7
-48.6919,-26.9429,12.82,7
-48.6915,-26.9431,12.82,7
-48.6923,-26.9418,12.82,7
-48.6919,-26.9425,12.82,7
-48.6923,-26.9422,12.82,7
-48.6816,-26.9486,17.49,7
-48.6812,-26.9484,17.49,7
-48.6799,-26.9487,17.49,7
-48.6803,-26.9484,17.49,7
-48.6794,-26.9485,17.49,7
-48.6798,-26.9483,17.49,7
-48.682,-26.9487,17.49,7
-48.6772,-26.9484,17.49,7
-48.6777,-26.9482,17.49,7
-48.6768,-26.9482,17.49,7
-48.6772,-26.948,17.49,7
-48.6763,-26.9481,17.49,7
-48.6759,-26.9479,17.49,7
-48.679,-26.9483,17.49,7
-48.6781,-26.9484,17.49,7
-48.6785,-26.9481,17.49,7
-48.6807,-26.9482,17.49,7
-48.7041,-26.9306,62.93,7
-48.7046,-26.9304,62.93,7
-48.7042,-26.931,62.93,7
-48.705,-26.9297,62.93,7
-48.705,-26.9293,62.93,7
-48.7046,-26.93,62.93,7
-48.7037,-26.9313,62.93,7
-48.7033,-26.9319,62.93,7
-48.7037,-26.9317,62.93,7
-48.7054,-26.9287,62.93,7
-48.7054,-26.9291,62.93,7
-48.7025,-26.9332,62.93,7
-48.7033,-26.9323,62.93,7
-48.6977,-26.9337,10.53,7
-48.6981,-26.9335,10.53,7
-48.699,-26.9335,10.53,7
-48.6994,-26.9332,10.53,7
-48.6986,-26.9333,10.53,7
-48.6973,-26.9336,10.53,7
-48.6968,-26.9342,10.53,7
-48.6973,-26.934,10.53,7
-48.6977,-26.9333,10.53,7
-48.6981,-26.9331,10.53,7
-48.702,-26.9331,62.93,7
-48.7016,-26.9337,36.73,7
-48.7021,-26.9335,62.93,7
-48.7012,-26.9335,10.53,7
-48.7029,-26.9322,62.93,7
-48.7025,-26.9328,62.93,7
-48.7029,-26.9326,62.93,7
-48.7003,-26.9336,10.53,7
-48.7007,-26.9333,10.53,7
-48.6999,-26.9334,10.53,7
-48.7074,-26.9233,62.93,7
-48.7078,-26.9222,62.93,7
-48.7082,-26.922,62.93,7
-48.7078,-26.9226,62.93,7
-48.7082,-26.9224,62.93,7
-48.7074,-26.9241,62.93,7
-48.7074,-26.9237,62.93,7
-48.707,-26.9244,62.93,7
-48.7078,-26.9231,62.93,7
-48.7058,-26.9276,62.93,7
-48.7054,-26.9282,62.93,7
-48.7058,-26.928,62.93,7
-48.7066,-26.9259,62.93,7
-48.7066,-26.9263,62.93,7
-48.7062,-26.9261,62.93,7
-48.707,-26.9248,62.93,7
-48.7066,-26.9254,62.93,7
-48.707,-26.9252,62.93,7
-48.7062,-26.9269,62.93,7
-48.7062,-26.9265,62.93,7
-48.7058,-26.9272,62.93,7
-48.7014,-26.9385,13.684285714285716,7
-48.7009,-26.9384,13.684285714285716,7
-48.7,-26.938,12.9375,7
-48.6996,-26.9378,12.9375,7
-48.7,-26.9384,12.9375,7
-48.7005,-26.9382,12.9375,7
-48.6996,-26.9382,12.9375,7
-48.7022,-26.9389,13.684285714285716,7
-48.7018,-26.9387,13.684285714285716,7
-48.7027,-26.9387,18.555,7
-48.7022,-26.9385,13.684285714285716,7
-48.6978,-26.9371,4.49,7
-48.6969,-26.9367,4.49,7
-48.6965,-26.9365,4.49,7
-48.6974,-26.9369,4.49,7
-48.6987,-26.9379,12.9375,7
-48.6983,-26.9377,12.9375,7
-48.6992,-26.938,12.9375,7
-48.6978,-26.9375,12.9375,7
-48.7004,-26.9348,62.93,7
-48.6999,-26.9355,62.93,7
-48.7004,-26.9352,62.93,7
-48.7012,-26.9339,62.93,7
-48.7008,-26.9346,62.93,7
-48.7012,-26.9344,62.93,7
-48.704,-26.9392,18.555,7
-48.7036,-26.939,18.555,7
-48.7027,-26.9391,18.555,7
-48.7031,-26.9388,18.555,7
-48.7155,-26.9673,3.8,7
-48.7155,-26.9677,3.8,7
-48.7154,-26.9669,3.8,7
-48.7155,-26.9686,3.8,7
-48.7159,-26.9683,3.8,7
-48.7155,-26.9682,3.8,7
-48.7155,-26.969,3.8,7
-48.7301,-26.8972,12.36,7
-48.7305,-26.8969,12.36,7
-48.7296,-26.897,12.36,7
-48.7301,-26.8968,12.36,7
-48.7288,-26.8975,12.36,7
-48.7292,-26.8972,12.36,7
-48.7318,-26.8962,12.36,7
-48.7326,-26.8953,12.36,7
-48.7309,-26.8963,12.36,7
-48.7314,-26.8961,12.36,7
-48.7309,-26.8967,12.36,7
-48.7314,-26.8965,12.36,7
-48.7305,-26.8965,12.36,7
-48.7318,-26.8958,12.36,7
-48.7322,-26.8956,12.36,7
-48.7175,-26.8999,7.07,7
-48.7179,-26.9,7.07,7
-48.7218,-26.8971,8.325,7
-48.7213,-26.8969,8.325,7
-48.7222,-26.8968,8.325,7
-48.7209,-26.8967,8.325,7
-48.7205,-26.8965,8.325,7
-48.7227,-26.897,8.325,7
-48.7196,-26.8962,8.325,7
-48.7191,-26.896,8.325,7
-48.72,-26.8964,8.325,7
-48.7189,-26.9017,7.07,7
-48.7189,-26.9012,7.07,7
-48.7184,-26.9006,7.07,7
-48.718,-26.9005,7.07,7
-48.7184,-26.9011,7.07,7
-48.7224,-26.8903,14.77,7
-48.7216,-26.8904,9.227142857142857,7
-48.722,-26.8902,9.227142857142857,7
-48.7216,-26.8908,3.81,7
-48.7207,-26.8905,16.79,7
-48.7211,-26.8902,14.77,7
-48.7242,-26.8898,18.44,7
-48.7246,-26.8896,18.44,7
-48.7237,-26.8901,14.77,7
-48.7229,-26.8901,14.77,7
-48.7233,-26.8899,14.77,7
-48.7224,-26.8899,14.77,7
-48.725,-26.8898,26.15,7
-48.7255,-26.8895,26.15,7
-48.7516,-26.887,35.205,7
-48.7511,-26.8869,35.205,7
-48.7503,-26.8869,35.205,7
-48.7498,-26.8867,35.205,7
-48.752,-26.8876,35.05,7
-48.7525,-26.8874,35.05,7
-48.7516,-26.8875,35.205,7
-48.752,-26.8872,35.05,7
-48.7511,-26.8873,35.205,7
-48.7507,-26.8871,35.205,7
-48.7463,-26.8861,35.205,7
-48.7467,-26.8863,35.205,7
-48.7459,-26.8863,35.205,7
-48.745,-26.886,35.205,7
-48.7454,-26.8862,35.205,7
-48.7446,-26.8862,35.205,7
-48.7489,-26.8864,35.205,7
-48.7485,-26.8862,35.205,7
-48.7494,-26.8865,35.205,7
-48.7476,-26.8862,35.205,7
-48.7472,-26.8861,35.205,7
-48.7481,-26.8864,35.205,7
-48.7398,-26.8863,35.205,7
-48.7402,-26.8861,35.205,7
-48.738,-26.8868,35.205,7
-48.7389,-26.8864,35.205,7
-48.7393,-26.8861,35.205,7
-48.7393,-26.8866,35.205,7
-48.7385,-26.8866,35.205,7
-48.7424,-26.8862,35.205,7
-48.7428,-26.8859,35.205,7
-48.7419,-26.886,35.205,7
-48.7411,-26.886,35.205,7
-48.7415,-26.8858,35.205,7
-48.7406,-26.8858,35.205,7
-48.7437,-26.8863,35.205,7
-48.7441,-26.886,35.205,7
-48.7432,-26.8861,35.205,7
-48.7415,-26.8862,35.205,7
-48.7367,-26.8871,36.025,7
-48.7372,-26.8869,36.025,7
-48.7363,-26.887,36.025,7
-48.7376,-26.8867,35.25666666666667,7
-48.7354,-26.8874,36.025,7
-48.7359,-26.8872,36.025,7
-48.735,-26.8873,36.025,7
-48.7547,-26.8883,35.05,7
-48.7542,-26.8881,35.05,7
-48.7533,-26.8878,35.05,7
-48.7529,-26.8876,35.05,7
-48.7538,-26.8879,35.05,7
-48.7551,-26.8889,23.3,7
-48.7556,-26.8887,11.55,7
-48.7547,-26.8887,35.05,7
-48.7551,-26.8885,35.05,7
-48.756,-26.888,11.55,7
-48.7564,-26.8878,11.55,7
-48.756,-26.8884,11.55,7
-48.7555,-26.8882,11.55,7
-48.7577,-26.8871,11.55,7
-48.7581,-26.8868,11.55,7
-48.759,-26.8864,11.55,7
-48.7585,-26.8866,11.55,7
-48.7568,-26.8871,11.55,7
-48.7572,-26.8869,11.55,7
-48.7568,-26.8875,11.55,7
-48.7573,-26.8873,11.55,7
-48.6527,-26.9219,13.56,7
-48.6531,-26.9213,13.56,7
-48.6502,-26.9246,13.56,7
-48.6519,-26.9237,13.56,7
-48.6523,-26.9234,13.56,7
-48.6515,-26.9239,13.56,7
-48.6528,-26.9228,13.56,7
-48.6527,-26.9224,13.56,7
-48.6523,-26.923,13.56,7
-48.6506,-26.9244,13.56,7
-48.6511,-26.9241,13.56,7
-48.6741,-26.9476,17.49,7
-48.6737,-26.9474,17.49,7
-48.6746,-26.9477,17.49,7
-48.6755,-26.9477,17.49,7
-48.675,-26.9475,17.49,7
-48.6861,-26.9018,7.835,17
-48.6874,-26.9007,9.41,17
-48.6869,-26.9005,9.41,17
-48.687,-26.901,9.41,17
-48.6883,-26.9023,7.835,17
-48.6887,-26.9021,11.016,17
-48.6879,-26.9022,7.835,17
-48.687,-26.9018,9.41,17
-48.687,-26.9014,9.41,17
-48.687,-26.9022,6.724285714285714,17
-48.6874,-26.902,7.835,17
-48.6866,-26.902,7.835,17
-48.6817,-26.9009,8.53,17
-48.6826,-26.9008,8.53,17
-48.683,-26.9006,8.53,17
-48.6821,-26.9006,8.53,17
-48.6808,-26.9009,8.53,17
-48.6804,-26.9007,8.53,17
-48.6813,-26.9007,8.53,17
-48.6852,-26.9011,8.53,17
-48.6848,-26.9009,8.53,17
-48.6839,-26.9005,8.53,17
-48.6839,-26.9009,8.53,17
-48.6843,-26.9007,8.53,17
-48.6835,-26.9008,8.53,17
-48.6867,-26.9054,11.42,17
-48.6888,-26.9029,14.46,17
-48.6888,-26.9025,14.46,17
-48.6888,-26.9034,14.46,17
-48.6866,-26.9037,6.28,17
-48.687,-26.9035,6.28,17
-48.6866,-26.9033,6.28,17
-48.6866,-26.9041,7.4575,17
-48.6871,-26.9039,7.4575,17
-48.687,-26.9026,6.28,17
-48.687,-26.903,6.28,17
-48.6888,-26.9046,14.46,17
-48.6888,-26.905,14.46,17
-48.6888,-26.9038,14.46,17
-48.6888,-26.9042,14.46,17
-48.6866,-26.9045,7.126666666666666,17
-48.6867,-26.905,11.42,17
-48.6912,-26.8973,10.485,17
-48.6916,-26.8975,10.485,17
-48.6908,-26.8976,10.485,17
-48.6899,-26.8976,10.485,17
-48.6903,-26.8974,10.485,17
-48.6895,-26.8975,10.485,17
-48.6942,-26.8957,4.255,17
-48.6942,-26.8953,4.255,17
-48.6942,-26.8961,4.255,17
-48.6934,-26.8974,10.485,17
-48.6947,-26.8967,5.37,17
-48.6942,-26.8965,4.626666666666667,17
-48.6951,-26.8969,5.37,17
-48.6925,-26.8975,10.485,17
-48.6921,-26.8973,10.485,17
-48.693,-26.8977,10.485,17
-48.6938,-26.8963,5.37,17
-48.6956,-26.8975,5.37,17
-48.6951,-26.8973,5.37,17
-48.6886,-26.8975,10.485,17
-48.689,-26.8977,10.485,17
-48.6799,-26.8989,9.38,17
-48.679,-26.8989,9.38,17
-48.6795,-26.8987,9.38,17
-48.6782,-26.899,9.38,17
-48.6786,-26.8988,9.38,17
-48.6777,-26.8988,9.38,17
-48.6738,-26.8984,11.63,17
-48.6742,-26.899,11.63,17
-48.6738,-26.8989,11.63,17
-48.676,-26.9002,11.63,17
-48.6756,-26.9,11.63,17
-48.6768,-26.8989,9.38,17
-48.6773,-26.8991,9.38,17
-48.6747,-26.8996,11.63,17
-48.6751,-26.8994,11.63,17
-48.6747,-26.8992,11.63,17
-48.6751,-26.8998,11.63,17
-48.6775,-26.9045,6.886666666666667,17
-48.6775,-26.9049,6.886666666666667,17
-48.6778,-26.9026,5.15,17
-48.6774,-26.9024,5.15,17
-48.6779,-26.903,5.15,17
-48.6778,-26.9022,5.15,17
-48.6779,-26.9038,5.15,17
-48.6779,-26.9034,5.15,17
-48.6779,-26.9043,6.886666666666667,17
-48.6775,-26.8938,4.77,17
-48.6767,-26.8939,4.77,17
-48.6771,-26.8936,4.77,17
-48.678,-26.8936,4.77,17
-48.6823,-26.8925,5.13,17
-48.6827,-26.8922,5.13,17
-48.6816,-26.8988,9.38,17
-48.6821,-26.8985,9.38,17
-48.6812,-26.8986,9.38,17
-48.6803,-26.8987,9.38,17
-48.6808,-26.8988,9.38,17
-48.6881,-26.9097,11.02,17
-48.6886,-26.9094,11.02,17
-48.6877,-26.9095,11.02,17
-48.689,-26.9088,15.94,17
-48.6885,-26.9086,15.94,17
-48.689,-26.9084,15.94,17
-48.6868,-26.9095,11.02,17
-48.6873,-26.9097,11.02,17
-48.6864,-26.9098,11.02,17
-48.6899,-26.9096,11.02,17
-48.689,-26.9096,11.02,17
-48.6894,-26.9094,11.02,17
-48.6916,-26.9095,11.03,17
-48.6859,-26.9096,11.02,17
-48.6885,-26.9069,15.94,17
-48.6889,-26.9059,14.46,17
-48.6889,-26.9054,14.46,17
-48.6889,-26.9063,14.46,17
-48.6885,-26.9078,15.94,17
-48.6889,-26.9075,15.94,17
-48.6885,-26.9073,15.94,17
-48.6885,-26.9082,15.94,17
-48.6889,-26.9079,15.94,17
-48.6889,-26.9067,15.94,17
-48.6889,-26.9071,15.94,17
-48.6887,-26.9124,5.65,17
-48.6887,-26.9128,5.65,17
-48.6886,-26.9115,5.42,17
-48.6891,-26.9121,5.65,17
-48.6886,-26.9119,5.535,17
-48.6878,-26.9116,5.42,17
-48.6873,-26.9114,5.42,17
-48.6882,-26.9118,5.42,17
-48.6887,-26.9136,5.65,17
-48.6891,-26.9134,5.65,17
-48.6887,-26.9132,5.65,17
-48.6887,-26.914,5.65,17
-48.6891,-26.9125,5.65,17
-48.6891,-26.913,5.65,17
-48.6921,-26.9096,11.03,17
-48.6912,-26.9097,11.03,17
-48.6903,-26.9097,11.02,17
-48.6908,-26.9095,11.02,17
-48.6869,-26.9112,5.42,17
-48.6923,-26.9031,12.53,17
-48.6923,-26.9036,12.53,17
-48.694,-26.9022,10.49,17
-48.6931,-26.9022,10.49,17
-48.6936,-26.902,10.49,17
-48.6909,-26.9022,10.49,17
-48.6914,-26.9024,10.49,17
-48.6905,-26.9024,10.49,17
-48.6922,-26.901,12.53,17
-48.6922,-26.9015,12.53,17
-48.6896,-26.902,10.49,17
-48.6901,-26.9022,10.49,17
-48.6892,-26.9023,10.49,17
-48.6923,-26.9023,11.51,17
-48.6927,-26.9021,10.49,17
-48.6918,-26.9021,10.49,17
-48.6922,-26.9019,12.53,17
-48.6923,-26.9027,12.53,17
-48.6944,-26.902,10.49,17
-48.6954,-26.9052,10.02,17
-48.6945,-26.9053,10.02,17
-48.695,-26.9051,10.02,17
-48.6937,-26.9053,10.02,17
-48.6941,-26.9051,10.02,17
-48.6932,-26.9052,10.02,17
-48.6972,-26.9051,14.55,17
-48.6976,-26.9049,14.55,17
-48.6967,-26.9049,14.55,17
-48.6985,-26.9048,9.07,17
-48.6989,-26.905,9.07,17
-48.698,-26.9051,14.55,17
-48.6963,-26.9052,14.55,17
-48.6911,-26.9055,10.02,17
-48.6915,-26.9053,10.02,17
-48.6906,-26.9053,10.02,17
-48.6923,-26.904,12.53,17
-48.6923,-26.9044,12.53,17
-48.6924,-26.9052,11.275,17
-48.6923,-26.9048,12.53,17
-48.6928,-26.9054,10.02,17
-48.6919,-26.9055,10.02,17
-48.6789,-26.9088,11.905,17
-48.6785,-26.9086,11.905,17
-48.6794,-26.909,11.905,17
-48.6776,-26.9087,8.053333333333333,17
-48.6776,-26.9082,8.053333333333333,17
-48.6776,-26.9091,9.7325,17
-48.6794,-26.9102,8.86,17
-48.6798,-26.91,8.86,17
-48.679,-26.91,8.86,17
-48.6802,-26.9089,11.905,17
-48.6803,-26.9093,11.905,17
-48.6807,-26.9091,11.905,17
-48.6798,-26.9092,11.905,17
-48.6776,-26.9095,9.7325,17
-48.6781,-26.9101,8.86,17
-48.6777,-26.9099,9.7325,17
-48.6767,-26.907,4.36,17
-48.6762,-26.9069,4.36,17
-48.6758,-26.9067,4.36,17
-48.6776,-26.9074,6.255,17
-48.6771,-26.9072,4.36,17
-48.6776,-26.9078,6.886666666666667,17
-48.6793,-26.9056,2.65,17
-48.6784,-26.9057,2.65,17
-48.6788,-26.9054,2.65,17
-48.6797,-26.9054,2.65,17
-48.6775,-26.9057,5.8275,17
-48.6779,-26.9055,2.65,17
-48.6775,-26.9053,6.886666666666667,17
-48.6775,-26.9062,6.886666666666667,17
-48.6779,-26.9047,6.886666666666667,17
-48.6779,-26.9051,6.886666666666667,17
-48.6801,-26.9056,2.65,17
-48.6775,-26.9066,6.886666666666667,17
-48.6776,-26.907,6.886666666666667,17
-48.6781,-26.9113,1.83,17
-48.6773,-26.9114,9.7325,17
-48.6777,-26.9112,1.83,17
-48.6773,-26.9118,9.7325,17
-48.6785,-26.9103,8.86,17
-48.6825,-26.9098,11.905,17
-48.682,-26.9096,11.905,17
-48.6807,-26.9099,8.86,17
-48.6811,-26.9097,11.905,17
-48.6807,-26.9095,11.905,17
-48.6803,-26.9102,8.86,17
-48.6816,-26.9095,11.905,17
-48.6811,-26.9093,11.905,17
-48.6772,-26.9093,9.7325,17
-48.6772,-26.9097,9.7325,17
-48.6742,-26.9101,9.0,17
-48.6772,-26.9106,9.7325,17
-48.6777,-26.9103,9.558,17
-48.6772,-26.9102,9.558,17
-48.6773,-26.911,8.152,17
-48.7062,-26.8878,11.27,17
-48.7061,-26.887,11.27,17
-48.7062,-26.8874,11.27,17
-48.7107,-26.8921,17.71,17
-48.7107,-26.8926,17.71,17
-48.7152,-26.8829,22.22666666666667,17
-48.7143,-26.8829,20.735,17
-48.7147,-26.8827,22.22666666666667,17
-48.7143,-26.8833,20.735,17
-48.7156,-26.8826,22.22666666666667,17
-48.7152,-26.8824,22.22666666666667,17
-48.7139,-26.8827,21.63,17
-48.7139,-26.8831,20.735,17
-48.7143,-26.8825,22.22666666666667,17
-48.716,-26.8828,22.22666666666667,17
-48.7139,-26.884,20.735,17
-48.7143,-26.8837,20.735,17
-48.7139,-26.8836,20.735,17
-48.7139,-26.8844,20.735,17
-48.7143,-26.8842,20.735,17
-48.714,-26.8857,20.735,17
-48.714,-26.8861,20.735,17
-48.7139,-26.8848,20.735,17
-48.7139,-26.8852,20.735,17
-48.714,-26.8869,20.735,17
-48.714,-26.8865,20.735,17
-48.714,-26.8873,20.735,17
-48.7001,-26.8882,3.01,17
-48.7001,-26.8886,3.01,17
-48.7005,-26.8876,15.05,17
-48.7,-26.8874,15.05,17
-48.7005,-26.888,7.54,17
-48.7009,-26.8877,9.4175,17
-48.7001,-26.8878,8.136,17
-48.6979,-26.8881,2.54,17
-48.6992,-26.8874,15.05,17
-48.6996,-26.8872,15.05,17
-48.6987,-26.8872,12.805,17
-48.6992,-26.887,15.05,17
-48.6996,-26.8876,15.05,17
-48.7001,-26.8895,3.01,17
-48.7001,-26.889,3.01,17
-48.6974,-26.8863,12.805,17
-48.6978,-26.886,10.54,17
-48.6974,-26.8859,10.54,17
-48.6978,-26.8865,10.54,17
-48.6979,-26.8873,2.54,17
-48.6978,-26.8869,2.54,17
-48.6979,-26.8877,2.54,17
-48.706,-26.8832,11.27,17
-48.706,-26.8836,11.27,17
-48.7056,-26.8835,11.27,17
-48.7031,-26.8882,8.7,17
-48.7027,-26.888,7.54,17
-48.7018,-26.8877,15.05,17
-48.7018,-26.8881,9.4175,17
-48.7022,-26.8879,9.4175,17
-48.7014,-26.8879,9.4175,17
-48.7061,-26.8849,11.27,17
-48.7061,-26.8853,11.27,17
-48.706,-26.8841,11.27,17
-48.7061,-26.8845,11.27,17
-48.7056,-26.8839,11.27,17
-48.7056,-26.8843,11.27,17
-48.7061,-26.8862,11.27,17
-48.7061,-26.8857,11.27,17
-48.7061,-26.8866,11.27,17
-48.6983,-26.8862,9.4075,17
-48.6987,-26.8868,13.553333333333333,17
-48.6983,-26.8866,10.8,17
-48.7113,-26.8961,17.71,17
-48.7113,-26.8965,17.71,17
-48.7112,-26.8952,17.71,17
-48.7112,-26.8957,17.71,17
-48.7113,-26.8973,17.71,17
-48.7113,-26.8969,17.71,17
-48.7113,-26.8977,17.71,17
-48.7114,-26.899,17.71,17
-48.7114,-26.8994,17.71,17
-48.7113,-26.8982,17.71,17
-48.7113,-26.8986,17.71,17
-48.7114,-26.9003,17.71,17
-48.7114,-26.8998,17.71,17
-48.7114,-26.9007,17.71,17
-48.7141,-26.8907,20.735,17
-48.7141,-26.8911,20.735,17
-48.7106,-26.8905,17.71,17
-48.7106,-26.8909,17.71,17
-48.7111,-26.8906,17.71,17
-48.7111,-26.8915,17.71,17
-48.7107,-26.8913,17.71,17
-48.7111,-26.8911,17.71,17
-48.7111,-26.8919,17.71,17
-48.7107,-26.8917,17.71,17
-48.7141,-26.8886,20.735,17
-48.7141,-26.889,20.735,17
-48.714,-26.8877,20.735,17
-48.714,-26.8882,20.735,17
-48.7141,-26.8898,20.735,17
-48.7141,-26.8894,20.735,17
-48.7141,-26.8902,20.735,17
-48.7199,-26.893,22.062,17
-48.7199,-26.8934,22.6325,17
-48.7121,-26.8939,6.26,17
-48.7116,-26.8938,6.26,17
-48.7107,-26.8934,17.71,17
-48.7112,-26.8932,17.71,17
-48.7107,-26.893,17.71,17
-48.7107,-26.8938,17.71,17
-48.7112,-26.8936,17.71,17
-48.7111,-26.8923,17.71,17
-48.7111,-26.8927,17.71,17
-48.7129,-26.8943,6.26,17
-48.7125,-26.8941,6.26,17
-48.7134,-26.8941,6.26,17
-48.7112,-26.8944,17.71,17
-48.7116,-26.8942,6.26,17
-48.7108,-26.8942,17.71,17
-48.7112,-26.894,11.985,17
-48.7112,-26.8948,17.71,17
-48.7004,-26.897,7.53,17
-48.7004,-26.8974,7.53,17
-48.7008,-26.8963,7.53,17
-48.7003,-26.8961,7.53,17
-48.7008,-26.8959,7.53,17
-48.7008,-26.8967,7.53,17
-48.7004,-26.8966,7.53,17
-48.7008,-26.898,7.53,17
-48.7009,-26.8984,7.53,17
-48.7008,-26.8972,7.53,17
-48.7008,-26.8976,7.53,17
-48.6956,-26.8971,5.37,17
-48.7003,-26.8957,7.53,17
-48.7008,-26.8955,7.53,17
-48.7005,-26.9003,5.27,17
-48.7009,-26.8992,6.3066666666666675,17
-48.7009,-26.8988,7.53,17
-48.7013,-26.8994,6.94,17
-48.7005,-26.8995,4.45,17
-48.6996,-26.8991,4.45,17
-48.6996,-26.8995,4.45,17
-48.7,-26.8993,4.45,17
-48.6991,-26.8994,4.45,17
-48.7014,-26.9007,5.27,17
-48.7009,-26.9005,5.27,17
-48.7031,-26.8993,6.94,17
-48.7031,-26.8997,6.94,17
-48.7022,-26.8994,6.94,17
-48.7018,-26.8992,6.94,17
-48.7026,-26.8996,6.94,17
-48.6753,-26.8933,4.77,17
-48.6758,-26.8939,4.77,17
-48.6762,-26.8937,4.77,17
-48.6758,-26.8935,4.77,17
-48.6724,-26.8975,11.63,17
-48.672,-26.8973,11.63,17
-48.6729,-26.8977,11.63,17
-48.6733,-26.8983,11.63,17
-48.6729,-26.8981,11.63,17
-48.6578,-26.903,10.58,17
-48.6586,-26.9034,10.58,17
-48.6582,-26.9032,10.58,17
-48.6565,-26.9037,4.4175,17
-48.6569,-26.9035,4.4175,17
-48.656,-26.904,4.4175,17
-48.6836,-26.8918,5.13,17
-48.684,-26.8915,5.13,17
-48.6832,-26.892,5.13,17
-48.6933,-26.883,6.75,17
-48.6933,-26.8826,6.75,17
-48.6933,-26.8834,6.75,17
-48.6933,-26.8817,6.75,17
-48.6933,-26.8821,6.75,17
-48.6959,-26.8811,10.13,17
-48.6959,-26.8816,10.13,17
-48.6955,-26.881,10.13,17
-48.6955,-26.8814,10.13,17
-48.6959,-26.8803,10.13,17
-48.6954,-26.8801,10.13,17
-48.6959,-26.8799,10.13,17
-48.6959,-26.8807,10.13,17
-48.6954,-26.8805,10.13,17
-48.6955,-26.8822,10.13,17
-48.6959,-26.882,10.13,17
-48.6955,-26.8818,10.13,17
-48.6955,-26.8826,10.13,17
-48.6959,-26.8824,10.13,17
-48.6933,-26.8813,6.75,17
-48.6956,-26.8839,10.13,17
-48.6951,-26.8845,12.805,17
-48.6956,-26.8843,11.913333333333334,17
-48.696,-26.8832,10.13,17
-48.6955,-26.8831,10.13,17
-48.696,-26.8828,10.13,17
-48.696,-26.8837,10.13,17
-48.6955,-26.8835,10.13,17
-48.6969,-26.8853,9.4075,17
-48.6965,-26.8851,10.54,17
-48.6969,-26.8857,10.54,17
-48.6965,-26.8855,12.805,17
-48.696,-26.8849,10.54,17
-48.6956,-26.8847,12.805,17
-48.6816,-26.9231,10.92,17
-48.6812,-26.9229,10.92,17
-48.6821,-26.9236,10.92,17
-48.6825,-26.9234,10.92,17
-48.6816,-26.9235,10.92,17
-48.682,-26.9232,10.92,17
-48.6953,-26.9142,19.35,17
-48.6957,-26.914,19.35,17
-48.6948,-26.9141,19.35,17
-48.6953,-26.9138,19.35,17
-48.6931,-26.915,5.906666666666666,17
-48.6936,-26.9148,5.906666666666666,17
-48.6931,-26.9146,5.906666666666666,17
-48.6931,-26.9154,5.906666666666666,17
-48.6936,-26.9152,5.906666666666666,17
-48.6944,-26.9139,19.35,17
-48.6935,-26.9139,5.906666666666666,17
-48.694,-26.9137,19.35,17
-48.6935,-26.9143,5.906666666666666,17
-48.6936,-26.916,6.77,17
-48.6932,-26.9158,6.77,17
-48.6936,-26.9156,5.906666666666666,17
-48.6936,-26.9164,6.77,17
-48.6922,-26.913,21.8,17
-48.6917,-26.9128,21.8,17
-48.6926,-26.9132,21.8,17
-48.6909,-26.9128,21.8,17
-48.6913,-26.9126,21.8,17
-48.6909,-26.9124,21.8,17
-48.6931,-26.9138,5.906666666666666,17
-48.6931,-26.9142,5.906666666666666,17
-48.6937,-26.9177,6.74,17
-48.6936,-26.9169,6.77,17
-48.6936,-26.9173,6.74,17
-48.6776,-26.921,10.71,17
-48.6772,-26.9208,10.71,17
-48.6772,-26.9217,10.92,17
-48.6776,-26.9214,10.92,17
-48.6781,-26.922,10.92,17
-48.6776,-26.9218,10.92,17
-48.6776,-26.9202,10.71,17
-48.6776,-26.9206,10.71,17
-48.6788,-26.919,7.065,17
-48.6785,-26.9218,10.92,17
-48.6781,-26.9216,10.92,17
-48.6771,-26.9183,9.993333333333334,17
-48.6775,-26.9181,9.993333333333334,17
-48.6771,-26.9179,9.993333333333334,17
-48.6771,-26.9187,12.22,17
-48.6775,-26.9185,12.22,17
-48.6771,-26.92,10.71,17
-48.6771,-26.9204,10.71,17
-48.6775,-26.9193,10.71,17
-48.678,-26.9191,7.065,17
-48.6771,-26.9192,9.6425,17
-48.6775,-26.9189,9.6425,17
-48.6776,-26.9198,10.71,17
-48.6771,-26.9196,10.71,17
-48.6803,-26.9225,10.92,17
-48.6798,-26.9223,10.92,17
-48.6803,-26.9229,10.92,17
-48.6807,-26.9227,10.92,17
-48.6798,-26.9227,10.92,17
-48.679,-26.9224,10.92,17
-48.6794,-26.9221,10.92,17
-48.6785,-26.9222,10.92,17
-48.6789,-26.922,10.92,17
-48.6794,-26.9226,10.92,17
-48.6812,-26.9233,10.92,17
-48.6807,-26.9231,10.92,17
-48.6822,-26.9163,7.44,17
-48.6827,-26.9165,7.44,17
-48.6836,-26.9164,7.44,17
-48.6831,-26.9163,7.44,17
-48.6818,-26.9166,7.44,17
-48.6809,-26.9166,7.44,17
-48.6814,-26.9164,7.44,17
-48.6774,-26.9143,9.635,17
-48.6774,-26.9147,9.993333333333334,17
-48.6819,-26.9186,2.66,17
-48.681,-26.9187,2.66,17
-48.6814,-26.9185,2.66,17
-48.6806,-26.9185,2.66,17
-48.6801,-26.9167,7.44,17
-48.6805,-26.9164,7.44,17
-48.6775,-26.9172,9.993333333333334,17
-48.6775,-26.9177,9.993333333333334,17
-48.6797,-26.919,7.065,17
-48.6801,-26.9188,5.596666666666667,17
-48.6793,-26.9188,7.065,17
-48.6784,-26.9189,7.065,17
-48.6953,-26.9282,5.98,17
-48.6958,-26.928,5.98,17
-48.6962,-26.9274,5.61,17
-48.6966,-26.9271,5.61,17
-48.697,-26.9265,5.565,17
-48.6974,-26.9262,5.565,17
-48.7154,-26.9036,22.512857142857143,17
-48.7159,-26.9033,22.834,17
-48.7155,-26.904,22.834,17
-48.7159,-26.9037,23.583333333333332,17
-48.7163,-26.9027,23.583333333333332,17
-48.7158,-26.9025,22.512857142857143,17
-48.7163,-26.9022,22.834,17
-48.7163,-26.9031,23.583333333333332,17
-48.7159,-26.9029,22.512857142857143,17
-48.7155,-26.9044,22.834,17
-48.7155,-26.9048,23.583333333333332,17
-48.715,-26.9046,22.512857142857143,17
-48.7138,-26.9074,22.512857142857143,17
-48.7134,-26.9089,22.834,17
-48.713,-26.9096,22.512857142857143,17
-48.7135,-26.9093,22.834,17
-48.7139,-26.9083,22.834,17
-48.7138,-26.9078,22.834,17
-48.7139,-26.9087,23.583333333333332,17
-48.7134,-26.9085,22.512857142857143,17
-48.7147,-26.9061,22.834,17
-48.7142,-26.9068,22.834,17
-48.7147,-26.9065,22.834,17
-48.7151,-26.9055,22.834,17
-48.7151,-26.905,22.834,17
-48.7151,-26.9059,23.583333333333332,17
-48.7146,-26.9057,22.834,17
-48.7143,-26.9072,22.834,17
-48.7143,-26.9076,22.834,17
-48.7003,-26.9089,16.67,17
-48.7008,-26.9087,16.67,17
-48.7003,-26.9085,16.67,17
-48.7004,-26.9093,11.085,17
-48.7008,-26.9091,11.085,17
-48.6999,-26.9091,5.5,17
-48.7008,-26.9082,16.67,17
-48.699,-26.9092,5.5,17
-48.7003,-26.9076,16.67,17
-48.7003,-26.9081,16.67,17
-48.7008,-26.9099,16.67,17
-48.7004,-26.9097,16.67,17
-48.7008,-26.9095,16.67,17
-48.7008,-26.9103,16.67,17
-48.7004,-26.9102,16.67,17
-48.7012,-26.9093,5.5,17
-48.6995,-26.9094,5.5,17
-48.6942,-26.9093,7.54,17
-48.6947,-26.9095,7.54,17
-48.6938,-26.9095,7.54,17
-48.6929,-26.9096,7.54,17
-48.6934,-26.9093,7.54,17
-48.6925,-26.9094,8.4125,17
-48.6956,-26.9094,7.425,17
-48.6951,-26.9092,7.54,17
-48.6979,-26.9149,19.35,17
-48.6975,-26.9147,19.35,17
-48.6966,-26.9144,19.35,17
-48.6962,-26.9142,19.35,17
-48.697,-26.9145,19.35,17
-48.7004,-26.9118,16.67,17
-48.7009,-26.9116,16.67,17
-48.7004,-26.9114,16.67,17
-48.7005,-26.9122,16.67,17
-48.7009,-26.912,16.67,17
-48.7008,-26.9108,16.67,17
-48.7009,-26.9112,16.67,17
-48.7004,-26.9106,16.67,17
-48.7004,-26.911,16.67,17
-48.7009,-26.9128,16.67,17
-48.7005,-26.9127,16.67,17
-48.7009,-26.9124,16.67,17
-48.7009,-26.9133,16.67,17
-48.7005,-26.9131,16.67,17
-48.6939,-26.912,5.043333333333333,17
-48.6939,-26.9124,5.043333333333333,17
-48.6939,-26.9112,5.043333333333333,17
-48.6939,-26.9116,5.043333333333333,17
-48.6948,-26.9136,19.35,17
-48.6939,-26.9129,5.043333333333333,17
-48.6935,-26.9135,12.628333333333332,17
-48.6939,-26.9133,5.043333333333333,17
-48.6931,-26.9133,19.35,17
-48.702,-26.905,14.55,17
-48.7027,-26.9016,5.27,17
-48.7018,-26.9013,5.27,17
-48.7014,-26.9011,5.27,17
-48.7018,-26.9009,5.27,17
-48.7023,-26.9015,5.27,17
-48.7002,-26.906,10.545,17
-48.7002,-26.9056,10.545,17
-48.7003,-26.9064,10.545,17
-48.7011,-26.9051,14.55,17
-48.7015,-26.9049,14.55,17
-48.7006,-26.9049,14.55,17
-48.6998,-26.905,9.07,17
-48.7002,-26.9047,9.8075,17
-48.6993,-26.9048,9.07,17
-48.7002,-26.9051,10.545,17
-48.7003,-26.9068,10.545,17
-48.7003,-26.9072,10.545,17
-48.7098,-26.9185,23.583333333333332,17
-48.7094,-26.9184,24.14,17
-48.7098,-26.9181,24.14,17
-48.7094,-26.9188,24.14,17
-48.7102,-26.9175,23.583333333333332,17
-48.7098,-26.9173,24.975,17
-48.7098,-26.9177,24.14,17
-48.709,-26.9194,24.14,17
-48.7094,-26.9192,24.14,17
-48.709,-26.9199,24.14,17
-48.711,-26.9145,24.14,17
-48.7106,-26.9152,24.975,17
-48.711,-26.9149,24.14,17
-48.7102,-26.9166,24.14,17
-48.7106,-26.9164,24.14,17
-48.7102,-26.9162,24.975,17
-48.7102,-26.9171,24.14,17
-48.7106,-26.9156,24.14,17
-48.711,-26.9153,24.14,17
-48.7106,-26.916,24.14,17
-48.7086,-26.9213,23.583333333333332,17
-48.7082,-26.9212,24.975,17
-48.7086,-26.9209,24.14,17
-48.7082,-26.9216,24.14,17
-48.709,-26.9203,24.14,17
-48.7086,-26.9201,24.975,17
-48.7086,-26.9205,24.14,17
-48.7126,-26.911,24.14,17
-48.7131,-26.9108,23.583333333333332,17
-48.7126,-26.9106,24.14,17
-48.7127,-26.9115,24.14,17
-48.7122,-26.9113,24.975,17
-48.713,-26.91,22.834,17
-48.7135,-26.9097,23.583333333333332,17
-48.7131,-26.9104,24.14,17
-48.7122,-26.9117,24.14,17
-48.7118,-26.9124,24.975,17
-48.7122,-26.9121,24.14,17
-48.7114,-26.9138,24.14,17
-48.7119,-26.9136,23.583333333333332,17
-48.7114,-26.9134,24.975,17
-48.7114,-26.9143,24.14,17
-48.7118,-26.9128,24.14,17
-48.7123,-26.9125,23.583333333333332,17
-48.7118,-26.9132,24.14,17
-48.7005,-26.9147,16.67,17
-48.701,-26.9145,16.67,17
-48.7005,-26.9143,16.67,17
-48.7006,-26.9152,16.67,17
-48.701,-26.9149,16.67,17
-48.7009,-26.9137,16.67,17
-48.701,-26.9141,16.67,17
-48.7005,-26.9135,16.67,17
-48.7005,-26.9139,16.67,17
-48.701,-26.9158,16.67,17
-48.7006,-26.9156,16.67,17
-48.701,-26.9153,16.67,17
-48.6651,-26.913,6.39,17
-48.6647,-26.9137,6.39,17
-48.6651,-26.9134,6.39,17
-48.6647,-26.9149,5.99,17
-48.6656,-26.914,5.245,17
-48.6651,-26.9147,5.245,17
-48.6656,-26.9144,5.245,17
-48.6664,-26.9123,6.39,17
-48.6659,-26.9121,6.39,17
-48.6655,-26.9128,6.39,17
-48.6659,-26.9125,6.39,17
-48.6664,-26.9119,6.39,17
-48.6655,-26.9132,6.39,17
-48.666,-26.9138,5.245,17
-48.6664,-26.9136,5.245,17
-48.6612,-26.913,10.6475,17
-48.6607,-26.9137,10.6475,17
-48.6612,-26.9135,10.6475,17
-48.6608,-26.9141,10.6475,17
-48.6616,-26.9128,10.6475,17
-48.662,-26.9126,10.6475,17
-48.6628,-26.9108,8.7,17
-48.6632,-26.9102,8.7,17
-48.6637,-26.91,8.235,17
-48.6633,-26.9106,8.7,17
-48.6637,-26.9104,8.235,17
-48.6661,-26.9163,12.44,17
-48.6656,-26.9161,12.44,17
-48.6661,-26.9167,12.44,17
-48.6665,-26.9165,12.44,17
-48.6599,-26.9154,10.6475,17
-48.6603,-26.9148,10.6475,17
-48.6603,-26.9144,10.6475,17
-48.6599,-26.915,10.6475,17
-48.6697,-26.9079,9.465,17
-48.6702,-26.9077,9.465,17
-48.6693,-26.9077,11.4425,17
-48.6697,-26.9075,8.043333333333333,17
-48.6702,-26.9081,9.465,17
-48.6693,-26.9081,11.4425,17
-48.6701,-26.9068,8.043333333333333,17
-48.6706,-26.9074,7.145,17
-48.671,-26.9072,7.145,17
-48.6701,-26.9073,8.043333333333333,17
-48.6684,-26.9078,6.87,17
-48.6684,-26.9082,6.87,17
-48.6697,-26.9067,8.043333333333333,17
-48.6693,-26.9073,11.4425,17
-48.6697,-26.9071,8.043333333333333,17
-48.6702,-26.9089,9.465,17
-48.6702,-26.9085,9.465,17
-48.6702,-26.9093,9.465,17
-48.6689,-26.9088,6.87,17
-48.6693,-26.9086,11.4425,17
-48.6684,-26.9086,6.87,17
-48.6689,-26.9092,6.87,17
-48.6693,-26.909,11.4425,17
-48.6685,-26.909,6.87,17
-48.6732,-26.9073,7.145,17
-48.6736,-26.907,7.763333333333333,17
-48.6728,-26.9071,7.145,17
-48.6736,-26.9074,9.0,17
-48.6719,-26.9071,7.145,17
-48.6723,-26.9073,7.145,17
-48.6715,-26.9074,7.145,17
-48.6696,-26.905,6.51,17
-48.6696,-26.9054,6.51,17
-48.6697,-26.9058,8.043333333333333,17
-48.6701,-26.9064,8.043333333333333,17
-48.6697,-26.9062,8.043333333333333,17
-48.6698,-26.9108,11.4425,17
-48.6694,-26.9106,11.4425,17
-48.6698,-26.9104,11.4425,17
-48.6698,-26.9112,11.4425,17
-48.6694,-26.9111,11.4425,17
-48.6702,-26.9098,9.465,17
-48.6694,-26.9098,11.4425,17
-48.6698,-26.9096,11.4425,17
-48.6689,-26.9096,6.87,17
-48.6693,-26.9094,11.4425,17
-48.6694,-26.9102,11.4425,17
-48.6698,-26.91,11.4425,17
-48.6689,-26.91,6.87,17
-48.6699,-26.9117,11.4425,17
-48.6699,-26.9121,11.4425,17
-48.6737,-26.9083,9.0,17
-48.6741,-26.908,9.0,17
-48.6737,-26.9079,9.0,17
-48.6737,-26.9087,9.0,17
-48.6741,-26.9085,9.0,17
-48.6741,-26.9093,9.0,17
-48.6737,-26.9091,9.0,17
-48.6741,-26.9089,9.0,17
-48.6742,-26.9097,9.0,17
-48.6737,-26.9095,9.0,17
-48.6685,-26.9094,6.87,17
-48.6685,-26.9099,6.87,17
-48.6564,-26.9131,8.99,17
-48.6564,-26.9136,8.99,17
-48.6572,-26.9118,8.99,17
-48.6576,-26.9103,11.1,17
-48.6576,-26.9108,11.1,17
-48.6568,-26.9125,8.99,17
-48.6572,-26.9122,8.99,17
-48.6568,-26.9129,8.99,17
-48.6558,-26.9092,14.71,17
-48.6553,-26.909,6.9975,17
-48.6554,-26.9099,14.71,17
-48.6558,-26.9096,14.71,17
-48.654,-26.9093,10.27,17
-48.654,-26.9089,10.27,17
-48.6554,-26.9103,14.71,17
-48.6558,-26.91,14.71,17
-48.6554,-26.9107,14.71,17
-48.656,-26.9142,8.99,17
-48.6564,-26.914,8.99,17
-48.656,-26.9146,8.99,17
-48.6568,-26.9133,8.99,17
-48.6605,-26.9074,9.61,17
-48.6601,-26.9073,9.61,17
-48.6614,-26.9061,8.02,17
-48.6609,-26.9059,8.02,17
-48.6614,-26.9065,8.02,17
-48.6618,-26.9063,8.02,17
-48.6592,-26.9069,10.5675,17
-48.6592,-26.9065,13.44,17
-48.6592,-26.9073,10.674,17
-48.6596,-26.9071,9.61,17
-48.6588,-26.9071,9.61,17
-48.6605,-26.9058,8.02,17
-48.6596,-26.9058,13.44,17
-48.66,-26.9056,8.923333333333334,17
-48.6596,-26.9062,13.44,17
-48.6614,-26.9078,9.61,17
-48.661,-26.9076,9.61,17
-48.6601,-26.9077,9.61,17
-48.6597,-26.9075,9.61,17
-48.6622,-26.9057,6.75,17
-48.6618,-26.9055,6.75,17
-48.657,-26.9056,14.71,17
-48.6587,-26.9046,6.97,17
-48.6582,-26.9044,6.97,17
-48.6565,-26.9054,14.71,17
-48.6565,-26.9058,14.71,17
-48.6579,-26.9068,9.61,17
-48.6574,-26.9066,9.61,17
-48.6583,-26.9069,9.61,17
-48.6566,-26.9066,14.71,17
-48.6561,-26.9065,14.71,17
-48.6566,-26.9062,14.71,17
-48.6561,-26.9069,14.71,17
-48.6604,-26.9041,13.44,17
-48.6604,-26.9037,13.44,17
-48.6604,-26.9045,10.256666666666666,17
-48.66,-26.9043,12.01,17
-48.6608,-26.903,13.44,17
-48.6608,-26.9034,13.44,17
-48.6591,-26.904,10.58,17
-48.6587,-26.9038,10.58,17
-48.6591,-26.9036,10.58,17
-48.6595,-26.9042,10.58,17
-48.6609,-26.9051,6.75,17
-48.6613,-26.9049,6.75,17
-48.6609,-26.9047,8.665,17
-48.6613,-26.9053,6.75,17
-48.6596,-26.905,8.02,17
-48.66,-26.9048,13.44,17
-48.6591,-26.9048,8.02,17
-48.6596,-26.9054,8.923333333333334,17
-48.66,-26.9052,8.923333333333334,17
-48.6645,-26.9074,5.25,17
-48.664,-26.9072,5.25,17
-48.6645,-26.9078,5.25,17
-48.664,-26.9076,5.25,17
-48.6636,-26.907,5.25,17
-48.6641,-26.9093,8.235,17
-48.6645,-26.9091,8.235,17
-48.6641,-26.9097,8.235,17
-48.6649,-26.9084,8.235,17
-48.6654,-26.9082,7.24,17
-48.6649,-26.908,5.25,17
-48.6649,-26.9088,8.235,17
-48.6579,-26.9084,8.825,17
-48.6575,-26.9083,8.825,17
-48.6588,-26.9075,11.1,17
-48.6584,-26.9082,8.825,17
-48.6588,-26.908,11.1,17
-48.6579,-26.908,8.825,17
-48.6558,-26.9084,14.71,17
-48.6562,-26.9081,14.71,17
-48.6562,-26.909,7.034,17
-48.6558,-26.9088,8.313333333333334,17
-48.6571,-26.9081,8.825,17
-48.6566,-26.9079,8.825,17
-48.658,-26.9097,7.9275,17
-48.6584,-26.9095,11.1,17
-48.6575,-26.9095,6.87,17
-48.658,-26.9093,11.1,17
-48.658,-26.9101,11.1,17
-48.6584,-26.9086,9.583333333333334,17
-48.6588,-26.9084,11.1,17
-48.6584,-26.909,11.1,17
-48.6571,-26.9093,7.034,17
-48.6567,-26.9091,7.034,17
-48.6692,-26.9184,12.44,17
-48.6697,-26.919,12.44,17
-48.6692,-26.9188,12.44,17
-48.6679,-26.9174,12.44,17
-48.6674,-26.9173,12.44,17
-48.6679,-26.9179,12.44,17
-48.6674,-26.9177,12.44,17
-48.667,-26.9171,12.44,17
-48.6665,-26.9169,12.44,17
-48.6688,-26.9182,12.44,17
-48.6683,-26.918,12.44,17
-48.6688,-26.9186,12.44,17
-48.6739,-26.9162,8.175,17
-48.6773,-26.9122,9.7325,17
-48.6773,-26.9127,9.7325,17
-48.6769,-26.9146,9.635,17
-48.6773,-26.9135,10.155,17
-48.6773,-26.9131,11.26,17
-48.6774,-26.9139,11.346666666666666,17
-48.6766,-26.916,8.175,17
-48.6757,-26.9161,8.175,17
-48.6761,-26.9159,8.175,17
-48.677,-26.9154,9.993333333333334,17
-48.6774,-26.9152,9.993333333333334,17
-48.677,-26.915,9.993333333333334,17
-48.677,-26.9158,9.266,17
-48.6774,-26.9156,9.993333333333334,17
-48.6748,-26.9162,8.175,17
-48.6752,-26.9159,8.175,17
-48.6744,-26.916,8.175,17
-48.677,-26.9171,9.993333333333334,17
-48.677,-26.9175,9.993333333333334,17
-48.6774,-26.9164,9.993333333333334,17
-48.677,-26.9162,9.993333333333334,17
-48.6774,-26.916,9.993333333333334,17
-48.6775,-26.9168,9.993333333333334,17
-48.677,-26.9166,9.993333333333334,17
-48.6535,-26.9202,7.38,17
-48.6532,-26.9217,14.93,17
-48.7274,-26.8578,22.583333333333332,17
-48.7274,-26.8582,22.583333333333332,17
-48.7275,-26.8591,22.083333333333332,17
-48.7279,-26.8588,21.306,17
-48.7274,-26.8586,22.583333333333332,17
-48.7275,-26.8595,22.19,17
-48.7279,-26.8592,21.306,17
-48.7278,-26.8572,13.9,17
-48.7274,-26.857,21.57090909090909,17
-48.7278,-26.8567,13.9,17
-48.7278,-26.8576,16.0,17
-48.7274,-26.8574,21.281666666666666,17
-48.7279,-26.858,20.55,17
-48.7279,-26.8584,21.306,17
-48.7269,-26.8551,21.804285714285715,17
-48.7273,-26.8549,21.1625,17
-48.7269,-26.8547,21.804285714285715,17
-48.7269,-26.8555,21.804285714285715,17
-48.7273,-26.8553,21.1625,17
-48.7269,-26.8568,21.16,17
-48.727,-26.8572,21.16,17
-48.7274,-26.8561,21.662222222222223,17
-48.7269,-26.856,21.804285714285715,17
-48.7273,-26.8557,21.662222222222223,17
-48.7274,-26.8566,21.57090909090909,17
-48.7269,-26.8564,21.804285714285715,17
-48.7267,-26.8616,17.05,17
-48.7267,-26.8612,17.05,17
-48.7262,-26.861,17.05,17
-48.7276,-26.862,17.05,17
-48.7271,-26.8618,17.05,17
-48.7276,-26.8624,17.05,17
-48.7279,-26.8601,21.386363636363637,17
-48.7284,-26.8598,16.0,17
-48.7275,-26.8599,22.19,17
-48.7279,-26.8597,21.386363636363637,17
-48.7279,-26.8605,22.583333333333332,17
-48.7284,-26.8603,20.55,17
-48.7284,-26.8611,21.306,17
-48.728,-26.8609,22.083333333333332,17
-48.7284,-26.8607,21.306,17
-48.7284,-26.8615,21.306,17
-48.7288,-26.8613,16.0,17
-48.7273,-26.854,21.146666666666665,17
-48.7273,-26.8545,21.146666666666665,17
-48.7258,-26.8502,21.146666666666665,17
-48.7254,-26.85,22.835714285714285,17
-48.7258,-26.8497,13.9,17
-48.7259,-26.8506,21.71875,17
-48.7254,-26.8504,22.062,17
-48.7254,-26.8491,13.9,17
-48.7249,-26.849,21.71875,17
-48.7254,-26.8496,21.71875,17
-48.7249,-26.8494,22.835714285714285,17
-48.7263,-26.8512,21.71875,17
-48.7259,-26.851,22.4975,17
-48.7263,-26.8508,21.146666666666665,17
-48.7263,-26.8516,21.54222222222222,17
-48.7259,-26.8514,21.74,17
-48.7236,-26.848,22.835714285714285,17
-48.7231,-26.8478,22.835714285714285,17
-48.7236,-26.8476,24.77,17
-48.724,-26.8482,21.71875,17
-48.7245,-26.8488,21.71875,17
-48.724,-26.8486,22.835714285714285,17
-48.7245,-26.8492,22.062,17
-48.7264,-26.8528,21.74,17
-48.7264,-26.8533,21.74,17
-48.7268,-26.8522,21.146666666666665,17
-48.7263,-26.852,22.4975,17
-48.7268,-26.8518,13.9,17
-48.7268,-26.8526,21.71875,17
-48.7264,-26.8524,21.74,17
-48.7259,-26.8518,20.13,17
-48.7264,-26.8541,21.16,17
-48.7268,-26.8539,22.4975,17
-48.7264,-26.8537,21.74,17
-48.7264,-26.8545,21.16,17
-48.7269,-26.8543,21.804285714285715,17
-48.7273,-26.8532,13.9,17
-48.7268,-26.853,21.71875,17
-48.7272,-26.8528,13.9,17
-48.7273,-26.8536,21.146666666666665,17
-48.7268,-26.8534,22.835714285714285,17
-48.7299,-26.8658,22.6325,17
-48.7299,-26.8662,22.6325,17
-48.7298,-26.865,21.306,17
-48.7303,-26.8656,13.59,17
-48.7299,-26.8654,22.128888888888888,17
-48.729,-26.865,17.05,17
-48.7294,-26.8648,22.6325,17
-48.7285,-26.8649,17.05,17
-48.729,-26.8646,17.05,17
-48.729,-26.8654,17.05,17
-48.7294,-26.8652,22.062,17
-48.7299,-26.8671,22.6325,17
-48.7304,-26.8668,19.586,17
-48.7299,-26.8666,22.6325,17
-48.7299,-26.8675,22.6325,17
-48.7304,-26.8672,19.586,17
-48.7303,-26.866,13.59,17
-48.7303,-26.8664,19.586,17
-48.7293,-26.8631,20.55,17
-48.7289,-26.8629,21.306,17
-48.7293,-26.8627,16.0,17
-48.7294,-26.8635,21.306,17
-48.7289,-26.8634,22.6325,17
-48.728,-26.863,17.05,17
-48.728,-26.8626,17.05,17
-48.728,-26.8634,17.05,17
-48.7285,-26.8632,17.05,17
-48.7289,-26.8621,21.306,17
-48.7284,-26.8619,22.6325,17
-48.7289,-26.8617,20.55,17
-48.7289,-26.8625,21.306,17
-48.7284,-26.8623,22.062,17
-48.7298,-26.8641,16.0,17
-48.7294,-26.864,21.306,17
-48.7298,-26.8646,20.55,17
-48.7294,-26.8644,21.306,17
-48.7285,-26.864,17.05,17
-48.7289,-26.8638,22.062,17
-48.7285,-26.8636,17.05,17
-48.7285,-26.8644,17.05,17
-48.73,-26.8687,22.6325,17
-48.7296,-26.8694,19.15285714285714,17
-48.73,-26.8692,22.6325,17
-48.7304,-26.8681,19.586,17
-48.73,-26.8679,22.6325,17
-48.7304,-26.8677,19.586,17
-48.7304,-26.8685,13.59,17
-48.73,-26.8683,22.6325,17
-48.73,-26.87,23.583333333333332,17
-48.7296,-26.8698,22.571111111111108,17
-48.73,-26.8696,19.083636363636362,17
-48.7296,-26.8702,22.571111111111108,17
-48.7304,-26.8689,13.59,17
-48.7304,-26.8693,13.59,17
-48.7245,-26.8484,21.146666666666665,17
-48.7195,-26.8447,22.062,17
-48.72,-26.8445,24.77,17
-48.72,-26.8449,22.835714285714285,17
-48.7204,-26.8455,22.062,17
-48.7209,-26.8452,24.77,17
-48.7204,-26.8451,22.835714285714285,17
-48.7213,-26.8458,22.835714285714285,17
-48.7209,-26.8457,22.835714285714285,17
-48.7213,-26.8463,22.835714285714285,17
-48.7218,-26.846,24.77,17
-48.7227,-26.8468,24.77,17
-48.7231,-26.8474,22.835714285714285,17
-48.7227,-26.8472,22.835714285714285,17
-48.7222,-26.8466,22.835714285714285,17
-48.7218,-26.8464,22.835714285714285,17
-48.7222,-26.847,22.835714285714285,17
-48.726,-26.879,22.6325,17
-48.7256,-26.8797,22.6325,17
-48.726,-26.8795,22.6325,17
-48.7264,-26.8784,22.6325,17
-48.7264,-26.878,22.6325,17
-48.7264,-26.8788,23.583333333333332,17
-48.726,-26.8786,22.6325,17
-48.7256,-26.8801,22.6325,17
-48.7256,-26.8805,23.583333333333332,17
-48.7268,-26.8765,22.065,17
-48.7272,-26.8762,22.571111111111108,17
-48.7267,-26.8761,22.08,17
-48.7268,-26.8769,22.6325,17
-48.7272,-26.8767,23.583333333333332,17
-48.7276,-26.8756,22.6325,17
-48.7272,-26.8754,22.065,17
-48.7276,-26.8752,22.571111111111108,17
-48.7272,-26.8758,22.571111111111108,17
-48.7268,-26.8773,22.6325,17
-48.7268,-26.8777,23.583333333333332,17
-48.7264,-26.8775,22.062,17
-48.7251,-26.8803,22.062,17
-48.7248,-26.8818,22.6325,17
-48.7243,-26.8825,22.6325,17
-48.7248,-26.8822,22.6325,17
-48.7252,-26.8812,22.6325,17
-48.7252,-26.8808,22.6325,17
-48.7252,-26.8816,23.583333333333332,17
-48.7247,-26.8814,22.062,17
-48.7292,-26.8717,22.6325,17
-48.7288,-26.8715,22.065,17
-48.7284,-26.8722,22.08,17
-48.7288,-26.872,22.571111111111108,17
-48.7292,-26.8709,22.571111111111108,17
-48.7296,-26.8706,22.6325,17
-48.7292,-26.8705,22.08,17
-48.7292,-26.8713,22.571111111111108,17
-48.7288,-26.8728,23.583333333333332,17
-48.7284,-26.8726,22.065,17
-48.7288,-26.8724,22.6325,17
-48.7284,-26.873,22.571111111111108,17
-48.728,-26.8745,22.6325,17
-48.728,-26.8749,23.583333333333332,17
-48.7185,-26.8793,22.22666666666667,17
-48.7177,-26.8794,22.22666666666667,17
-48.7181,-26.8791,22.22666666666667,17
-48.7177,-26.8798,22.22666666666667,17
-48.719,-26.8791,22.22666666666667,17
-48.7194,-26.8788,22.22666666666667,17
-48.7185,-26.8789,22.22666666666667,17
-48.7211,-26.8783,22.25,17
-48.7216,-26.8781,22.25,17
-48.7173,-26.8813,22.22666666666667,17
-48.7173,-26.8817,22.22666666666667,17
-48.7169,-26.8815,22.22666666666667,17
-48.7173,-26.8804,22.22666666666667,17
-48.7177,-26.8802,22.22666666666667,17
-48.7173,-26.8808,22.22666666666667,17
-48.7169,-26.8823,22.22666666666667,17
-48.7173,-26.8821,22.22666666666667,17
-48.7169,-26.8819,22.22666666666667,17
-48.7169,-26.8827,22.22666666666667,17
-48.7165,-26.8826,22.22666666666667,17
-48.7203,-26.8788,22.22666666666667,17
-48.7207,-26.8785,22.22666666666667,17
-48.7198,-26.8786,22.22666666666667,17
-48.7203,-26.8783,22.22666666666667,17
-48.7276,-26.8743,22.08,17
-48.7271,-26.875,22.08,17
-48.7276,-26.8747,22.571111111111108,17
-48.728,-26.8737,22.065,17
-48.7284,-26.8734,22.6325,17
-48.728,-26.8733,22.08,17
-48.728,-26.8741,22.571111111111108,17
-48.7284,-26.8739,23.583333333333332,17
-48.724,-26.884,22.6325,17
-48.7239,-26.8836,22.6325,17
-48.724,-26.8844,22.6325,17
-48.7235,-26.8842,22.062,17
-48.7244,-26.8829,22.6325,17
-48.7248,-26.8827,23.583333333333332,17
-48.7244,-26.8833,22.6325,17
-48.7235,-26.8846,22.6325,17
-48.7231,-26.8853,22.062,17
-48.7236,-26.885,22.6325,17
-48.7223,-26.8874,22.6325,17
-48.7219,-26.8881,22.062,17
-48.7223,-26.8878,22.6325,17
-48.7215,-26.8896,22.6325,17
-48.722,-26.8893,23.583333333333332,17
-48.7215,-26.8892,22.062,17
-48.7215,-26.89,22.6325,17
-48.7219,-26.8885,22.6325,17
-48.7224,-26.8883,22.6325,17
-48.7219,-26.8889,22.6325,17
-48.7227,-26.8868,22.6325,17
-48.7232,-26.8865,23.583333333333332,17
-48.7227,-26.8864,22.6325,17
-48.7228,-26.8872,22.6325,17
-48.7231,-26.8857,22.6325,17
-48.7236,-26.8855,23.583333333333332,17
-48.7232,-26.8861,22.6325,17
-48.7498,-26.8748,6.59,17
-48.7498,-26.8744,6.59,17
-48.7499,-26.8752,6.59,17
-48.7493,-26.8725,6.59,17
-48.7493,-26.8729,6.59,17
-48.7498,-26.8735,6.59,17
-48.7494,-26.8734,6.59,17
-48.7498,-26.874,6.59,17
-48.7498,-26.8723,6.59,17
-48.7498,-26.8727,6.59,17
-48.7498,-26.8731,6.59,17
-48.6958,-26.8786,10.13,17
-48.6954,-26.8793,10.13,17
-48.6958,-26.8791,10.13,17
-48.6954,-26.8789,10.13,17
-48.6954,-26.8797,10.13,17
-48.6958,-26.8795,10.13,17
-48.6548,-26.9047,4.4175,17
-48.6543,-26.9053,4.4175,17
-48.6548,-26.9051,4.4175,17
-48.6544,-26.9057,4.4175,17
-48.6552,-26.9044,4.4175,17
-48.6556,-26.9042,4.4175,17
-48.6544,-26.9074,10.18,17
-48.6548,-26.9072,10.09,17
-48.6544,-26.907,10.27,17
-48.6544,-26.9078,10.27,17
-48.6549,-26.9076,10.09,17
-48.6548,-26.9063,10.27,17
-48.6544,-26.9062,10.27,17
-48.6539,-26.906,4.4175,17
-48.6544,-26.9066,10.27,17
-48.6544,-26.9082,10.27,17
-48.6549,-26.9088,6.9975,17
-48.6553,-26.9086,6.9975,17
-48.6545,-26.9087,7.652,17
-48.6557,-26.9075,10.09,17
-48.6562,-26.9073,14.71,17
-48.6553,-26.9073,10.09,17
-48.6557,-26.9079,14.71,17
-48.6562,-26.9077,10.786666666666667,17
-48.6553,-26.9078,10.09,17
-48.654,-26.9085,7.652,17
-48.6863,-26.9464,30.595,17
-48.6868,-26.9461,30.595,17
-48.6859,-26.9466,30.595,17
-48.6872,-26.9459,30.595,17
-48.6876,-26.9457,30.595,17
-48.6851,-26.9471,30.595,17
-48.6855,-26.9469,30.595,17
-48.6893,-26.9447,30.595,17
-48.6898,-26.9445,30.595,17
-48.6889,-26.945,30.595,17
-48.6902,-26.9443,30.595,17
-48.6906,-26.944,30.595,17
-48.6881,-26.9454,30.595,17
-48.6885,-26.9452,30.595,17
-48.6926,-26.9387,7.0,17
-48.6918,-26.9391,7.0,17
-48.6922,-26.9389,7.0,17
-48.6913,-26.939,7.0,17
-48.6918,-26.9387,7.0,17
-48.6957,-26.9395,34.646,17
-48.6961,-26.9393,34.646,17
-48.6953,-26.9398,34.646,17
-48.6966,-26.9386,34.646,17
-48.697,-26.9384,34.646,17
-48.6961,-26.9389,34.646,17
-48.6905,-26.9394,7.0,17
-48.6909,-26.9392,7.0,17
-48.6923,-26.9431,30.595,17
-48.6923,-26.9427,34.646,17
-48.6919,-26.9433,30.595,17
-48.6932,-26.9422,34.646,17
-48.6936,-26.9419,34.646,17
-48.6932,-26.9418,34.646,17
-48.6928,-26.9424,34.646,17
-48.6911,-26.9438,30.595,17
-48.6915,-26.9435,30.595,17
-48.694,-26.9413,34.646,17
-48.6945,-26.9411,34.646,17
-48.6936,-26.9415,34.646,17
-48.6949,-26.9404,34.646,17
-48.6953,-26.9402,34.646,17
-48.6944,-26.9406,34.646,17
-48.6808,-26.9495,30.595,17
-48.6803,-26.9501,30.595,17
-48.6808,-26.9499,30.595,17
-48.6812,-26.9492,30.595,17
-48.6816,-26.949,30.595,17
-48.6804,-26.9505,30.595,17
-48.6799,-26.9508,30.595,17
-48.6833,-26.948,30.595,17
-48.6838,-26.9478,30.595,17
-48.6829,-26.9483,30.595,17
-48.6842,-26.9476,30.595,17
-48.6846,-26.9473,30.595,17
-48.682,-26.9487,30.595,17
-48.6825,-26.9485,30.595,17
-48.6795,-26.9522,30.595,17
-48.6796,-26.9527,30.595,17
-48.68,-26.9516,30.595,17
-48.6795,-26.9514,30.595,17
-48.6799,-26.9512,30.595,17
-48.6795,-26.9518,30.595,17
-48.6796,-26.9535,30.595,17
-48.6791,-26.9533,30.595,17
-48.6796,-26.9531,30.595,17
-48.6796,-26.9539,30.595,17
-48.6792,-26.9537,30.595,17
-48.7041,-26.9306,29.83,17
-48.7046,-26.9304,29.83,17
-48.7042,-26.931,29.83,17
-48.705,-26.9297,24.14,17
-48.705,-26.9293,24.14,17
-48.7046,-26.93,29.83,17
-48.7037,-26.9313,29.83,17
-48.7033,-26.9319,29.83,17
-48.7037,-26.9317,29.83,17
-48.7054,-26.9287,24.14,17
-48.7054,-26.9291,23.583333333333332,17
-48.7025,-26.9332,23.583333333333332,17
-48.7033,-26.9323,23.583333333333332,17
-48.6962,-26.9278,5.98,17
-48.697,-26.9269,5.61,17
-48.6975,-26.9267,5.565,17
-48.7016,-26.9333,32.95333333333333,17
-48.702,-26.9331,29.83,17
-48.7016,-26.9337,29.83,17
-48.7021,-26.9335,29.83,17
-48.7029,-26.9322,29.83,17
-48.7025,-26.9328,29.83,17
-48.7029,-26.9326,29.83,17
-48.7074,-26.9229,24.975,17
-48.7074,-26.9233,24.14,17
-48.7078,-26.9222,24.14,17
-48.7082,-26.922,24.14,17
-48.7078,-26.9226,24.14,17
-48.7082,-26.9224,23.583333333333332,17
-48.7074,-26.9241,23.583333333333332,17
-48.707,-26.924,24.975,17
-48.7074,-26.9237,24.14,17
-48.707,-26.9244,24.14,17
-48.7078,-26.9231,24.14,17
-48.705,-26.9289,24.975,17
-48.7054,-26.9278,24.975,17
-48.7058,-26.9276,24.14,17
-48.7054,-26.9282,24.14,17
-48.7058,-26.928,24.14,17
-48.7066,-26.9259,24.14,17
-48.7066,-26.9263,23.583333333333332,17
-48.7062,-26.9261,24.14,17
-48.7066,-26.925,24.975,17
-48.707,-26.9248,24.14,17
-48.7066,-26.9254,24.14,17
-48.707,-26.9252,23.583333333333332,17
-48.7062,-26.9269,24.14,17
-48.7062,-26.9265,24.14,17
-48.7058,-26.9272,24.14,17
-48.6982,-26.9368,34.646,17
-48.6987,-26.9366,34.646,17
-48.6983,-26.9373,34.646,17
-48.6987,-26.937,4.74,17
-48.6978,-26.9371,34.646,17
-48.6991,-26.936,34.646,17
-48.6995,-26.9357,29.661666666666665,17
-48.6991,-26.9364,29.661666666666665,17
-48.6995,-26.9361,4.74,17
-48.6991,-26.9368,4.74,17
-48.6974,-26.9377,34.646,17
-48.6978,-26.9375,34.646,17
-48.6974,-26.9382,34.646,17
-48.697,-26.938,34.646,17
-48.6999,-26.9351,32.95333333333333,17
-48.7004,-26.9348,29.83,17
-48.6999,-26.9355,27.321,17
-48.7004,-26.9352,23.583333333333332,17
-48.7008,-26.9342,32.95333333333333,17
-48.7012,-26.9339,29.83,17
-48.7008,-26.9346,29.83,17
-48.7012,-26.9344,29.83,17
-48.6825,-26.9625,30.595,17
-48.6821,-26.9623,30.595,17
-48.6825,-26.9629,30.595,17
-48.683,-26.9635,30.595,17
-48.683,-26.9631,30.595,17
-48.683,-26.9639,30.595,17
-48.6835,-26.9654,30.595,17
-48.684,-26.966,30.595,17
-48.6835,-26.9658,30.595,17
-48.6835,-26.9645,30.595,17
-48.683,-26.9644,30.595,17
-48.6835,-26.9641,30.595,17
-48.6835,-26.965,30.595,17
-48.684,-26.9664,30.595,17
-48.684,-26.9668,30.595,17
-48.6835,-26.9662,30.595,17
-48.6835,-26.9666,30.595,17
-48.6812,-26.9611,30.595,17
-48.6811,-26.9607,30.595,17
-48.6807,-26.9601,30.595,17
-48.6807,-26.9605,30.595,17
-48.6816,-26.9613,30.595,17
-48.6821,-26.9619,30.595,17
-48.6816,-26.9617,30.595,17
-48.6796,-26.9552,30.595,17
-48.6797,-26.9556,30.595,17
-48.6796,-26.9543,30.595,17
-48.6796,-26.9547,30.595,17
-48.6797,-26.9564,30.595,17
-48.6797,-26.956,30.595,17
-48.6797,-26.9568,30.595,17
-48.6802,-26.9583,30.595,17
-48.6802,-26.9587,30.595,17
-48.6797,-26.9581,30.595,17
-48.6798,-26.9585,30.595,17
-48.6797,-26.9573,30.595,17
-48.6802,-26.9578,30.595,17
-48.6797,-26.9577,30.595,17
-48.6807,-26.9597,30.595,17
-48.6802,-26.9591,30.595,17
-48.6802,-26.9595,30.595,17
-48.6836,-26.9683,30.595,17
-48.6836,-26.9687,30.595,17
-48.6836,-26.9675,30.595,17
-48.6836,-26.967,30.595,17
-48.6836,-26.9679,30.595,17
-48.6832,-26.9694,30.595,17
-48.6836,-26.9691,30.595,17
-48.6832,-26.9698,30.595,17
-48.6836,-26.9695,30.595,17
-48.6833,-26.971,38.6,17
-48.6828,-26.9717,43.93666666666667,17
-48.6833,-26.9714,43.93666666666667,17
-48.6832,-26.9702,30.595,17
-48.6832,-26.9706,30.595,17
-48.6829,-26.9721,43.93666666666667,17
-48.6833,-26.9719,43.93666666666667,17
-48.6829,-26.9725,43.93666666666667,17
-48.751,-26.9069,16.62,17
-48.7509,-26.9065,16.62,17
-48.751,-26.9074,16.62,17
-48.7523,-26.9079,16.62,17
-48.7528,-26.9085,16.62,17
-48.7523,-26.9083,16.62,17
-48.7514,-26.908,16.62,17
-48.7519,-26.9077,16.62,17
-48.7514,-26.9075,16.62,17
-48.75,-26.9049,16.62,17
-48.7496,-26.9047,16.62,17
-48.75,-26.9053,16.62,17
-48.7505,-26.9051,16.62,17
-48.7496,-26.9052,16.62,17
-48.7487,-26.9048,16.62,17
-48.7482,-26.9046,16.62,17
-48.7487,-26.9044,16.62,17
-48.7491,-26.905,16.62,17
-48.7509,-26.9057,16.62,17
-48.7505,-26.9055,16.62,17
-48.7509,-26.9061,16.62,17
-48.7532,-26.9091,16.62,17
-48.7528,-26.9089,16.62,17
-48.7532,-26.9095,16.62,17
-48.7532,-26.9099,16.62,17
-48.7533,-26.9104,16.62,17
-48.7509,-26.9053,16.62,17
-48.7469,-26.9036,16.62,17
-48.7469,-26.9041,16.62,17
-48.7465,-26.9039,16.62,17
-48.7447,-26.904,16.62,17
-48.7456,-26.9039,16.62,17
-48.746,-26.9037,16.62,17
-48.7452,-26.9038,16.62,17
-48.7474,-26.9042,16.62,17
-48.7482,-26.9042,16.62,17
-48.7478,-26.904,16.62,17
-48.734,-26.8963,13.48,17
-48.7335,-26.8961,13.48,17
-48.7344,-26.8965,13.48,17
-48.7349,-26.8971,13.48,17
-48.7344,-26.8969,13.48,17
-48.7179,-26.8988,22.834,17
-48.7175,-26.8986,22.512857142857143,17
-48.7175,-26.899,22.834,17
-48.7179,-26.898,22.834,17
-48.7183,-26.8977,22.834,17
-48.7179,-26.8984,22.834,17
-48.7183,-26.8981,23.583333333333332,17
-48.7175,-26.8999,23.583333333333332,17
-48.7171,-26.8997,22.512857142857143,17
-48.7175,-26.8994,22.834,17
-48.7171,-26.9001,22.834,17
-48.7187,-26.8958,22.062,17
-48.7187,-26.8962,22.6325,17
-48.7191,-26.8952,22.6325,17
-48.7195,-26.8949,22.6325,17
-48.7191,-26.8947,22.062,17
-48.7191,-26.8956,22.6325,17
-48.7187,-26.8971,23.583333333333332,17
-48.7183,-26.8969,22.062,17
-48.7187,-26.8967,22.6325,17
-48.7183,-26.8973,22.834,17
-48.7191,-26.896,23.583333333333332,17
-48.7167,-26.9016,22.834,17
-48.7171,-26.9014,23.583333333333332,17
-48.7167,-26.902,23.583333333333332,17
-48.7162,-26.9014,22.512857142857143,17
-48.7163,-26.9018,22.512857142857143,17
-48.7167,-26.9008,22.512857142857143,17
-48.7171,-26.9005,22.834,17
-48.7167,-26.9012,22.834,17
-48.7171,-26.9009,23.583333333333332,17
-48.7207,-26.8913,22.6325,17
-48.7211,-26.8911,22.6325,17
-48.7207,-26.8917,22.6325,17
-48.7224,-26.8903,6.27,17
-48.7216,-26.8904,19.255,17
-48.722,-26.8902,6.27,17
-48.7207,-26.8905,6.27,17
-48.7211,-26.8902,20.814444444444444,17
-48.7211,-26.8906,22.6325,17
-48.7203,-26.8924,22.6325,17
-48.7207,-26.8921,22.6325,17
-48.7203,-26.8919,22.062,17
-48.7203,-26.8928,22.6325,17
-48.7237,-26.8901,6.27,17
-48.7229,-26.8901,6.27,17
-48.7233,-26.8899,6.27,17
-48.7224,-26.8899,6.27,17
-48.7199,-26.8943,23.583333333333332,17
-48.7195,-26.8941,22.6325,17
-48.7199,-26.8939,22.6325,17
-48.7195,-26.8945,22.6325,17
-48.7203,-26.8932,23.583333333333332,17
-48.7367,-26.8978,13.48,17
-48.7371,-26.8976,13.48,17
-48.7362,-26.8976,13.48,17
-48.7366,-26.8974,13.48,17
-48.7375,-26.8973,13.48,17
-48.7353,-26.8977,13.48,17
-48.7358,-26.8975,13.48,17
-48.7353,-26.8973,13.48,17
-48.7358,-26.8979,13.48,17
-48.738,-26.8975,13.48,17
-48.7516,-26.887,35.035,17
-48.7511,-26.8869,35.035,17
-48.7503,-26.8869,35.035,17
-48.7498,-26.8867,35.035,17
-48.752,-26.8876,35.66,17
-48.7525,-26.8874,35.66,17
-48.7516,-26.8875,35.035,17
-48.752,-26.8872,35.66,17
-48.7511,-26.8873,35.035,17
-48.7507,-26.8871,35.035,17
-48.7463,-26.8861,35.035,17
-48.7467,-26.8863,35.035,17
-48.7459,-26.8863,35.035,17
-48.745,-26.886,35.035,17
-48.7454,-26.8862,35.035,17
-48.7446,-26.8862,35.035,17
-48.7489,-26.8864,35.035,17
-48.7485,-26.8862,35.035,17
-48.7494,-26.8865,35.035,17
-48.7476,-26.8862,35.035,17
-48.7472,-26.8861,35.035,17
-48.7481,-26.8864,35.035,17
-48.7398,-26.8863,35.035,17
-48.7402,-26.8861,35.035,17
-48.738,-26.8868,35.035,17
-48.7389,-26.8864,35.035,17
-48.7393,-26.8861,35.035,17
-48.7393,-26.8866,35.035,17
-48.7385,-26.8866,35.035,17
-48.7424,-26.8862,35.035,17
-48.7428,-26.8859,35.035,17
-48.7419,-26.886,35.035,17
-48.7411,-26.886,35.035,17
-48.7415,-26.8858,35.035,17
-48.7406,-26.8858,35.035,17
-48.7437,-26.8863,35.035,17
-48.7441,-26.886,35.035,17
-48.7432,-26.8861,35.035,17
-48.7415,-26.8862,35.035,17
-48.7461,-26.8803,11.04,17
-48.7461,-26.8798,11.04,17
-48.7461,-26.8807,11.04,17
-48.7462,-26.8819,11.04,17
-48.7462,-26.8824,11.04,17
-48.7461,-26.8811,11.04,17
-48.7461,-26.8815,11.04,17
-48.7461,-26.8794,11.04,17
-48.7462,-26.8832,11.04,17
-48.7462,-26.8828,11.04,17
-48.7462,-26.8836,11.04,17
-48.7463,-26.8849,11.04,17
-48.7462,-26.884,11.04,17
-48.7467,-26.8846,11.04,17
-48.7462,-26.8844,11.04,17
-48.7533,-26.8878,35.66,17
-48.7529,-26.8876,35.66,17
-48.6399,-26.9439,17.58,17
-48.6395,-26.9437,17.58,17
-48.6399,-26.9435,17.58,17
-48.6351,-26.9444,17.58,17
-48.6356,-26.9441,17.58,17
-48.6347,-26.9446,17.58,17
-48.633,-26.9447,17.58,17
-48.6338,-26.9447,17.58,17
-48.6343,-26.9444,17.58,17
-48.6334,-26.9445,17.58,17
-48.6373,-26.944,17.58,17
-48.6378,-26.9442,17.58,17
-48.6386,-26.9437,17.58,17
-48.6386,-26.9442,17.58,17
-48.6391,-26.9439,17.58,17
-48.6382,-26.944,17.58,17
-48.6369,-26.9443,17.58,17
-48.636,-26.9443,17.58,17
-48.6364,-26.9441,17.58,17
-48.6317,-26.945,17.58,17
-48.6321,-26.9448,17.58,17
-48.6312,-26.9448,17.58,17
-48.6325,-26.9445,17.58,17
-48.6303,-26.9449,17.58,17
-48.6308,-26.9451,17.58,17
-48.6406,-26.9507,3.23,17
-48.6406,-26.9511,3.23,17
-48.6406,-26.9516,3.23,17
-48.6402,-26.9514,3.23,17
-48.6402,-26.9518,3.23,17
-48.6403,-26.9535,12.87,17
-48.6403,-26.9539,12.87,17
-48.6402,-26.9526,12.87,17
-48.6402,-26.9522,12.87,17
-48.6402,-26.953,12.87,17
-48.6403,-26.9543,12.87,17
-48.6399,-26.955,12.87,17
-48.6403,-26.9547,12.87,17
-48.6459,-26.9274,14.79,17
-48.6463,-26.9272,14.79,17
-48.6468,-26.9265,14.79,17
-48.6472,-26.9263,14.79,17
-48.6468,-26.9269,14.79,17
-48.6522,-26.9193,7.38,17
-48.6518,-26.9191,7.38,17
-48.6509,-26.9191,5.69,17
-48.6513,-26.9189,7.38,17
-48.6522,-26.9205,5.69,17
-48.6527,-26.9199,7.38,17
-48.6522,-26.9197,7.38,17
-48.6526,-26.9194,7.38,17
-48.6531,-26.92,7.38,17
-48.6522,-26.9201,5.69,17
-48.6513,-26.9197,5.69,17
-48.6509,-26.9195,5.69,17
-48.6513,-26.9193,5.69,17
-48.6518,-26.9199,5.69,17
-48.6527,-26.9219,14.93,17
-48.6531,-26.9209,5.69,17
-48.6536,-26.9206,7.38,17
-48.6527,-26.9207,5.69,17
-48.6531,-26.9205,7.38,17
-48.6531,-26.9213,14.93,17
-48.6485,-26.9251,14.79,17
-48.6489,-26.9249,14.79,17
-48.6485,-26.9256,14.79,17
-48.6498,-26.9244,14.79,17
-48.6498,-26.9248,14.79,17
-48.6502,-26.9246,14.86,17
-48.6493,-26.9247,14.79,17
-48.6476,-26.926,14.79,17
-48.6481,-26.9258,14.79,17
-48.6519,-26.9237,14.93,17
-48.6523,-26.9234,14.93,17
-48.6515,-26.9239,14.93,17
-48.6528,-26.9228,14.93,17
-48.6527,-26.9224,14.93,17
-48.6523,-26.923,14.93,17
-48.6506,-26.9244,14.93,17
-48.6511,-26.9241,14.93,17
-48.6399,-26.9554,12.87,17
-48.6403,-26.9551,12.87,17
-48.6399,-26.9558,12.87,17
-48.6799,-26.8989,10.31,21
-48.679,-26.8989,10.31,21
-48.6795,-26.8987,10.31,21
-48.6782,-26.899,10.31,21
-48.6786,-26.8988,10.31,21
-48.6777,-26.8988,10.31,21
-48.6768,-26.8989,10.31,21
-48.6773,-26.8991,10.31,21
-48.6735,-26.9029,8.01,21
-48.6739,-26.9026,8.01,21
-48.673,-26.9027,8.01,21
-48.6713,-26.9028,8.01,21
-48.6722,-26.9027,8.01,21
-48.6726,-26.9025,8.01,21
-48.6717,-26.9025,8.01,21
-48.682,-26.8952,3.81,21
-48.682,-26.8956,3.81,21
-48.6819,-26.8948,3.81,21
-48.682,-26.8965,3.81,21
-48.682,-26.896,3.81,21
-48.6816,-26.8988,10.31,21
-48.6821,-26.8985,10.31,21
-48.6812,-26.8986,10.31,21
-48.6803,-26.8987,10.31,21
-48.6808,-26.8988,10.31,21
-48.6916,-26.9095,8.54,21
-48.6921,-26.9096,8.54,21
-48.6912,-26.9097,8.54,21
-48.6908,-26.9095,8.54,21
-48.6979,-26.889,8.38,21
-48.6979,-26.8881,8.38,21
-48.6979,-26.8886,8.38,21
-48.6974,-26.8859,9.95,21
-48.6979,-26.8873,8.38,21
-48.6978,-26.8869,8.38,21
-48.6979,-26.8877,8.38,21
-48.7002,-26.8911,18.3,21
-48.7002,-26.8915,18.3,21
-48.7002,-26.8924,18.3,21
-48.7006,-26.8921,18.3,21
-48.7002,-26.892,18.3,21
-48.7002,-26.8928,18.3,21
-48.7007,-26.8926,18.3,21
-48.7006,-26.8913,18.3,21
-48.7006,-26.8917,18.3,21
-48.6983,-26.8866,8.38,21
-48.7004,-26.897,16.01,21
-48.7004,-26.8974,16.01,21
-48.7008,-26.8963,16.01,21
-48.7003,-26.8961,16.01,21
-48.7008,-26.8959,16.01,21
-48.7008,-26.8967,16.01,21
-48.7004,-26.8966,16.01,21
-48.7008,-26.898,16.01,21
-48.7009,-26.8984,16.01,21
-48.7008,-26.8972,16.01,21
-48.7008,-26.8976,16.01,21
-48.7003,-26.8941,16.01,21
-48.7003,-26.8945,16.01,21
-48.7007,-26.8934,18.3,21
-48.7002,-26.8932,18.3,21
-48.7007,-26.893,18.3,21
-48.7007,-26.8938,16.01,21
-48.7003,-26.8936,18.3,21
-48.7003,-26.8953,16.01,21
-48.7007,-26.8951,16.01,21
-48.7003,-26.8949,16.01,21
-48.7003,-26.8957,16.01,21
-48.7008,-26.8955,16.01,21
-48.7007,-26.8942,16.01,21
-48.7007,-26.8947,16.01,21
-48.7009,-26.8992,16.01,21
-48.7009,-26.8988,16.01,21
-48.7009,-26.8997,13.72,21
-48.7009,-26.9001,13.72,21
-48.7009,-26.9005,13.72,21
-48.6709,-26.9026,8.01,21
-48.6942,-26.8838,9.95,21
-48.6934,-26.8838,9.95,21
-48.6938,-26.8836,9.95,21
-48.6951,-26.8841,9.95,21
-48.6947,-26.8839,9.95,21
-48.6951,-26.8845,9.95,21
-48.6956,-26.8843,9.95,21
-48.6965,-26.8851,9.95,21
-48.6969,-26.8857,9.95,21
-48.6965,-26.8855,9.95,21
-48.696,-26.8849,9.95,21
-48.6956,-26.8847,9.95,21
-48.6804,-26.8876,6.64,21
-48.6804,-26.888,6.64,21
-48.6813,-26.8896,6.64,21
-48.6813,-26.8892,6.64,21
-48.6809,-26.8886,6.64,21
-48.6808,-26.8882,6.64,21
-48.6809,-26.889,6.64,21
-48.6827,-26.9157,9.22,21
-48.6818,-26.9157,9.22,21
-48.6822,-26.9155,9.22,21
-48.6809,-26.9158,9.22,21
-48.6813,-26.9155,9.22,21
-48.6805,-26.9156,9.22,21
-48.6831,-26.9158,9.22,21
-48.68,-26.9158,9.22,21
-48.7003,-26.9089,16.938,21
-48.7008,-26.9087,16.938,21
-48.7003,-26.9085,16.938,21
-48.7004,-26.9093,16.938,21
-48.7008,-26.9091,16.938,21
-48.7008,-26.9082,16.938,21
-48.7003,-26.9076,16.938,21
-48.7003,-26.9081,16.938,21
-48.7008,-26.9099,16.795,21
-48.7004,-26.9097,16.795,21
-48.7008,-26.9095,16.795,21
-48.7008,-26.9103,16.795,21
-48.7004,-26.9102,16.795,21
-48.6942,-26.9093,9.196666666666667,21
-48.6938,-26.9091,11.19,21
-48.6947,-26.9095,8.2,21
-48.6938,-26.9095,9.196666666666667,21
-48.6929,-26.9096,8.2,21
-48.6934,-26.9093,8.2,21
-48.6925,-26.9094,8.2,21
-48.6956,-26.9094,7.86,21
-48.6951,-26.9092,8.2,21
-48.6938,-26.9099,11.19,21
-48.6938,-26.9104,11.19,21
-48.7004,-26.9118,16.795,21
-48.7009,-26.9116,16.795,21
-48.7004,-26.9114,16.795,21
-48.7005,-26.9122,16.795,21
-48.7009,-26.912,16.795,21
-48.7008,-26.9108,16.795,21
-48.7009,-26.9112,16.795,21
-48.7004,-26.9106,16.795,21
-48.7004,-26.911,16.795,21
-48.7009,-26.9128,16.795,21
-48.7005,-26.9127,16.795,21
-48.7009,-26.9124,16.795,21
-48.7009,-26.9133,16.795,21
-48.7005,-26.9131,16.795,21
-48.6939,-26.912,11.19,21
-48.6939,-26.9124,11.19,21
-48.6939,-26.9112,11.19,21
-48.6939,-26.9108,11.19,21
-48.6939,-26.9116,11.19,21
-48.6939,-26.9129,11.19,21
-48.6939,-26.9133,11.19,21
-48.7028,-26.905,6.04,21
-48.702,-26.905,6.04,21
-48.7024,-26.9048,6.04,21
-48.7001,-26.9031,17.46666666666667,21
-48.7001,-26.9026,17.46666666666667,21
-48.7002,-26.9035,17.46666666666667,21
-48.7001,-26.9018,17.46666666666667,21
-48.7001,-26.9022,17.46666666666667,21
-48.7002,-26.9039,17.46666666666667,21
-48.7002,-26.9043,17.46666666666667,21
-48.7002,-26.906,16.611666666666668,21
-48.7002,-26.9056,16.611666666666668,21
-48.7003,-26.9064,16.611666666666668,21
-48.7011,-26.9051,6.04,21
-48.7015,-26.9049,6.04,21
-48.7002,-26.9047,16.611666666666668,21
-48.7002,-26.9051,16.611666666666668,21
-48.7003,-26.9068,16.611666666666668,21
-48.7003,-26.9072,16.611666666666668,21
-48.7005,-26.9135,16.795,21
-48.6642,-26.9139,11.79,21
-48.6638,-26.9137,11.79,21
-48.6642,-26.9135,11.79,21
-48.6633,-26.9131,11.79,21
-48.6629,-26.9129,11.79,21
-48.6638,-26.9133,11.79,21
-48.6651,-26.9143,11.79,21
-48.6647,-26.9141,11.79,21
-48.6651,-26.9147,11.79,21
-48.662,-26.9122,11.79,21
-48.6629,-26.9125,11.79,21
-48.6624,-26.9123,11.79,21
-48.666,-26.915,11.79,21
-48.6656,-26.9149,11.79,21
-48.666,-26.9155,11.79,21
-48.6693,-26.9077,11.446666666666667,21
-48.6693,-26.9081,11.446666666666667,21
-48.6693,-26.9069,11.446666666666667,21
-48.6692,-26.9065,11.446666666666667,21
-48.6693,-26.9073,11.446666666666667,21
-48.6693,-26.9086,11.446666666666667,21
-48.6693,-26.909,11.446666666666667,21
-48.6658,-26.9079,10.28,21
-48.6653,-26.9078,10.28,21
-48.6688,-26.9059,11.446666666666667,21
-48.6692,-26.9056,11.446666666666667,21
-48.6692,-26.9061,11.446666666666667,21
-48.6698,-26.9108,11.446666666666667,21
-48.6694,-26.9106,11.446666666666667,21
-48.6698,-26.9104,11.446666666666667,21
-48.6698,-26.9112,11.446666666666667,21
-48.6694,-26.9111,11.446666666666667,21
-48.6694,-26.9098,11.446666666666667,21
-48.6698,-26.9096,11.446666666666667,21
-48.6693,-26.9094,11.446666666666667,21
-48.6694,-26.9102,11.446666666666667,21
-48.6698,-26.91,11.446666666666667,21
-48.6699,-26.9117,11.446666666666667,21
-48.6699,-26.9121,11.446666666666667,21
-48.672,-26.9101,7.61,21
-48.6724,-26.9098,7.61,21
-48.672,-26.9096,7.61,21
-48.672,-26.9105,7.61,21
-48.6724,-26.9102,7.61,21
-48.6662,-26.9085,10.28,21
-48.6658,-26.9084,10.28,21
-48.6567,-26.9112,3.84,21
-48.6563,-26.9111,3.84,21
-48.6567,-26.9104,3.84,21
-48.6567,-26.9108,3.84,21
-48.664,-26.9068,10.28,21
-48.6636,-26.9066,10.28,21
-48.6631,-26.906,10.28,21
-48.6631,-26.9064,10.28,21
-48.6645,-26.9074,10.28,21
-48.6649,-26.9072,10.28,21
-48.6644,-26.907,10.28,21
-48.6649,-26.9076,10.28,21
-48.6571,-26.9085,3.84,21
-48.6571,-26.9089,3.84,21
-48.6571,-26.9081,3.84,21
-48.6567,-26.9096,3.84,21
-48.6571,-26.9093,3.84,21
-48.6567,-26.91,3.84,21
-48.6725,-26.9119,7.61,21
-48.6725,-26.9123,7.61,21
-48.6725,-26.9111,7.61,21
-48.672,-26.9109,7.61,21
-48.6724,-26.9107,7.61,21
-48.6725,-26.9115,7.61,21
-48.6294,-26.9564,3.0,21
-48.6299,-26.9566,3.0,21
-48.6308,-26.9566,3.0,21
-48.6312,-26.9563,3.0,21
-48.6303,-26.9564,3.0,21
-48.8017,-27.0222,22.87,13
-48.8021,-27.022,22.87,13
-48.8017,-27.0226,22.87,13
-48.8021,-27.0211,22.87,13
-48.8017,-27.0218,22.87,13
-48.8021,-27.0215,22.87,13
-48.8017,-27.023,22.87,13
-48.8017,-27.0234,22.87,13
-48.8021,-27.0207,22.87,13
-48.8018,-27.0255,22.87,13
-48.8013,-27.0249,22.87,13
-48.8013,-27.0253,22.87,13
-48.8017,-27.0243,22.87,13
-48.8017,-27.0239,22.87,13
-48.8018,-27.0247,22.87,13
-48.8013,-27.0245,22.87,13
-48.8022,-27.0261,22.87,13
-48.8023,-27.0265,22.87,13
-48.8018,-27.0259,22.87,13
-48.8018,-27.0264,22.87,13
-48.8023,-27.0282,22.87,13
-48.8019,-27.028,22.87,13
-48.8023,-27.0278,22.87,13
-48.8023,-27.0286,22.87,13
-48.8019,-27.0284,22.87,13
-48.8023,-27.027,22.87,13
-48.8023,-27.0274,22.87,13
-48.8023,-27.029,22.87,13
-48.8024,-27.0295,22.87,13
-48.8015,-27.0308,22.87,13
-48.8015,-27.0312,22.87,13
-48.8019,-27.0301,22.87,13
-48.8024,-27.0299,22.87,13
-48.802,-27.0305,22.87,13
-48.6861,-26.9018,6.93,13
-48.6874,-26.9007,3.43,13
-48.6887,-26.9,11.42,13
-48.6887,-26.8996,11.42,13
-48.6869,-26.9005,3.43,13
-48.687,-26.901,3.43,13
-48.6883,-26.9023,6.61,13
-48.6887,-26.9021,7.7675,13
-48.6879,-26.9022,6.61,13
-48.687,-26.9018,3.43,13
-48.687,-26.9014,3.43,13
-48.687,-26.9022,4.95,13
-48.6874,-26.902,6.61,13
-48.6866,-26.902,6.61,13
-48.6817,-26.9009,8.366666666666667,13
-48.6826,-26.9008,7.9075,13
-48.683,-26.9006,8.813333333333334,13
-48.6821,-26.9006,8.366666666666667,13
-48.6808,-26.9009,8.366666666666667,13
-48.6804,-26.9007,8.366666666666667,13
-48.6813,-26.9007,8.366666666666667,13
-48.6852,-26.9011,8.813333333333334,13
-48.6848,-26.9009,8.813333333333334,13
-48.6839,-26.9005,8.813333333333334,13
-48.6839,-26.9009,8.813333333333334,13
-48.6843,-26.9007,8.813333333333334,13
-48.6835,-26.9008,8.813333333333334,13
-48.6888,-26.9029,4.09,13
-48.6888,-26.9025,4.09,13
-48.6888,-26.9034,4.09,13
-48.6866,-26.9037,4.05,13
-48.687,-26.9035,4.05,13
-48.6866,-26.9033,4.05,13
-48.6866,-26.9041,6.15,13
-48.6871,-26.9039,6.15,13
-48.687,-26.9026,4.05,13
-48.687,-26.903,4.05,13
-48.6888,-26.9038,4.09,13
-48.6866,-26.9045,6.15,13
-48.6903,-26.8961,11.42,13
-48.6894,-26.8962,11.42,13
-48.6898,-26.896,11.42,13
-48.689,-26.896,11.42,13
-48.6885,-26.8963,11.42,13
-48.6886,-26.8971,11.42,13
-48.6886,-26.8967,11.42,13
-48.6886,-26.8975,11.42,13
-48.6886,-26.8988,11.42,13
-48.6886,-26.8992,11.42,13
-48.6886,-26.8979,11.42,13
-48.6886,-26.8983,11.42,13
-48.6743,-26.902,4.06,13
-48.6739,-26.9018,4.06,13
-48.6725,-26.9008,4.06,13
-48.6734,-26.8995,5.38,13
-48.6729,-26.8993,5.38,13
-48.6725,-26.8992,5.38,13
-48.673,-26.9014,4.06,13
-48.6734,-26.9012,4.06,13
-48.673,-26.901,4.06,13
-48.6734,-26.9016,4.06,13
-48.6775,-26.9045,4.6,13
-48.6775,-26.9049,4.6,13
-48.6779,-26.903,3.415,13
-48.6779,-26.9038,4.6,13
-48.6779,-26.9034,3.415,13
-48.6779,-26.9043,4.6,13
-48.6709,-26.903,7.12,13
-48.6713,-26.9036,7.12,13
-48.6709,-26.9034,7.12,13
-48.6713,-26.904,6.18,13
-48.6718,-26.9046,6.18,13
-48.6714,-26.9045,6.18,13
-48.6819,-26.8927,4.87,13
-48.6823,-26.8925,4.87,13
-48.6827,-26.8922,4.87,13
-48.689,-26.9088,5.47,13
-48.6885,-26.9086,5.47,13
-48.6877,-26.9087,5.47,13
-48.6881,-26.9088,5.47,13
-48.6872,-26.9089,5.47,13
-48.6886,-26.9111,6.33,13
-48.6864,-26.9089,5.47,13
-48.6868,-26.9087,5.47,13
-48.6887,-26.9124,6.32,13
-48.6887,-26.9128,6.32,13
-48.6891,-26.9113,6.33,13
-48.6891,-26.9121,15.682,13
-48.6886,-26.9119,6.32,13
-48.6887,-26.9136,6.32,13
-48.6891,-26.9134,6.32,13
-48.6887,-26.9132,6.32,13
-48.6887,-26.914,6.32,13
-48.69,-26.9125,21.923333333333332,13
-48.6891,-26.9125,6.32,13
-48.6895,-26.9123,21.923333333333332,13
-48.6891,-26.913,6.32,13
-48.6912,-26.9109,11.48,13
-48.6908,-26.9108,4.605,13
-48.6917,-26.9111,11.48,13
-48.6908,-26.9112,5.4675,13
-48.6899,-26.9112,6.33,13
-48.6904,-26.911,6.33,13
-48.6895,-26.911,6.33,13
-48.6908,-26.9103,4.605,13
-48.6926,-26.9111,11.48,13
-48.693,-26.9112,11.48,13
-48.6921,-26.9113,11.48,13
-48.6908,-26.9116,4.605,13
-48.6904,-26.9122,21.923333333333332,13
-48.6908,-26.912,4.605,13
-48.69,-26.9121,21.923333333333332,13
-48.6945,-26.9032,8.04,13
-48.6945,-26.9036,8.04,13
-48.6944,-26.9024,8.04,13
-48.6945,-26.9028,8.04,13
-48.6923,-26.9031,13.23,13
-48.6923,-26.9036,13.23,13
-48.694,-26.9022,13.76,13
-48.6931,-26.9022,13.76,13
-48.6936,-26.902,13.76,13
-48.6949,-26.9034,8.04,13
-48.6909,-26.9022,13.76,13
-48.6914,-26.9024,13.76,13
-48.6905,-26.9024,13.76,13
-48.6896,-26.902,13.76,13
-48.6901,-26.9022,13.76,13
-48.6892,-26.9023,13.76,13
-48.6923,-26.9023,13.495,13
-48.6927,-26.9021,13.76,13
-48.6918,-26.9021,13.76,13
-48.6923,-26.9027,13.23,13
-48.6944,-26.9007,8.04,13
-48.6944,-26.9015,8.04,13
-48.6944,-26.9011,8.04,13
-48.6944,-26.902,10.9,13
-48.6924,-26.9061,13.23,13
-48.6924,-26.9065,13.23,13
-48.6923,-26.904,13.23,13
-48.6923,-26.9044,13.23,13
-48.6924,-26.9052,13.23,13
-48.6923,-26.9048,13.23,13
-48.6924,-26.9056,13.23,13
-48.6776,-26.9087,7.4525,13
-48.6776,-26.9082,7.4525,13
-48.6776,-26.9091,7.4525,13
-48.6794,-26.9102,10.376666666666667,13
-48.6798,-26.91,10.376666666666667,13
-48.679,-26.91,10.376666666666667,13
-48.6776,-26.9095,7.4525,13
-48.6781,-26.9101,10.376666666666667,13
-48.6777,-26.9099,7.4525,13
-48.6758,-26.9075,10.5,13
-48.6758,-26.9079,10.5,13
-48.6763,-26.9077,10.5,13
-48.6754,-26.9078,10.5,13
-48.6745,-26.9074,10.5,13
-48.6741,-26.9072,10.5,13
-48.675,-26.9076,10.5,13
-48.6767,-26.9083,10.5,13
-48.6763,-26.9081,10.5,13
-48.6776,-26.9074,4.6,13
-48.6772,-26.9081,10.5,13
-48.6776,-26.9078,4.6,13
-48.6767,-26.9079,10.5,13
-48.6793,-26.9056,3.74,13
-48.6784,-26.9057,3.74,13
-48.6788,-26.9054,3.74,13
-48.6797,-26.9054,3.74,13
-48.6775,-26.9057,4.456666666666667,13
-48.6779,-26.9055,3.74,13
-48.6775,-26.9053,4.6,13
-48.6775,-26.9062,4.6,13
-48.6779,-26.9047,4.6,13
-48.6779,-26.9051,4.6,13
-48.6801,-26.9056,3.74,13
-48.6775,-26.9066,4.6,13
-48.6776,-26.907,4.6,13
-48.6795,-26.9119,9.01,13
-48.6773,-26.9114,7.623333333333332,13
-48.6773,-26.9118,7.623333333333332,13
-48.6785,-26.9103,10.376666666666667,13
-48.6803,-26.9118,9.01,13
-48.6808,-26.9116,6.525,13
-48.6799,-26.9117,9.01,13
-48.682,-26.9101,13.95,13
-48.6825,-26.9098,13.95,13
-48.6816,-26.9099,13.95,13
-48.6807,-26.9099,7.93,13
-48.6807,-26.9095,4.26,13
-48.6807,-26.9103,4.26,13
-48.6812,-26.9101,13.95,13
-48.6803,-26.9102,10.376666666666667,13
-48.6825,-26.9115,9.01,13
-48.6807,-26.9108,4.26,13
-48.6808,-26.9112,4.26,13
-48.6759,-26.9104,4.68,13
-48.6755,-26.9103,4.68,13
-48.6759,-26.9109,4.68,13
-48.6764,-26.9106,4.68,13
-48.6755,-26.9107,4.68,13
-48.6772,-26.9093,7.4525,13
-48.6772,-26.9097,7.4525,13
-48.6746,-26.9103,4.68,13
-48.6742,-26.9101,5.905,13
-48.6751,-26.9105,4.68,13
-48.6764,-26.911,4.68,13
-48.6772,-26.9106,7.623333333333332,13
-48.6777,-26.9103,9.0,13
-48.6772,-26.9102,8.705714285714285,13
-48.6773,-26.911,6.8875,13
-48.6768,-26.9108,4.68,13
-48.704,-26.8882,7.63,13
-48.6979,-26.889,7.61,13
-48.7001,-26.8882,16.08,13
-48.7001,-26.8886,16.08,13
-48.7005,-26.888,6.17,13
-48.7009,-26.8877,6.9,13
-48.7001,-26.8878,11.125,13
-48.6979,-26.8881,7.61,13
-48.6979,-26.8886,7.61,13
-48.7001,-26.8895,16.08,13
-48.7001,-26.889,16.08,13
-48.7001,-26.8899,16.08,13
-48.6974,-26.8859,9.15,13
-48.6979,-26.8873,7.61,13
-48.6978,-26.8869,7.61,13
-48.6979,-26.8877,7.61,13
-48.7002,-26.8911,16.08,13
-48.7002,-26.8915,16.08,13
-48.7006,-26.8905,16.08,13
-48.7001,-26.8903,16.08,13
-48.7006,-26.8909,16.08,13
-48.7002,-26.8907,16.08,13
-48.7002,-26.8924,16.08,13
-48.7006,-26.8921,16.08,13
-48.7002,-26.892,16.08,13
-48.7002,-26.8928,16.08,13
-48.7007,-26.8926,16.08,13
-48.7006,-26.8913,16.08,13
-48.7006,-26.8917,16.08,13
-48.7031,-26.8882,6.9,13
-48.7036,-26.888,7.63,13
-48.7027,-26.888,6.9,13
-48.7018,-26.8881,6.9,13
-48.7022,-26.8879,6.9,13
-48.7014,-26.8879,6.9,13
-48.6983,-26.8866,7.61,13
-48.7007,-26.8934,16.08,13
-48.7002,-26.8932,16.08,13
-48.7007,-26.893,16.08,13
-48.7007,-26.8938,16.08,13
-48.7003,-26.8936,16.08,13
-48.7001,-26.9014,11.51,13
-48.6652,-26.9036,7.63,13
-48.6656,-26.9034,7.63,13
-48.6652,-26.904,7.63,13
-48.666,-26.9027,7.63,13
-48.6661,-26.9031,7.63,13
-48.6626,-26.9038,12.4,13
-48.663,-26.9035,12.4,13
-48.6729,-26.8989,5.38,13
-48.6725,-26.8987,5.38,13
-48.6716,-26.8984,5.38,13
-48.672,-26.8986,5.38,13
-48.6578,-26.903,9.7,13
-48.6586,-26.9034,11.8775,13
-48.6582,-26.9032,11.8775,13
-48.6836,-26.8918,4.87,13
-48.6832,-26.892,4.87,13
-48.6959,-26.8816,8.72,13
-48.6955,-26.8814,8.72,13
-48.6955,-26.8822,8.72,13
-48.6959,-26.882,8.72,13
-48.6955,-26.8818,8.72,13
-48.6955,-26.8826,8.72,13
-48.6959,-26.8824,8.72,13
-48.6951,-26.8841,9.15,13
-48.6956,-26.8839,8.72,13
-48.6947,-26.8839,9.15,13
-48.6951,-26.8845,9.15,13
-48.6956,-26.8843,8.935,13
-48.696,-26.8832,8.72,13
-48.6955,-26.8831,8.72,13
-48.696,-26.8828,8.72,13
-48.696,-26.8837,8.72,13
-48.6955,-26.8835,8.72,13
-48.6965,-26.8851,9.15,13
-48.6969,-26.8857,9.15,13
-48.6965,-26.8855,9.15,13
-48.696,-26.8849,9.15,13
-48.6956,-26.8847,9.15,13
-48.6953,-26.9142,20.29,13
-48.6957,-26.914,20.29,13
-48.6948,-26.9141,20.29,13
-48.6953,-26.9138,20.29,13
-48.6931,-26.915,5.12,13
-48.6936,-26.9148,5.12,13
-48.6931,-26.9146,5.12,13
-48.6931,-26.9154,5.12,13
-48.6936,-26.9152,5.12,13
-48.6944,-26.9139,20.29,13
-48.6935,-26.9139,5.12,13
-48.694,-26.9137,20.29,13
-48.6935,-26.9143,5.12,13
-48.6936,-26.916,4.56,13
-48.6932,-26.9158,4.56,13
-48.6936,-26.9156,5.12,13
-48.6888,-26.9153,7.13,13
-48.6888,-26.9157,7.13,13
-48.6887,-26.9144,7.13,13
-48.6887,-26.9149,7.13,13
-48.6922,-26.913,21.923333333333332,13
-48.6917,-26.9128,21.923333333333332,13
-48.6926,-26.9132,21.923333333333332,13
-48.6909,-26.9128,21.923333333333332,13
-48.6913,-26.9126,21.923333333333332,13
-48.6904,-26.9127,21.923333333333332,13
-48.6909,-26.9124,14.996,13
-48.6931,-26.9138,5.68,13
-48.6931,-26.9142,5.12,13
-48.6776,-26.921,13.82,13
-48.6772,-26.9208,13.82,13
-48.6746,-26.9222,20.0,13
-48.6776,-26.9202,13.82,13
-48.6776,-26.9206,13.82,13
-48.6732,-26.9213,20.0,13
-48.6728,-26.9211,20.0,13
-48.6741,-26.9196,6.89,13
-48.6719,-26.9207,20.0,13
-48.6715,-26.9206,20.0,13
-48.6719,-26.9203,20.0,13
-48.6724,-26.9209,20.0,13
-48.6737,-26.9219,20.0,13
-48.6733,-26.9217,20.0,13
-48.6741,-26.9221,20.0,13
-48.6728,-26.9215,20.0,13
-48.6771,-26.9183,12.945,13
-48.6775,-26.9181,12.945,13
-48.6771,-26.9179,12.945,13
-48.6771,-26.9187,12.945,13
-48.6775,-26.9185,12.945,13
-48.6771,-26.92,13.82,13
-48.6771,-26.9204,13.82,13
-48.6775,-26.9193,13.82,13
-48.6771,-26.9192,12.945,13
-48.6775,-26.9189,12.945,13
-48.6776,-26.9198,13.82,13
-48.6771,-26.9196,13.82,13
-48.6746,-26.9227,20.0,13
-48.6774,-26.9147,12.07,13
-48.6821,-26.9117,9.01,13
-48.6812,-26.9118,9.01,13
-48.6816,-26.9115,9.01,13
-48.6775,-26.9172,12.945,13
-48.6775,-26.9177,12.945,13
-48.6961,-26.924,9.62,13
-48.6965,-26.9238,9.62,13
-48.6956,-26.9243,9.62,13
-48.6982,-26.9233,9.62,13
-48.6986,-26.923,9.62,13
-48.6978,-26.9235,9.62,13
-48.6969,-26.9235,9.62,13
-48.6973,-26.9233,9.62,13
-48.6974,-26.9237,9.62,13
-48.7075,-26.9135,0.54,13
-48.7079,-26.9132,0.54,13
-48.707,-26.9133,0.54,13
-48.7062,-26.9133,0.54,13
-48.7066,-26.9131,0.54,13
-48.7057,-26.9132,0.54,13
-48.7084,-26.9134,0.54,13
-48.7088,-26.9132,0.54,13
-48.7053,-26.9134,0.54,13
-48.7003,-26.9089,17.63,13
-48.7008,-26.9087,17.63,13
-48.7003,-26.9085,17.63,13
-48.7004,-26.9093,17.63,13
-48.7008,-26.9091,17.63,13
-48.7008,-26.9082,17.63,13
-48.7003,-26.9076,17.63,13
-48.7003,-26.9081,17.63,13
-48.7008,-26.9099,17.92,13
-48.7004,-26.9097,17.92,13
-48.7008,-26.9095,17.92,13
-48.7008,-26.9103,17.92,13
-48.7004,-26.9102,17.92,13
-48.6942,-26.9093,13.37,13
-48.6938,-26.9091,13.37,13
-48.6938,-26.9095,12.06,13
-48.6938,-26.9099,12.06,13
-48.6938,-26.9104,12.06,13
-48.6979,-26.9149,20.29,13
-48.6975,-26.9147,20.29,13
-48.6966,-26.9144,20.29,13
-48.6962,-26.9142,20.29,13
-48.697,-26.9145,20.29,13
-48.7004,-26.9118,17.92,13
-48.7009,-26.9116,17.92,13
-48.7004,-26.9114,17.92,13
-48.7005,-26.9122,17.92,13
-48.7009,-26.912,17.92,13
-48.7008,-26.9108,17.92,13
-48.7009,-26.9112,17.92,13
-48.7004,-26.9106,17.92,13
-48.7004,-26.911,17.92,13
-48.7009,-26.9128,17.92,13
-48.7005,-26.9127,17.92,13
-48.7009,-26.9124,17.92,13
-48.7009,-26.9133,17.92,13
-48.7005,-26.9131,17.92,13
-48.6939,-26.912,10.3,13
-48.6939,-26.9124,10.3,13
-48.6947,-26.9111,11.48,13
-48.6952,-26.9109,11.48,13
-48.6939,-26.9112,10.595,13
-48.6943,-26.911,11.48,13
-48.6934,-26.911,11.48,13
-48.6939,-26.9108,12.06,13
-48.6939,-26.9116,10.3,13
-48.6948,-26.9136,20.29,13
-48.6939,-26.9129,10.3,13
-48.6935,-26.9135,17.368,13
-48.6939,-26.9133,10.3,13
-48.6931,-26.9133,20.29,13
-48.7001,-26.9031,15.81,13
-48.7001,-26.9026,15.81,13
-48.7002,-26.9035,15.81,13
-48.7001,-26.9018,15.81,13
-48.7001,-26.9022,15.81,13
-48.7002,-26.9039,15.81,13
-48.7002,-26.9043,15.81,13
-48.7002,-26.906,15.022,13
-48.7002,-26.9056,15.022,13
-48.7003,-26.9064,15.022,13
-48.7002,-26.9047,14.436666666666667,13
-48.7002,-26.9051,15.022,13
-48.7003,-26.9068,15.022,13
-48.7003,-26.9072,15.022,13
-48.7005,-26.9147,18.79,13
-48.701,-26.9145,18.79,13
-48.7005,-26.9143,18.79,13
-48.7006,-26.9152,18.79,13
-48.701,-26.9149,18.79,13
-48.7009,-26.9137,18.79,13
-48.701,-26.9141,18.79,13
-48.7005,-26.9135,17.92,13
-48.7005,-26.9139,18.79,13
-48.701,-26.9158,18.79,13
-48.7006,-26.9156,18.79,13
-48.701,-26.9153,18.79,13
-48.6642,-26.9139,8.79,13
-48.6638,-26.9137,8.79,13
-48.6642,-26.9135,8.79,13
-48.6625,-26.914,8.92,13
-48.6621,-26.9138,8.92,13
-48.6625,-26.9144,8.92,13
-48.6629,-26.9142,8.92,13
-48.6633,-26.9131,8.79,13
-48.6629,-26.9129,8.79,13
-48.6638,-26.9133,8.79,13
-48.6643,-26.9151,8.92,13
-48.6638,-26.915,8.92,13
-48.6643,-26.9156,8.92,13
-48.6656,-26.914,8.87,13
-48.6647,-26.9141,8.79,13
-48.6651,-26.9147,8.506666666666666,13
-48.6656,-26.9144,8.87,13
-48.6634,-26.9148,8.92,13
-48.663,-26.9146,8.92,13
-48.6672,-26.9122,8.87,13
-48.6668,-26.9129,8.87,13
-48.6673,-26.9127,8.87,13
-48.6677,-26.912,8.87,13
-48.6664,-26.9131,8.87,13
-48.666,-26.9138,8.87,13
-48.6664,-26.9136,8.87,13
-48.6612,-26.913,10.225,13
-48.662,-26.9122,9.43,13
-48.6594,-26.9123,5.1466666666666665,13
-48.6616,-26.9136,8.92,13
-48.6607,-26.9137,10.225,13
-48.6612,-26.9135,9.79,13
-48.6608,-26.9141,10.225,13
-48.6616,-26.9128,10.225,13
-48.662,-26.9126,10.225,13
-48.6646,-26.9103,10.16,13
-48.6645,-26.9099,10.16,13
-48.665,-26.9105,10.16,13
-48.665,-26.9109,10.16,13
-48.6629,-26.9125,8.79,13
-48.6624,-26.9123,8.79,13
-48.6652,-26.9159,8.92,13
-48.6647,-26.9157,8.92,13
-48.6665,-26.9152,8.325,13
-48.6669,-26.9158,8.325,13
-48.6665,-26.9156,8.325,13
-48.666,-26.915,8.325,13
-48.6656,-26.9149,8.325,13
-48.666,-26.9155,8.325,13
-48.6674,-26.9164,8.325,13
-48.6674,-26.916,8.325,13
-48.6678,-26.9166,8.55,13
-48.6661,-26.9163,8.92,13
-48.6656,-26.9161,8.92,13
-48.6661,-26.9167,8.92,13
-48.6656,-26.9165,8.92,13
-48.6599,-26.9154,10.38,13
-48.6603,-26.9148,10.225,13
-48.6603,-26.9144,10.225,13
-48.6599,-26.915,10.38,13
-48.6693,-26.9077,11.6,13
-48.6693,-26.9081,11.6,13
-48.668,-26.9076,4.79,13
-48.668,-26.908,4.79,13
-48.6693,-26.9069,9.55,13
-48.6692,-26.9065,9.55,13
-48.6693,-26.9073,11.6,13
-48.6693,-26.9086,11.6,13
-48.6693,-26.909,11.6,13
-48.6727,-26.9063,5.24,13
-48.6723,-26.9061,5.24,13
-48.6727,-26.9067,5.24,13
-48.6723,-26.9065,5.24,13
-48.6718,-26.9051,6.18,13
-48.6723,-26.9057,5.24,13
-48.6718,-26.9055,6.18,13
-48.6736,-26.907,8.815,13
-48.6736,-26.9074,7.13,13
-48.6714,-26.9049,6.18,13
-48.6688,-26.9059,9.55,13
-48.6692,-26.9056,9.55,13
-48.6692,-26.9061,9.55,13
-48.6698,-26.9108,11.6,13
-48.6694,-26.9106,11.6,13
-48.6698,-26.9104,11.6,13
-48.6698,-26.9112,11.6,13
-48.6694,-26.9111,11.6,13
-48.6711,-26.9097,11.16,13
-48.6702,-26.9098,11.16,13
-48.6707,-26.9095,11.16,13
-48.6694,-26.9098,11.6,13
-48.6698,-26.9096,11.6,13
-48.6693,-26.9094,11.6,13
-48.6694,-26.9102,11.6,13
-48.6698,-26.91,11.6,13
-48.6699,-26.9117,11.6,13
-48.6699,-26.9121,11.6,13
-48.6728,-26.9096,11.16,13
-48.6733,-26.9094,11.16,13
-48.6724,-26.9094,11.16,13
-48.6737,-26.9083,7.13,13
-48.6741,-26.908,7.13,13
-48.6737,-26.9079,7.13,13
-48.6737,-26.9087,7.13,13
-48.6741,-26.9085,7.13,13
-48.6715,-26.9095,11.16,13
-48.6741,-26.9093,9.145,13
-48.6737,-26.9091,7.13,13
-48.6741,-26.9089,7.13,13
-48.6742,-26.9097,7.13,13
-48.6737,-26.9095,9.145,13
-48.672,-26.9096,11.16,13
-48.6663,-26.9094,11.32,13
-48.668,-26.9084,4.79,13
-48.668,-26.9088,4.79,13
-48.6663,-26.909,11.32,13
-48.6658,-26.9088,11.32,13
-48.668,-26.9093,4.79,13
-48.6538,-26.9141,0.78,13
-48.6542,-26.9139,0.78,13
-48.6538,-26.9146,0.78,13
-48.6542,-26.9143,0.78,13
-48.6576,-26.9116,5.1466666666666665,13
-48.6576,-26.912,5.1466666666666665,13
-48.6581,-26.9118,5.1466666666666665,13
-48.6572,-26.9118,5.1466666666666665,13
-48.6576,-26.9103,12.26,13
-48.6576,-26.9108,12.26,13
-48.6581,-26.913,3.15,13
-48.6577,-26.9128,3.15,13
-48.6589,-26.9121,5.1466666666666665,13
-48.6585,-26.912,5.1466666666666665,13
-48.6572,-26.9122,3.15,13
-48.6572,-26.9127,3.15,13
-48.6558,-26.9092,13.37,13
-48.6554,-26.9099,13.37,13
-48.6558,-26.9096,13.37,13
-48.6554,-26.9103,13.37,13
-48.6558,-26.91,13.37,13
-48.6554,-26.9107,13.37,13
-48.6551,-26.9159,7.49,13
-48.6547,-26.9158,5.835,13
-48.6556,-26.9157,7.49,13
-48.6551,-26.9155,7.49,13
-48.6542,-26.9152,5.835,13
-48.6538,-26.915,0.78,13
-48.6543,-26.9156,5.835,13
-48.6547,-26.9153,5.835,13
-48.6538,-26.9154,4.15,13
-48.6556,-26.9161,7.49,13
-48.656,-26.9159,7.49,13
-48.6581,-26.9134,3.15,13
-48.6534,-26.9152,5.835,13
-48.6605,-26.9074,9.12,13
-48.6601,-26.9073,9.12,13
-48.6614,-26.9061,7.855,13
-48.6618,-26.9059,12.4,13
-48.6609,-26.9059,7.855,13
-48.6614,-26.9065,7.855,13
-48.6618,-26.9063,8.764,13
-48.6592,-26.9069,9.12,13
-48.6592,-26.9073,11.213333333333333,13
-48.6596,-26.9071,9.12,13
-48.6588,-26.9071,9.12,13
-48.6605,-26.9058,7.855,13
-48.66,-26.9056,7.855,13
-48.6614,-26.9078,10.76,13
-48.661,-26.9076,9.12,13
-48.6623,-26.9069,4.5,13
-48.6614,-26.907,12.4,13
-48.6618,-26.9067,12.4,13
-48.6614,-26.9074,12.4,13
-48.6601,-26.9077,9.12,13
-48.6597,-26.9075,9.12,13
-48.6635,-26.9058,4.5,13
-48.6644,-26.9045,7.63,13
-48.6648,-26.9042,7.63,13
-48.6644,-26.9049,7.63,13
-48.6622,-26.9052,12.4,13
-48.6622,-26.9048,12.4,13
-48.6622,-26.9057,10.711666666666666,13
-48.6618,-26.9055,10.374,13
-48.6626,-26.9042,12.4,13
-48.663,-26.9039,12.4,13
-48.6626,-26.9046,12.4,13
-48.6631,-26.906,4.5,13
-48.6627,-26.9067,4.5,13
-48.6631,-26.9064,4.5,13
-48.6578,-26.9055,7.84,13
-48.657,-26.9056,13.37,13
-48.6574,-26.9062,7.84,13
-48.6579,-26.9059,7.84,13
-48.6587,-26.9046,7.23,13
-48.6582,-26.9044,7.23,13
-48.6565,-26.9054,13.37,13
-48.6565,-26.9058,13.37,13
-48.6579,-26.9068,9.12,13
-48.6574,-26.9066,8.48,13
-48.6583,-26.9069,9.12,13
-48.6575,-26.907,7.84,13
-48.6566,-26.9066,13.37,13
-48.6561,-26.9065,13.37,13
-48.6566,-26.9062,13.37,13
-48.657,-26.9068,7.84,13
-48.6561,-26.9069,13.37,13
-48.6604,-26.9045,11.8775,13
-48.66,-26.9043,11.8775,13
-48.6591,-26.904,11.8775,13
-48.6587,-26.9038,11.8775,13
-48.6591,-26.9036,11.8775,13
-48.6595,-26.9042,11.8775,13
-48.6609,-26.9051,10.374,13
-48.6613,-26.9049,10.374,13
-48.6609,-26.9047,10.374,13
-48.6613,-26.9053,10.374,13
-48.6596,-26.905,7.855,13
-48.6591,-26.9048,7.855,13
-48.6596,-26.9054,7.855,13
-48.66,-26.9052,7.855,13
-48.6602,-26.9098,3.3,13
-48.6597,-26.9096,3.3,13
-48.6597,-26.9092,3.3,13
-48.6632,-26.9081,10.16,13
-48.6636,-26.9087,10.16,13
-48.6632,-26.9085,10.16,13
-48.6645,-26.9074,11.32,13
-48.664,-26.9072,11.32,13
-48.6645,-26.9078,11.32,13
-48.664,-26.9076,11.32,13
-48.6627,-26.9079,10.16,13
-48.6636,-26.907,11.32,13
-48.6641,-26.9093,10.16,13
-48.6636,-26.9091,10.16,13
-48.6641,-26.9097,10.16,13
-48.6654,-26.9082,11.32,13
-48.6649,-26.908,11.32,13
-48.6654,-26.9086,11.32,13
-48.6579,-26.9084,10.45,13
-48.6575,-26.9083,10.45,13
-48.6588,-26.9075,12.26,13
-48.6584,-26.9082,10.45,13
-48.6588,-26.908,12.26,13
-48.6579,-26.908,10.45,13
-48.6558,-26.9084,13.37,13
-48.6562,-26.9081,13.37,13
-48.6558,-26.9088,13.37,13
-48.657,-26.9077,7.84,13
-48.657,-26.9072,7.84,13
-48.6571,-26.9081,9.145,13
-48.6566,-26.9079,10.45,13
-48.658,-26.9097,12.26,13
-48.6584,-26.9095,12.26,13
-48.658,-26.9093,12.26,13
-48.658,-26.9101,12.26,13
-48.6588,-26.9088,3.3,13
-48.6584,-26.9086,9.5675,13
-48.6588,-26.9084,9.273333333333333,13
-48.6593,-26.909,3.3,13
-48.6584,-26.909,12.26,13
-48.6701,-26.9196,20.0,13
-48.6697,-26.9194,20.0,13
-48.6701,-26.9192,20.0,13
-48.6706,-26.9198,20.0,13
-48.6697,-26.919,20.0,13
-48.6692,-26.9188,20.0,13
-48.6715,-26.9201,20.0,13
-48.671,-26.92,20.0,13
-48.6665,-26.9169,8.92,13
-48.6688,-26.9182,20.0,13
-48.6683,-26.918,20.0,13
-48.6688,-26.9186,20.0,13
-48.6739,-26.9162,9.915,13
-48.6773,-26.9122,7.623333333333332,13
-48.6773,-26.9127,6.97,13
-48.6773,-26.9135,6.97,13
-48.6773,-26.9131,6.97,13
-48.674,-26.917,6.89,13
-48.674,-26.9166,6.89,13
-48.674,-26.9175,6.89,13
-48.674,-26.9187,6.89,13
-48.674,-26.9191,6.89,13
-48.674,-26.9179,6.89,13
-48.674,-26.9183,6.89,13
-48.6766,-26.916,9.915,13
-48.6757,-26.9161,9.915,13
-48.6761,-26.9159,9.915,13
-48.677,-26.9154,12.07,13
-48.6774,-26.9152,12.07,13
-48.677,-26.915,12.07,13
-48.677,-26.9158,11.43,13
-48.6774,-26.9156,12.07,13
-48.6748,-26.9162,9.915,13
-48.6752,-26.9159,9.915,13
-48.6744,-26.916,9.915,13
-48.677,-26.9171,12.945,13
-48.677,-26.9175,12.945,13
-48.6774,-26.9164,12.945,13
-48.677,-26.9162,12.945,13
-48.6774,-26.916,12.945,13
-48.6775,-26.9168,12.945,13
-48.677,-26.9166,12.945,13
-48.6683,-26.9168,8.55,13
-48.6535,-26.9202,7.17,13
-48.7056,-26.8715,17.55,13
-48.706,-26.8713,17.55,13
-48.7052,-26.8718,17.55,13
-48.7065,-26.8711,17.55,13
-48.7043,-26.8722,17.55,13
-48.7048,-26.872,17.55,13
-48.7069,-26.8717,17.55,13
-48.7065,-26.8715,17.55,13
-48.7069,-26.8721,17.55,13
-48.7065,-26.8719,17.55,13
-48.7074,-26.8727,17.55,13
-48.707,-26.8725,17.55,13
-48.7022,-26.873,17.55,13
-48.7026,-26.8728,17.55,13
-48.7035,-26.8727,17.55,13
-48.7039,-26.8725,17.55,13
-48.703,-26.8725,17.55,13
-48.7013,-26.8731,17.55,13
-48.7017,-26.8728,17.55,13
-48.7009,-26.8729,17.55,13
-48.6991,-26.8738,17.55,13
-48.6996,-26.8736,17.55,13
-48.6987,-26.8736,17.55,13
-48.6991,-26.8734,17.55,13
-48.7,-26.8734,17.55,13
-48.7004,-26.8731,17.55,13
-48.6996,-26.8732,17.55,13
-48.6544,-26.9074,10.45,13
-48.6548,-26.9072,10.45,13
-48.6549,-26.9076,10.45,13
-48.6557,-26.9075,10.45,13
-48.6562,-26.9073,13.37,13
-48.6553,-26.9073,10.45,13
-48.6557,-26.9079,13.37,13
-48.6562,-26.9077,11.91,13
-48.6553,-26.9078,10.45,13
-48.7117,-26.9456,18.64,13
-48.7112,-26.9463,18.64,13
-48.7117,-26.946,18.64,13
-48.7121,-26.945,18.64,13
-48.7125,-26.9447,18.64,13
-48.7121,-26.9454,18.64,13
-48.7142,-26.9442,18.64,13
-48.7147,-26.944,18.64,13
-48.7147,-26.9444,18.64,13
-48.7138,-26.9444,18.64,13
-48.7129,-26.9445,18.64,13
-48.7134,-26.9443,18.64,13
-48.7104,-26.9476,18.64,13
-48.7104,-26.948,18.64,13
-48.7108,-26.9465,18.64,13
-48.7104,-26.9472,18.64,13
-48.7108,-26.9469,18.64,13
-48.6952,-26.936,11.7,13
-48.6947,-26.9358,11.7,13
-48.6938,-26.9359,11.7,13
-48.6943,-26.9356,11.7,13
-48.6956,-26.9366,11.7,13
-48.696,-26.9364,11.7,13
-48.6952,-26.9364,11.7,13
-48.6956,-26.9362,11.7,13
-48.6947,-26.9362,11.7,13
-48.6943,-26.9361,11.7,13
-48.7014,-26.9385,14.7,13
-48.7009,-26.9384,14.7,13
-48.7,-26.938,14.7,13
-48.6996,-26.9378,14.7,13
-48.7,-26.9384,14.7,13
-48.7005,-26.9382,14.7,13
-48.6996,-26.9382,14.7,13
-48.7022,-26.9389,14.7,13
-48.7018,-26.9387,14.7,13
-48.7027,-26.9387,14.7,13
-48.7022,-26.9385,14.7,13
-48.6978,-26.9371,11.7,13
-48.6969,-26.9367,11.7,13
-48.6965,-26.9365,11.7,13
-48.6974,-26.9369,11.7,13
-48.6987,-26.9379,14.7,13
-48.6983,-26.9377,14.7,13
-48.6992,-26.938,14.7,13
-48.6978,-26.9375,14.7,13
-48.704,-26.9392,14.7,13
-48.7036,-26.939,14.7,13
-48.7027,-26.9391,14.7,13
-48.7031,-26.9388,14.7,13
-48.7516,-26.887,34.84,13
-48.7511,-26.8869,34.84,13
-48.7503,-26.8869,34.84,13
-48.7498,-26.8867,34.84,13
-48.752,-26.8876,34.84,13
-48.7525,-26.8874,34.84,13
-48.7516,-26.8875,34.84,13
-48.752,-26.8872,34.84,13
-48.7511,-26.8873,34.84,13
-48.7507,-26.8871,34.84,13
-48.7463,-26.8861,34.84,13
-48.7467,-26.8863,34.84,13
-48.7459,-26.8863,34.84,13
-48.745,-26.886,34.84,13
-48.7454,-26.8862,34.84,13
-48.7446,-26.8862,34.84,13
-48.7489,-26.8864,34.84,13
-48.7485,-26.8862,34.84,13
-48.7494,-26.8865,34.84,13
-48.7476,-26.8862,34.84,13
-48.7472,-26.8861,34.84,13
-48.7481,-26.8864,34.84,13
-48.7398,-26.8863,34.84,13
-48.7402,-26.8861,34.84,13
-48.738,-26.8868,34.84,13
-48.7389,-26.8864,34.84,13
-48.7393,-26.8861,34.84,13
-48.7393,-26.8866,34.84,13
-48.7385,-26.8866,34.84,13
-48.7424,-26.8862,34.84,13
-48.7428,-26.8859,34.84,13
-48.7419,-26.886,34.84,13
-48.7411,-26.886,34.84,13
-48.7415,-26.8858,34.84,13
-48.7406,-26.8858,34.84,13
-48.7437,-26.8863,34.84,13
-48.7441,-26.886,34.84,13
-48.7432,-26.8861,34.84,13
-48.7415,-26.8862,34.84,13
-48.7533,-26.8878,34.84,13
-48.7529,-26.8876,34.84,13
-48.6438,-26.9549,6.56,13
-48.6438,-26.9553,6.56,13
-48.6434,-26.9552,6.56,13
-48.6429,-26.955,6.56,13
-48.6447,-26.9557,6.56,13
-48.6443,-26.9555,6.56,13
-48.6443,-26.9563,6.56,13
-48.6447,-26.9561,6.56,13
-48.6505,-26.9198,6.805,13
-48.6522,-26.9193,7.17,13
-48.6518,-26.9191,7.17,13
-48.6509,-26.9191,7.12,13
-48.6513,-26.9189,7.17,13
-48.6522,-26.9205,7.12,13
-48.6527,-26.9199,7.17,13
-48.6522,-26.9197,7.17,13
-48.6526,-26.9194,7.17,13
-48.6531,-26.92,7.17,13
-48.6522,-26.9201,7.12,13
-48.6505,-26.9206,6.805,13
-48.6505,-26.9202,6.805,13
-48.6509,-26.9208,6.805,13
-48.6513,-26.9197,7.12,13
-48.6509,-26.9195,7.12,13
-48.6513,-26.9193,7.12,13
-48.6518,-26.9199,7.12,13
-48.6531,-26.9209,7.12,13
-48.6536,-26.9206,7.17,13
-48.6527,-26.9207,7.12,13
-48.6531,-26.9205,7.17,13
-48.651,-26.9216,6.805,13
-48.651,-26.9212,6.805,13
-48.6514,-26.9218,6.805,13
-48.6514,-26.9222,6.71,13
-48.8056,-26.9852,50.8,6
-48.7967,-26.9787,50.8,6
-48.7962,-26.9785,50.8,6
-48.794,-26.9763,50.8,6
-48.7935,-26.9761,50.8,6
-48.7944,-26.9769,50.8,6
-48.7949,-26.9775,50.8,6
-48.7944,-26.9773,50.8,6
-48.794,-26.9767,50.8,6
-48.8152,-26.9965,50.8,6
-48.8152,-26.9961,50.8,6
-48.8152,-26.9969,50.8,6
-48.8157,-26.9975,50.8,6
-48.8152,-26.9973,50.8,6
-48.8157,-26.9971,50.8,6
-48.8157,-26.9979,50.8,6
-48.8147,-26.9942,50.8,6
-48.8147,-26.9946,50.8,6
-48.8147,-26.9955,50.8,6
-48.8152,-26.9952,50.8,6
-48.8147,-26.995,50.8,6
-48.8152,-26.9956,50.8,6
-48.8151,-26.9936,50.8,6
-48.8147,-26.9934,50.8,6
-48.8151,-26.9931,50.8,6
-48.8151,-26.994,50.8,6
-48.8147,-26.9938,50.8,6
-48.8151,-26.9944,50.8,6
-48.8151,-26.9948,50.8,6
-48.8115,-26.9896,50.8,6
-48.8124,-26.9904,50.8,6
-48.8119,-26.9902,50.8,6
-48.8128,-26.9906,50.8,6
-48.8101,-26.9887,50.8,6
-48.8097,-26.9885,50.8,6
-48.8088,-26.9881,50.8,6
-48.8092,-26.9879,50.8,6
-48.8088,-26.9877,50.8,6
-48.8092,-26.9883,50.8,6
-48.8106,-26.9893,50.8,6
-48.8101,-26.9891,50.8,6
-48.8106,-26.9888,50.8,6
-48.811,-26.9894,50.8,6
-48.8141,-26.9915,50.8,6
-48.8137,-26.9914,50.8,6
-48.8142,-26.9919,50.8,6
-48.8137,-26.9918,50.8,6
-48.8133,-26.9912,50.8,6
-48.8128,-26.991,50.8,6
-48.8146,-26.9925,50.8,6
-48.8146,-26.9921,50.8,6
-48.8146,-26.993,50.8,6
-48.8115,-26.99,50.8,6
-48.8011,-26.9805,50.8,6
-48.8016,-26.9811,50.8,6
-48.8011,-26.9809,50.8,6
-48.8007,-26.9803,50.8,6
-48.8002,-26.9801,50.8,6
-48.802,-26.9817,50.8,6
-48.8016,-26.9815,50.8,6
-48.802,-26.9821,50.8,6
-48.7984,-26.9794,50.8,6
-48.798,-26.9792,50.8,6
-48.7989,-26.9796,50.8,6
-48.7976,-26.979,50.8,6
-48.7971,-26.9788,50.8,6
-48.7998,-26.9799,50.8,6
-48.7993,-26.9797,50.8,6
-48.8025,-26.9827,50.8,6
-48.802,-26.9825,50.8,6
-48.8025,-26.9823,50.8,6
-48.8025,-26.9831,50.8,6
-48.8043,-26.9842,50.8,6
-48.8038,-26.984,50.8,6
-48.803,-26.9837,50.8,6
-48.8029,-26.9833,50.8,6
-48.8034,-26.9839,50.8,6
-48.7953,-26.9781,50.8,6
-48.7953,-26.9777,50.8,6
-48.7958,-26.9783,50.8,6
-48.8074,-26.9867,50.8,6
-48.807,-26.9866,50.8,6
-48.8065,-26.986,50.8,6
-48.8061,-26.9858,50.8,6
-48.8065,-26.9864,50.8,6
-48.8079,-26.9869,50.8,6
-48.8083,-26.9875,50.8,6
-48.8079,-26.9873,50.8,6
-48.8047,-26.9848,50.8,6
-48.8043,-26.9846,50.8,6
-48.8052,-26.985,50.8,6
-48.8039,-26.9845,50.8,6
-48.8056,-26.9856,50.8,6
-48.8052,-26.9854,50.8,6
-48.6907,-26.9078,17.32,6
-48.6907,-26.9083,17.32,6
-48.6907,-26.907,17.32,6
-48.6907,-26.9066,17.32,6
-48.6907,-26.9074,17.32,6
-48.6907,-26.9087,13.28,6
-48.6907,-26.9091,13.28,6
-48.6908,-26.9108,9.24,6
-48.6908,-26.9112,9.24,6
-48.6908,-26.9099,9.24,6
-48.6908,-26.9095,13.28,6
-48.6908,-26.9103,9.24,6
-48.6908,-26.9116,9.24,6
-48.6908,-26.912,9.24,6
-48.6905,-26.902,17.32,6
-48.6905,-26.9024,17.32,6
-48.6905,-26.9016,17.32,6
-48.6905,-26.9028,17.32,6
-48.6905,-26.9032,17.32,6
-48.6906,-26.9049,17.32,6
-48.6906,-26.9053,17.32,6
-48.6906,-26.9041,17.32,6
-48.6905,-26.9037,17.32,6
-48.6906,-26.9045,17.32,6
-48.6906,-26.9057,17.32,6
-48.6906,-26.9062,17.32,6
-48.6979,-26.889,5.15,6
-48.6979,-26.8894,5.15,6
-48.6979,-26.8898,5.15,6
-48.7005,-26.888,15.77,6
-48.7009,-26.8877,15.77,6
-48.7001,-26.8878,15.77,6
-48.6979,-26.8881,5.15,6
-48.6979,-26.8886,5.15,6
-48.6992,-26.8874,15.77,6
-48.6987,-26.8872,15.77,6
-48.6992,-26.887,15.77,6
-48.6996,-26.8876,15.77,6
-48.6974,-26.8863,15.77,6
-48.6978,-26.886,14.565,6
-48.6974,-26.8859,14.565,6
-48.6978,-26.8865,14.565,6
-48.6983,-26.8862,13.36,6
-48.6987,-26.8868,15.77,6
-48.6983,-26.8866,15.77,6
-48.6933,-26.8834,13.36,6
-48.6942,-26.8838,13.36,6
-48.6938,-26.8836,13.36,6
-48.6947,-26.8835,13.36,6
-48.6942,-26.8833,13.36,6
-48.696,-26.8845,13.36,6
-48.6951,-26.8841,14.565,6
-48.6947,-26.8839,13.36,6
-48.6951,-26.8845,15.77,6
-48.6956,-26.8843,14.565,6
-48.6969,-26.8853,13.36,6
-48.6965,-26.8851,14.565,6
-48.6969,-26.8857,14.565,6
-48.6965,-26.8855,15.77,6
-48.696,-26.8849,14.565,6
-48.6956,-26.8847,14.565,6
-48.6953,-26.9142,19.05,6
-48.6957,-26.914,19.05,6
-48.6948,-26.9141,19.05,6
-48.6953,-26.9138,19.05,6
-48.6944,-26.9139,19.05,6
-48.694,-26.9137,19.05,6
-48.6922,-26.913,19.05,6
-48.6917,-26.9128,19.05,6
-48.6926,-26.9132,19.05,6
-48.6909,-26.9128,19.05,6
-48.6913,-26.9126,19.05,6
-48.6909,-26.9124,14.145,6
-48.6979,-26.9149,19.05,6
-48.6975,-26.9147,19.05,6
-48.6966,-26.9144,19.05,6
-48.6962,-26.9142,19.05,6
-48.697,-26.9145,19.05,6
-48.6948,-26.9136,19.05,6
-48.6935,-26.9135,19.05,6
-48.6931,-26.9133,19.05,6
-48.7274,-26.8578,55.99,6
-48.7274,-26.8582,55.99,6
-48.7279,-26.8588,55.99,6
-48.7274,-26.8586,55.99,6
-48.7279,-26.8592,55.99,6
-48.7274,-26.857,55.99,6
-48.7274,-26.8574,55.99,6
-48.7279,-26.858,55.99,6
-48.7279,-26.8584,55.99,6
-48.7273,-26.8549,55.99,6
-48.7273,-26.8553,55.99,6
-48.7274,-26.8561,55.99,6
-48.7273,-26.8557,55.99,6
-48.7274,-26.8566,55.99,6
-48.7279,-26.8601,55.99,6
-48.7279,-26.8597,55.99,6
-48.7279,-26.8605,55.99,6
-48.7284,-26.8603,55.99,6
-48.7284,-26.8611,55.99,6
-48.7284,-26.8607,55.99,6
-48.7284,-26.8615,55.99,6
-48.7299,-26.8658,55.99,6
-48.7299,-26.8662,55.99,6
-48.7298,-26.865,55.99,6
-48.7299,-26.8654,55.99,6
-48.7294,-26.8648,55.99,6
-48.7299,-26.8671,55.99,6
-48.7304,-26.8668,55.99,6
-48.7299,-26.8666,55.99,6
-48.7299,-26.8675,55.99,6
-48.7304,-26.8672,55.99,6
-48.7303,-26.8664,55.99,6
-48.7293,-26.8631,55.99,6
-48.7289,-26.8629,55.99,6
-48.7294,-26.8635,55.99,6
-48.7289,-26.8634,55.99,6
-48.7289,-26.8621,55.99,6
-48.7284,-26.8619,55.99,6
-48.7289,-26.8617,55.99,6
-48.7289,-26.8625,55.99,6
-48.7294,-26.864,55.99,6
-48.7298,-26.8646,55.99,6
-48.7294,-26.8644,55.99,6
-48.73,-26.8687,55.99,6
-48.73,-26.8692,55.99,6
-48.7304,-26.8681,55.99,6
-48.73,-26.8679,55.99,6
-48.7304,-26.8677,55.99,6
-48.73,-26.8683,55.99,6
-48.73,-26.87,55.99,6
-48.7296,-26.8698,55.99,6
-48.73,-26.8696,55.99,6
-48.7296,-26.8702,55.99,6
-48.7292,-26.8717,55.99,6
-48.7288,-26.872,55.99,6
-48.7292,-26.8709,55.99,6
-48.7296,-26.8706,55.99,6
-48.7292,-26.8713,55.99,6
-48.7288,-26.8728,55.99,6
-48.7288,-26.8724,55.99,6
-48.7284,-26.873,55.99,6
-48.7284,-26.8734,55.99,6
-48.7284,-26.8739,55.99,6
-48.722,-26.8897,4.89,6
-48.6956,-26.9366,3.03,6
-48.696,-26.9364,3.03,6
-48.6956,-26.9362,3.03,6
-48.6978,-26.9371,3.03,6
-48.6969,-26.9367,3.03,6
-48.6965,-26.9365,3.03,6
-48.6974,-26.9369,3.03,6
-48.7216,-26.8904,4.89,6
-48.722,-26.8902,4.89,6
-48.7216,-26.8908,4.89,6
-48.6469,-26.9192,9.13,6
-48.647,-26.9196,9.13,6
-48.6492,-26.9205,9.74,6
-48.6496,-26.9203,9.74,6
-48.6488,-26.9207,9.74,6
-48.65,-26.92,9.74,6
-48.6505,-26.9198,9.74,6
-48.6479,-26.9208,9.74,6
-48.6483,-26.9205,9.74,6
-48.6474,-26.9206,9.435,6
-48.6456,-26.9182,9.13,6
-48.6452,-26.918,9.13,6
-48.646,-26.9184,9.13,6
-48.6447,-26.9178,9.13,6
-48.6443,-26.9177,9.13,6
-48.6465,-26.919,9.13,6
-48.6469,-26.9188,9.13,6
-48.6465,-26.9186,9.13,6
-48.647,-26.92,9.13,6
-48.647,-26.9204,9.13,6
-48.6474,-26.921,9.74,6
-48.647,-26.9208,9.13,6
-48.6425,-26.9169,8.11,6
-48.6421,-26.9172,8.11,6
-48.6434,-26.9165,9.13,6
-48.6429,-26.9163,9.13,6
-48.6438,-26.9171,9.13,6
-48.6434,-26.9169,9.13,6
-48.6438,-26.9175,9.13,6
-48.6421,-26.9176,8.11,6
-48.6421,-26.918,8.11,6
-48.6409,-26.9204,8.11,6
-48.6405,-26.921,8.11,6
-48.6409,-26.9208,8.11,6
-48.64,-26.9209,8.11,6
-48.6417,-26.9195,8.11,6
-48.6413,-26.9202,8.11,6
-48.6417,-26.9199,8.11,6
-48.6421,-26.9188,8.11,6
-48.6426,-26.9186,8.11,6
-48.6421,-26.9184,8.11,6
-48.6421,-26.9193,8.11,6
-48.6417,-26.9191,8.11,6
-48.6413,-26.9206,8.11,6
-48.6417,-26.9203,8.11,6
-48.6727,-26.9067,10.52,4
-48.6723,-26.9065,10.52,4
-48.6714,-26.9061,10.52,4
-48.6714,-26.9065,10.52,4
-48.6719,-26.9063,10.52,4
-48.671,-26.9064,10.52,4
-48.6736,-26.907,10.52,4
-48.6732,-26.9068,10.52,4
-48.6719,-26.9067,10.52,4
-48.6701,-26.906,10.52,4
-48.6697,-26.9058,10.52,4
-48.6705,-26.9062,10.52,4
-48.6874,-26.9007,6.09,12
-48.6869,-26.9005,6.09,12
-48.687,-26.901,6.09,12
-48.6874,-26.8999,6.09,12
-48.6878,-26.8997,6.09,12
-48.6873,-26.8995,6.09,12
-48.6874,-26.9003,6.09,12
-48.6887,-26.9021,12.265,12
-48.687,-26.9018,6.09,12
-48.687,-26.9014,6.09,12
-48.687,-26.9022,5.71,12
-48.6817,-26.9009,11.99,12
-48.6826,-26.9004,11.47,12
-48.6821,-26.9002,11.47,12
-48.6826,-26.9,11.47,12
-48.6826,-26.9008,11.816666666666668,12
-48.683,-26.9006,11.99,12
-48.6821,-26.9006,11.816666666666668,12
-48.6808,-26.9009,11.99,12
-48.6804,-26.9007,11.99,12
-48.6813,-26.9007,11.99,12
-48.6826,-26.9012,11.47,12
-48.6826,-26.9017,11.47,12
-48.6852,-26.9011,11.99,12
-48.6848,-26.9009,11.99,12
-48.6839,-26.9005,11.99,12
-48.6839,-26.9009,11.99,12
-48.6843,-26.9007,11.99,12
-48.6835,-26.9008,11.99,12
-48.6866,-26.9037,5.33,12
-48.687,-26.9035,5.33,12
-48.6866,-26.9033,5.33,12
-48.687,-26.9026,5.33,12
-48.687,-26.903,5.33,12
-48.6895,-26.8987,5.56,12
-48.6904,-26.8987,5.56,12
-48.6899,-26.8985,5.56,12
-48.6886,-26.8988,5.56,12
-48.6891,-26.8985,5.56,12
-48.6799,-26.8989,13.86,12
-48.679,-26.8989,13.86,12
-48.6795,-26.8987,13.86,12
-48.6782,-26.899,13.86,12
-48.6786,-26.8988,13.86,12
-48.6777,-26.8988,13.86,12
-48.6742,-26.899,6.76,12
-48.6738,-26.8989,6.76,12
-48.6751,-26.8977,9.05,12
-48.6746,-26.8976,9.05,12
-48.6751,-26.8982,9.05,12
-48.676,-26.9002,6.76,12
-48.6756,-26.9,6.76,12
-48.6768,-26.8989,13.86,12
-48.6773,-26.8991,13.86,12
-48.6747,-26.8996,6.76,12
-48.6751,-26.8994,6.76,12
-48.6747,-26.8992,6.76,12
-48.6751,-26.8998,6.76,12
-48.6775,-26.9045,2.01,12
-48.6775,-26.9049,2.01,12
-48.6779,-26.903,2.01,12
-48.6779,-26.9038,2.01,12
-48.6779,-26.9034,2.01,12
-48.6779,-26.9043,2.01,12
-48.6821,-26.8981,11.47,12
-48.6816,-26.8988,13.86,12
-48.6821,-26.8985,12.665,12
-48.6812,-26.8986,13.86,12
-48.682,-26.8977,11.47,12
-48.6803,-26.8987,13.86,12
-48.6821,-26.8994,11.47,12
-48.6825,-26.8991,11.47,12
-48.6821,-26.899,11.47,12
-48.6821,-26.8998,11.47,12
-48.6825,-26.8996,11.47,12
-48.6808,-26.8988,13.86,12
-48.6881,-26.9097,10.02,12
-48.6886,-26.9094,10.02,12
-48.6877,-26.9095,10.02,12
-48.689,-26.9088,6.87,12
-48.6885,-26.9086,6.87,12
-48.6868,-26.9095,10.02,12
-48.6873,-26.9097,10.02,12
-48.6864,-26.9098,10.02,12
-48.6877,-26.9087,6.87,12
-48.6881,-26.9088,6.87,12
-48.6872,-26.9089,6.87,12
-48.6899,-26.9096,10.02,12
-48.689,-26.9096,10.02,12
-48.6894,-26.9094,10.02,12
-48.6916,-26.9095,10.01,12
-48.6859,-26.9096,10.02,12
-48.6864,-26.9089,6.87,12
-48.6868,-26.9087,6.87,12
-48.6887,-26.9124,8.41,12
-48.6887,-26.9128,8.41,12
-48.6891,-26.9121,13.4975,12
-48.6886,-26.9119,8.41,12
-48.6887,-26.9136,8.41,12
-48.6891,-26.9134,8.41,12
-48.6887,-26.9132,8.41,12
-48.6887,-26.914,8.41,12
-48.69,-26.9125,15.193333333333333,12
-48.6891,-26.9125,8.41,12
-48.6895,-26.9123,15.193333333333333,12
-48.6891,-26.913,8.41,12
-48.6921,-26.9096,10.01,12
-48.6912,-26.9097,10.01,12
-48.6903,-26.9097,10.02,12
-48.6908,-26.9095,10.01,12
-48.6904,-26.9122,15.193333333333333,12
-48.69,-26.9121,15.193333333333333,12
-48.694,-26.9034,16.19,12
-48.6936,-26.9033,16.19,12
-48.694,-26.903,16.19,12
-48.6941,-26.9039,16.19,12
-48.6936,-26.9037,16.19,12
-48.6936,-26.9024,16.19,12
-48.694,-26.9022,12.575,12
-48.6931,-26.9022,11.37,12
-48.6936,-26.902,11.37,12
-48.6936,-26.9028,16.19,12
-48.694,-26.9026,16.19,12
-48.6941,-26.9043,16.19,12
-48.6941,-26.9047,16.19,12
-48.6936,-26.9041,16.19,12
-48.6936,-26.9045,16.19,12
-48.6909,-26.9022,11.37,12
-48.6914,-26.9024,11.37,12
-48.6905,-26.9024,11.37,12
-48.6896,-26.902,12.265,12
-48.6901,-26.9022,12.265,12
-48.6892,-26.9023,12.265,12
-48.6923,-26.9023,11.37,12
-48.6927,-26.9021,11.37,12
-48.6918,-26.9021,11.37,12
-48.6944,-26.902,10.82,12
-48.6941,-26.9064,16.19,12
-48.6937,-26.9062,16.19,12
-48.6941,-26.9059,16.19,12
-48.6942,-26.9068,16.19,12
-48.6937,-26.9066,16.19,12
-48.6937,-26.9053,16.19,12
-48.6941,-26.9051,16.19,12
-48.6937,-26.9049,16.19,12
-48.6937,-26.9058,16.19,12
-48.6941,-26.9055,16.19,12
-48.6942,-26.9072,16.19,12
-48.6942,-26.9076,16.19,12
-48.6937,-26.907,16.19,12
-48.6937,-26.9074,16.19,12
-48.6776,-26.9087,5.355,12
-48.6776,-26.9082,5.355,12
-48.6776,-26.9091,5.355,12
-48.6794,-26.9102,7.62,12
-48.6798,-26.91,7.62,12
-48.679,-26.91,7.62,12
-48.6776,-26.9095,5.355,12
-48.6781,-26.9101,7.62,12
-48.6777,-26.9099,5.355,12
-48.6776,-26.9074,4.42,12
-48.6776,-26.9078,5.355,12
-48.6793,-26.9056,5.89,12
-48.6784,-26.9057,5.89,12
-48.6788,-26.9054,5.89,12
-48.6797,-26.9054,5.89,12
-48.6775,-26.9057,5.155,12
-48.6779,-26.9055,5.89,12
-48.6775,-26.9053,6.64,12
-48.6775,-26.9062,4.42,12
-48.6779,-26.9047,2.01,12
-48.6779,-26.9051,4.325,12
-48.6801,-26.9056,5.89,12
-48.6775,-26.9066,4.42,12
-48.6776,-26.907,4.42,12
-48.679,-26.9113,9.05,12
-48.6799,-26.9112,9.05,12
-48.6803,-26.911,9.05,12
-48.6794,-26.9111,9.05,12
-48.6781,-26.9113,9.05,12
-48.6773,-26.9114,6.64,12
-48.6777,-26.9112,9.05,12
-48.6773,-26.9118,6.64,12
-48.6785,-26.9103,7.62,12
-48.6786,-26.9111,9.05,12
-48.6807,-26.9099,7.62,12
-48.6803,-26.9102,7.62,12
-48.6825,-26.9111,9.05,12
-48.6829,-26.9108,9.05,12
-48.6821,-26.9109,9.05,12
-48.6812,-26.9109,9.05,12
-48.6816,-26.9111,9.05,12
-48.6808,-26.9112,9.05,12
-48.6772,-26.9093,5.355,12
-48.6772,-26.9097,5.355,12
-48.6772,-26.9106,6.64,12
-48.6777,-26.9103,7.13,12
-48.6772,-26.9102,6.11,12
-48.6773,-26.911,7.845,12
-48.7058,-26.891,12.31,12
-48.7058,-26.8906,12.31,12
-48.7059,-26.8914,12.31,12
-48.7058,-26.8897,12.31,12
-48.7058,-26.8901,12.31,12
-48.7063,-26.892,12.31,12
-48.7059,-26.8918,12.31,12
-48.7063,-26.8924,12.31,12
-48.7059,-26.8922,12.31,12
-48.7057,-26.8881,12.31,12
-48.7058,-26.8885,12.31,12
-48.7058,-26.8889,12.31,12
-48.7058,-26.8893,12.31,12
-48.7063,-26.8928,12.31,12
-48.7059,-26.8926,12.31,12
-48.7059,-26.8931,12.31,12
-48.7107,-26.8921,4.56,12
-48.7107,-26.8926,4.56,12
-48.6978,-26.886,14.43,12
-48.6974,-26.8859,14.43,12
-48.6978,-26.8865,14.43,12
-48.6945,-26.8909,0.91,12
-48.6945,-26.8913,0.91,12
-48.6945,-26.8925,0.91,12
-48.6946,-26.8929,0.91,12
-48.6945,-26.8917,0.91,12
-48.6945,-26.8921,0.91,12
-48.6983,-26.8862,14.43,12
-48.7107,-26.8934,4.56,12
-48.7112,-26.8932,4.56,12
-48.7107,-26.893,4.56,12
-48.7107,-26.8938,4.56,12
-48.7112,-26.8936,4.56,12
-48.7111,-26.8923,4.56,12
-48.7111,-26.8927,4.56,12
-48.7112,-26.894,4.56,12
-48.67,-26.9018,3.77,12
-48.6695,-26.9016,3.77,12
-48.6691,-26.901,3.77,12
-48.6695,-26.9012,3.77,12
-48.6704,-26.902,3.77,12
-48.6626,-26.9033,5.27,12
-48.6621,-26.9032,5.27,12
-48.6626,-26.9038,5.27,12
-48.663,-26.9035,5.27,12
-48.6621,-26.9036,5.27,12
-48.6728,-26.896,9.05,12
-48.6733,-26.8966,9.05,12
-48.6733,-26.8962,9.05,12
-48.6737,-26.8968,9.05,12
-48.6742,-26.8974,9.05,12
-48.6742,-26.897,9.05,12
-48.6578,-26.903,12.19,12
-48.6582,-26.904,7.3,12
-48.6586,-26.9034,10.125,12
-48.6582,-26.9032,11.066666666666668,12
-48.6933,-26.8834,14.43,12
-48.6942,-26.8838,14.43,12
-48.6934,-26.8838,14.43,12
-48.6938,-26.8836,14.43,12
-48.6947,-26.8835,14.43,12
-48.6942,-26.8833,14.43,12
-48.6925,-26.8839,14.43,12
-48.6929,-26.8836,14.43,12
-48.6921,-26.8841,14.43,12
-48.696,-26.8845,14.43,12
-48.6951,-26.8841,14.43,12
-48.6947,-26.8839,14.43,12
-48.6956,-26.8843,14.43,12
-48.6969,-26.8853,14.43,12
-48.6965,-26.8851,14.43,12
-48.6969,-26.8857,14.43,12
-48.696,-26.8849,14.43,12
-48.6956,-26.8847,14.43,12
-48.6916,-26.8848,14.43,12
-48.6916,-26.8843,14.43,12
-48.6953,-26.9142,17.68,12
-48.6957,-26.914,17.68,12
-48.6948,-26.9141,17.68,12
-48.6953,-26.9138,17.68,12
-48.6944,-26.9139,17.68,12
-48.694,-26.9137,17.68,12
-48.6888,-26.9153,8.41,12
-48.6888,-26.9157,8.41,12
-48.6887,-26.9144,8.41,12
-48.6887,-26.9149,8.41,12
-48.6922,-26.913,15.193333333333333,12
-48.6917,-26.9128,15.193333333333333,12
-48.6926,-26.9132,15.193333333333333,12
-48.6909,-26.9128,15.193333333333333,12
-48.6913,-26.9126,15.193333333333333,12
-48.6904,-26.9127,15.193333333333333,12
-48.6909,-26.9124,15.193333333333333,12
-48.6772,-26.9212,5.63,12
-48.6776,-26.921,5.63,12
-48.6772,-26.9208,5.63,12
-48.6772,-26.9217,5.63,12
-48.6776,-26.9214,5.63,12
-48.6776,-26.9202,5.63,12
-48.6776,-26.9206,5.63,12
-48.6771,-26.9183,6.44,12
-48.6775,-26.9181,6.44,12
-48.6771,-26.9179,6.44,12
-48.6771,-26.9187,6.44,12
-48.6775,-26.9185,6.44,12
-48.6771,-26.92,5.63,12
-48.6771,-26.9204,5.63,12
-48.6775,-26.9193,6.44,12
-48.6771,-26.9192,6.44,12
-48.6775,-26.9189,6.44,12
-48.6776,-26.9198,5.63,12
-48.6771,-26.9196,6.44,12
-48.6774,-26.9143,6.64,12
-48.6774,-26.9147,6.845,12
-48.6775,-26.9172,6.44,12
-48.6775,-26.9177,6.44,12
-48.6962,-26.9274,10.14,12
-48.6966,-26.9271,10.14,12
-48.6983,-26.9253,10.14,12
-48.6979,-26.926,10.14,12
-48.6983,-26.9258,10.14,12
-48.697,-26.9265,10.14,12
-48.6974,-26.9262,10.14,12
-48.7003,-26.9089,15.51,12
-48.7008,-26.9087,15.51,12
-48.7003,-26.9085,15.51,12
-48.7004,-26.9093,15.51,12
-48.7008,-26.9091,15.51,12
-48.7008,-26.9082,15.51,12
-48.7003,-26.9076,15.51,12
-48.7003,-26.9081,15.51,12
-48.7008,-26.9099,15.51,12
-48.7004,-26.9097,15.51,12
-48.7008,-26.9095,15.51,12
-48.7008,-26.9103,15.51,12
-48.7004,-26.9102,15.51,12
-48.6942,-26.9093,12.066666666666668,12
-48.6938,-26.9091,16.19,12
-48.6942,-26.9089,16.19,12
-48.6947,-26.9095,10.005,12
-48.6938,-26.9095,12.066666666666668,12
-48.6929,-26.9096,10.005,12
-48.6934,-26.9093,10.005,12
-48.6925,-26.9094,10.01,12
-48.6938,-26.9083,16.19,12
-48.6942,-26.908,16.19,12
-48.6938,-26.9079,16.19,12
-48.6938,-26.9087,16.19,12
-48.6942,-26.9085,16.19,12
-48.6956,-26.9094,11.83,12
-48.6951,-26.9092,10.005,12
-48.6938,-26.9099,16.19,12
-48.6979,-26.9149,17.68,12
-48.6975,-26.9147,17.68,12
-48.6966,-26.9144,17.68,12
-48.6962,-26.9142,17.68,12
-48.697,-26.9145,17.68,12
-48.7004,-26.9114,15.51,12
-48.7008,-26.9108,15.51,12
-48.7009,-26.9112,15.51,12
-48.7004,-26.9106,15.51,12
-48.7004,-26.911,15.51,12
-48.6948,-26.9136,17.68,12
-48.6935,-26.9135,15.99,12
-48.6931,-26.9133,15.193333333333333,12
-48.7001,-26.9031,3.98,12
-48.7001,-26.9026,3.98,12
-48.7002,-26.9035,3.98,12
-48.7001,-26.9018,3.98,12
-48.7001,-26.9022,3.98,12
-48.7002,-26.9039,3.98,12
-48.7002,-26.9043,3.98,12
-48.7002,-26.906,15.51,12
-48.7002,-26.9056,15.51,12
-48.7003,-26.9064,15.51,12
-48.7002,-26.9047,9.745,12
-48.7002,-26.9051,15.51,12
-48.7003,-26.9068,15.51,12
-48.7003,-26.9072,15.51,12
-48.6642,-26.9139,11.13,12
-48.6638,-26.9137,11.13,12
-48.6638,-26.9146,5.905,12
-48.6634,-26.9144,5.905,12
-48.6642,-26.9135,11.13,12
-48.6625,-26.914,5.905,12
-48.6629,-26.9138,5.905,12
-48.6625,-26.9136,5.905,12
-48.6629,-26.9142,5.905,12
-48.6633,-26.9131,11.13,12
-48.6629,-26.9129,11.13,12
-48.6638,-26.9133,11.13,12
-48.6638,-26.915,5.905,12
-48.6643,-26.9156,15.3,12
-48.6651,-26.9143,11.13,12
-48.6647,-26.9141,11.13,12
-48.6651,-26.9147,11.13,12
-48.6634,-26.9148,5.905,12
-48.6607,-26.9129,5.235,12
-48.6603,-26.9127,5.235,12
-48.6612,-26.913,7.093333333333334,12
-48.6616,-26.912,4.49,12
-48.6611,-26.9118,4.49,12
-48.6616,-26.9124,4.49,12
-48.662,-26.9122,11.13,12
-48.6598,-26.9125,5.235,12
-48.6594,-26.9123,5.47,12
-48.6607,-26.9116,4.49,12
-48.6607,-26.9137,7.386666666666667,12
-48.6612,-26.9135,7.386666666666667,12
-48.6608,-26.9141,7.386666666666667,12
-48.6616,-26.9128,7.54,12
-48.662,-26.9126,6.596666666666667,12
-48.662,-26.9134,5.905,12
-48.6616,-26.9132,5.905,12
-48.6637,-26.91,6.745,12
-48.6637,-26.9104,6.745,12
-48.6629,-26.9125,11.13,12
-48.6624,-26.9123,11.13,12
-48.6652,-26.9159,15.3,12
-48.6647,-26.9157,15.3,12
-48.6661,-26.9163,15.3,12
-48.6656,-26.9161,15.3,12
-48.6661,-26.9167,15.3,12
-48.6656,-26.9165,15.3,12
-48.6599,-26.9154,8.85,12
-48.6603,-26.9148,7.386666666666667,12
-48.6603,-26.9144,7.386666666666667,12
-48.6599,-26.915,8.85,12
-48.6697,-26.9079,9.94,12
-48.6702,-26.9077,9.94,12
-48.6693,-26.9077,12.636666666666665,12
-48.6697,-26.9075,8.08,12
-48.6702,-26.9081,9.94,12
-48.6693,-26.9081,12.636666666666665,12
-48.6701,-26.9068,8.08,12
-48.6701,-26.9073,8.08,12
-48.6697,-26.9067,8.08,12
-48.6693,-26.9073,12.636666666666665,12
-48.6697,-26.9071,8.08,12
-48.6702,-26.9089,9.94,12
-48.6702,-26.9085,9.94,12
-48.6702,-26.9093,9.94,12
-48.6693,-26.9086,12.636666666666665,12
-48.6693,-26.909,12.636666666666665,12
-48.6658,-26.9079,10.96,12
-48.6653,-26.9078,10.96,12
-48.6696,-26.905,8.08,12
-48.6696,-26.9054,8.08,12
-48.6697,-26.9058,8.08,12
-48.6701,-26.9064,8.08,12
-48.6697,-26.9062,8.08,12
-48.6698,-26.9108,12.636666666666665,12
-48.6694,-26.9106,12.636666666666665,12
-48.6698,-26.9104,12.636666666666665,12
-48.6698,-26.9112,12.636666666666665,12
-48.6694,-26.9111,12.636666666666665,12
-48.6702,-26.9098,9.94,12
-48.6694,-26.9098,12.636666666666665,12
-48.6698,-26.9096,12.636666666666665,12
-48.6693,-26.9094,12.636666666666665,12
-48.6694,-26.9102,12.636666666666665,12
-48.6698,-26.91,12.636666666666665,12
-48.6699,-26.9117,12.636666666666665,12
-48.6699,-26.9121,12.636666666666665,12
-48.6663,-26.9094,10.97,12
-48.6662,-26.9085,10.96,12
-48.6658,-26.9084,10.96,12
-48.6663,-26.909,10.97,12
-48.6667,-26.9087,10.96,12
-48.6658,-26.9088,10.97,12
-48.6576,-26.9116,6.462,12
-48.6572,-26.9114,7.13,12
-48.6576,-26.912,5.5875,12
-48.6581,-26.9118,6.462,12
-48.6572,-26.9118,5.5875,12
-48.6563,-26.9115,6.73,12
-48.6567,-26.9112,8.345,12
-48.6563,-26.9111,9.96,12
-48.6567,-26.9117,6.73,12
-48.6576,-26.9103,9.85,12
-48.6589,-26.9121,6.462,12
-48.6585,-26.912,6.462,12
-48.6545,-26.9107,9.96,12
-48.655,-26.9105,9.96,12
-48.6554,-26.9111,9.96,12
-48.655,-26.9109,9.96,12
-48.6558,-26.9109,9.96,12
-48.6554,-26.9107,9.96,12
-48.6605,-26.9074,11.506666666666666,12
-48.6601,-26.9073,11.506666666666666,12
-48.6614,-26.9061,10.24,12
-48.6609,-26.9059,10.24,12
-48.6614,-26.9065,10.24,12
-48.6618,-26.9063,10.24,12
-48.6592,-26.9069,11.506666666666666,12
-48.6592,-26.9073,10.63,12
-48.6596,-26.9071,11.506666666666666,12
-48.6588,-26.9071,11.506666666666666,12
-48.6605,-26.9058,10.24,12
-48.66,-26.9056,10.24,12
-48.6614,-26.9078,11.506666666666666,12
-48.661,-26.9076,11.506666666666666,12
-48.6601,-26.9077,11.506666666666666,12
-48.6597,-26.9075,11.506666666666666,12
-48.6622,-26.9057,8.82,12
-48.6618,-26.9055,8.82,12
-48.664,-26.9068,10.96,12
-48.6636,-26.9066,10.96,12
-48.6631,-26.906,10.96,12
-48.6631,-26.9064,10.96,12
-48.6578,-26.9055,7.3,12
-48.6583,-26.9049,7.3,12
-48.6587,-26.9046,10.24,12
-48.6582,-26.9044,8.77,12
-48.6578,-26.9051,7.3,12
-48.6579,-26.9068,11.506666666666666,12
-48.6574,-26.9066,11.506666666666666,12
-48.6583,-26.9069,11.506666666666666,12
-48.6604,-26.9045,11.066666666666668,12
-48.66,-26.9043,11.066666666666668,12
-48.6613,-26.9032,5.27,12
-48.6608,-26.903,5.27,12
-48.6617,-26.9034,5.27,12
-48.6591,-26.904,11.066666666666668,12
-48.6587,-26.9038,10.125,12
-48.6591,-26.9036,11.066666666666668,12
-48.6595,-26.9042,11.066666666666668,12
-48.6609,-26.9051,11.066666666666668,12
-48.6613,-26.9049,11.066666666666668,12
-48.6609,-26.9047,11.066666666666668,12
-48.6613,-26.9053,8.82,12
-48.6596,-26.905,10.24,12
-48.6591,-26.9048,10.24,12
-48.6596,-26.9054,10.24,12
-48.66,-26.9052,10.24,12
-48.6645,-26.9074,9.366666666666667,12
-48.6649,-26.9072,10.96,12
-48.664,-26.9072,8.57,12
-48.6644,-26.907,10.96,12
-48.6645,-26.9078,8.57,12
-48.6649,-26.9076,10.96,12
-48.664,-26.9076,8.57,12
-48.6636,-26.907,8.57,12
-48.6641,-26.9093,6.745,12
-48.6645,-26.9091,6.745,12
-48.6641,-26.9097,6.745,12
-48.6649,-26.9084,6.745,12
-48.6654,-26.9082,7.6575,12
-48.6649,-26.908,8.57,12
-48.6649,-26.9088,6.745,12
-48.6654,-26.9086,10.97,12
-48.6579,-26.9084,8.91,12
-48.6575,-26.9083,8.91,12
-48.6588,-26.9075,9.315,12
-48.6584,-26.9082,8.91,12
-48.6588,-26.908,9.315,12
-48.6579,-26.908,8.91,12
-48.6571,-26.9081,8.91,12
-48.6566,-26.9079,8.91,12
-48.658,-26.9097,9.315,12
-48.6584,-26.9095,9.315,12
-48.658,-26.9093,9.315,12
-48.658,-26.9101,9.85,12
-48.6584,-26.9086,9.18,12
-48.6588,-26.9084,9.315,12
-48.6584,-26.909,9.315,12
-48.6674,-26.9173,15.3,12
-48.6679,-26.9179,15.3,12
-48.6674,-26.9177,15.3,12
-48.667,-26.9171,15.3,12
-48.6665,-26.9169,15.3,12
-48.667,-26.9175,15.3,12
-48.6683,-26.918,15.3,12
-48.6739,-26.9162,9.34,12
-48.6773,-26.9122,6.64,12
-48.6773,-26.9127,6.64,12
-48.6769,-26.9146,6.64,12
-48.6773,-26.9135,6.64,12
-48.6773,-26.9131,6.64,12
-48.6774,-26.9139,6.64,12
-48.6766,-26.916,9.34,12
-48.6757,-26.9161,9.34,12
-48.6761,-26.9159,9.34,12
-48.677,-26.9154,6.44,12
-48.6774,-26.9152,6.845,12
-48.677,-26.915,6.845,12
-48.677,-26.9158,7.165,12
-48.6774,-26.9156,6.44,12
-48.6748,-26.9162,9.34,12
-48.6752,-26.9159,9.34,12
-48.6744,-26.916,9.34,12
-48.677,-26.9171,6.44,12
-48.677,-26.9175,6.44,12
-48.6774,-26.9164,6.44,12
-48.677,-26.9162,6.44,12
-48.6774,-26.916,6.44,12
-48.6775,-26.9168,6.44,12
-48.677,-26.9166,6.44,12
-48.6696,-26.9165,5.29,12
-48.6696,-26.9169,5.29,12
-48.6696,-26.9157,5.29,12
-48.6696,-26.9161,5.29,12
-48.6696,-26.9173,5.29,12
-48.722,-26.8897,4.7,12
-48.7033,-26.8681,5.29,12
-48.7038,-26.8691,5.29,12
-48.7038,-26.8696,5.29,12
-48.7037,-26.8679,5.29,12
-48.7038,-26.8683,5.29,12
-48.7038,-26.8687,5.29,12
-48.6557,-26.9075,8.91,12
-48.6553,-26.9073,8.91,12
-48.6562,-26.9077,8.91,12
-48.6553,-26.9078,8.91,12
-48.6956,-26.9366,5.13,12
-48.696,-26.9364,5.13,12
-48.6956,-26.9362,5.13,12
-48.6962,-26.9278,10.14,12
-48.697,-26.9269,10.14,12
-48.6975,-26.9267,10.14,12
-48.7,-26.938,7.52,12
-48.6996,-26.9378,7.52,12
-48.7,-26.9384,7.52,12
-48.7005,-26.9382,7.52,12
-48.6996,-26.9382,7.52,12
-48.6978,-26.9371,5.13,12
-48.6969,-26.9367,5.13,12
-48.6965,-26.9365,5.13,12
-48.6974,-26.9369,5.13,12
-48.6987,-26.9379,7.52,12
-48.6983,-26.9377,7.52,12
-48.6992,-26.938,7.52,12
-48.6978,-26.9375,7.52,12
-48.7224,-26.8903,7.59,12
-48.7216,-26.8904,6.145,12
-48.722,-26.8902,6.145,12
-48.7216,-26.8908,4.7,12
-48.7207,-26.8905,7.59,12
-48.7211,-26.8902,7.59,12
-48.7237,-26.8901,7.59,12
-48.7229,-26.8901,7.59,12
-48.7233,-26.8899,7.59,12
-48.7224,-26.8899,7.59,12
-48.7483,-26.8795,12.17,12
-48.7482,-26.8791,12.17,12
-48.7483,-26.8799,12.17,12
-48.7487,-26.8797,12.17,12
-48.7482,-26.8782,12.17,12
-48.7482,-26.8787,12.17,12
-48.7487,-26.8805,12.17,12
-48.7483,-26.8803,12.17,12
-48.7487,-26.8801,12.17,12
-48.7487,-26.8809,12.17,12
-48.7483,-26.8808,12.17,12
-48.7488,-26.8822,8.98,12
-48.7488,-26.8826,8.98,12
-48.7488,-26.8814,8.98,12
-48.7488,-26.8818,8.98,12
-48.7483,-26.8812,12.17,12
-48.7483,-26.8816,8.98,12
-48.7488,-26.8834,8.98,12
-48.7488,-26.883,8.98,12
-48.6406,-26.9507,5.62,12
-48.6406,-26.9511,5.62,12
-48.6406,-26.9516,5.62,12
-48.6402,-26.9514,5.62,12
-48.6402,-26.9518,5.62,12
-48.6505,-26.9198,6.28,12
-48.6509,-26.9191,7.685,12
-48.6522,-26.9205,7.685,12
-48.6522,-26.9201,7.685,12
-48.6505,-26.9206,6.28,12
-48.6505,-26.9202,6.28,12
-48.6509,-26.9208,6.28,12
-48.6513,-26.9197,7.685,12
-48.6509,-26.9195,7.685,12
-48.6513,-26.9193,7.685,12
-48.6518,-26.9199,7.685,12
-48.6531,-26.9209,7.685,12
-48.6527,-26.9207,7.685,12
-48.651,-26.9216,6.28,12
-48.651,-26.9212,6.28,12
-48.6514,-26.9218,6.28,12
-48.6316,-26.9553,5.39,12
-48.6303,-26.9556,5.39,12
-48.6307,-26.9553,5.39,12
-48.6298,-26.9554,5.39,12
-48.6311,-26.9551,5.39,12
-48.6857,-26.9017,5.9325,18
-48.6857,-26.9013,5.9325,18
-48.6861,-26.9018,6.3675,18
-48.6874,-26.9007,10.77,18
-48.6887,-26.8996,4.09,18
-48.6869,-26.9005,10.77,18
-48.687,-26.901,10.77,18
-48.6874,-26.8999,10.77,18
-48.6878,-26.8997,10.77,18
-48.6873,-26.8995,10.77,18
-48.6874,-26.9003,10.77,18
-48.6883,-26.9023,7.01,18
-48.6887,-26.9021,9.518,18
-48.6879,-26.9022,7.01,18
-48.687,-26.9018,10.77,18
-48.687,-26.9014,10.77,18
-48.687,-26.9022,6.59,18
-48.6874,-26.902,7.01,18
-48.6866,-26.902,7.01,18
-48.6817,-26.9009,5.343333333333334,18
-48.6826,-26.9008,6.0683333333333325,18
-48.683,-26.9006,6.366,18
-48.6821,-26.9006,5.343333333333334,18
-48.6808,-26.9009,5.343333333333334,18
-48.68,-26.901,7.35,18
-48.6804,-26.9007,5.343333333333334,18
-48.6813,-26.9007,5.343333333333334,18
-48.6852,-26.9011,6.366,18
-48.6848,-26.9009,6.366,18
-48.6839,-26.9005,6.366,18
-48.6839,-26.9009,6.366,18
-48.6843,-26.9007,6.366,18
-48.6835,-26.9008,6.366,18
-48.6888,-26.9029,12.175,18
-48.6892,-26.9027,12.595,18
-48.6888,-26.9025,11.755,18
-48.6888,-26.9034,11.755,18
-48.6866,-26.9037,6.17,18
-48.687,-26.9035,6.17,18
-48.6866,-26.9033,6.17,18
-48.687,-26.9026,6.17,18
-48.687,-26.903,6.17,18
-48.6888,-26.9046,11.755,18
-48.6888,-26.905,11.755,18
-48.6888,-26.9038,11.755,18
-48.6888,-26.9042,11.755,18
-48.6912,-26.8973,5.89,18
-48.6916,-26.8975,5.89,18
-48.6908,-26.8976,5.89,18
-48.6899,-26.8976,5.89,18
-48.6903,-26.8974,5.89,18
-48.6895,-26.8975,5.89,18
-48.6942,-26.8944,3.81,18
-48.6942,-26.8949,3.81,18
-48.6942,-26.894,3.81,18
-48.6942,-26.8957,3.81,18
-48.6942,-26.8953,3.81,18
-48.6942,-26.8961,3.81,18
-48.6904,-26.8995,4.09,18
-48.6895,-26.8995,4.09,18
-48.69,-26.8993,4.09,18
-48.6891,-26.8994,4.09,18
-48.6938,-26.8976,10.84,18
-48.6934,-26.8974,5.89,18
-48.6939,-26.898,11.51,18
-48.6947,-26.8967,5.855,18
-48.6942,-26.8965,5.173333333333333,18
-48.6951,-26.8969,5.855,18
-48.6925,-26.8975,5.89,18
-48.6921,-26.8973,5.89,18
-48.693,-26.8977,5.89,18
-48.6938,-26.8963,5.855,18
-48.6939,-26.8984,11.51,18
-48.6939,-26.8988,11.51,18
-48.6956,-26.8975,5.855,18
-48.6951,-26.8973,5.855,18
-48.6886,-26.8975,5.89,18
-48.6878,-26.8992,10.77,18
-48.689,-26.8977,5.89,18
-48.6791,-26.901,7.35,18
-48.6795,-26.9008,7.35,18
-48.6787,-26.9009,7.35,18
-48.6791,-26.9006,7.35,18
-48.6782,-26.9007,7.35,18
-48.6721,-26.9002,6.21,18
-48.6725,-26.9008,6.21,18
-48.6721,-26.9006,6.21,18
-48.6738,-26.8993,7.6,18
-48.6734,-26.8991,7.6,18
-48.6716,-26.9,6.21,18
-48.6712,-26.8999,6.21,18
-48.6775,-26.9045,8.946666666666667,18
-48.6775,-26.9049,8.946666666666667,18
-48.6779,-26.9038,11.56,18
-48.6779,-26.9043,10.025,18
-48.6819,-26.8944,5.91,18
-48.6819,-26.8948,5.91,18
-48.6784,-26.8938,11.35,18
-48.6793,-26.8937,11.35,18
-48.6797,-26.8935,11.35,18
-48.6788,-26.8935,11.35,18
-48.6775,-26.8938,11.35,18
-48.6771,-26.8936,11.35,18
-48.678,-26.8936,11.35,18
-48.6819,-26.8927,5.003333333333333,18
-48.6819,-26.8935,8.63,18
-48.6819,-26.8931,5.91,18
-48.6819,-26.894,5.91,18
-48.6815,-26.8938,11.35,18
-48.6823,-26.8925,4.55,18
-48.6827,-26.8922,4.55,18
-48.6806,-26.8934,11.35,18
-48.681,-26.8936,11.35,18
-48.6802,-26.8936,11.35,18
-48.6772,-26.897,5.7,18
-48.6768,-26.8968,5.7,18
-48.6777,-26.8972,5.7,18
-48.689,-26.9088,14.035,18
-48.6894,-26.9085,14.035,18
-48.6885,-26.9086,14.035,18
-48.6877,-26.9087,14.035,18
-48.6881,-26.9088,14.035,18
-48.6872,-26.9089,14.035,18
-48.6886,-26.9111,8.55,18
-48.692,-26.9088,14.035,18
-48.6912,-26.9089,14.035,18
-48.6916,-26.9086,14.035,18
-48.6925,-26.9086,14.035,18
-48.6903,-26.9089,14.035,18
-48.6907,-26.9087,14.035,18
-48.6898,-26.9087,14.035,18
-48.6864,-26.9089,14.035,18
-48.6868,-26.9087,14.035,18
-48.6889,-26.9059,11.755,18
-48.6889,-26.9054,11.755,18
-48.6889,-26.9063,11.755,18
-48.6891,-26.9113,8.55,18
-48.6891,-26.9121,21.89,18
-48.69,-26.9125,21.89,18
-48.6895,-26.9123,21.89,18
-48.6912,-26.9109,8.916666666666666,18
-48.6917,-26.9111,8.916666666666666,18
-48.6908,-26.9112,8.916666666666666,18
-48.6899,-26.9112,8.55,18
-48.6904,-26.911,8.55,18
-48.6895,-26.911,8.55,18
-48.6926,-26.9111,8.916666666666666,18
-48.693,-26.9112,9.65,18
-48.6921,-26.9113,8.916666666666666,18
-48.6904,-26.9122,21.89,18
-48.69,-26.9121,21.89,18
-48.694,-26.9034,6.975,18
-48.6945,-26.9032,12.545,18
-48.6936,-26.9033,6.975,18
-48.694,-26.903,9.881428571428572,18
-48.6941,-26.9039,6.975,18
-48.6945,-26.9036,12.545,18
-48.6936,-26.9037,6.975,18
-48.6953,-26.9023,3.0,18
-48.6944,-26.9024,12.545,18
-48.6953,-26.9027,3.0,18
-48.6945,-26.9028,12.545,18
-48.6927,-26.9029,12.595,18
-48.6936,-26.9024,8.796,18
-48.694,-26.9022,8.3225,18
-48.6931,-26.9022,9.58,18
-48.6936,-26.902,8.771666666666667,18
-48.6936,-26.9028,9.881428571428572,18
-48.694,-26.9026,8.796,18
-48.6931,-26.9027,12.595,18
-48.6945,-26.9045,12.545,18
-48.6949,-26.9042,12.545,18
-48.6941,-26.9043,6.975,18
-48.6945,-26.904,12.545,18
-48.6945,-26.9049,12.545,18
-48.695,-26.9046,12.545,18
-48.6941,-26.9047,8.54,18
-48.6954,-26.9036,3.0,18
-48.6949,-26.9034,12.545,18
-48.6953,-26.9031,3.0,18
-48.6949,-26.9038,12.545,18
-48.6936,-26.9041,6.975,18
-48.6936,-26.9045,8.54,18
-48.6953,-26.9019,3.0,18
-48.6984,-26.9019,5.045,18
-48.6988,-26.9021,5.045,18
-48.6909,-26.9022,9.58,18
-48.691,-26.9026,12.595,18
-48.6914,-26.9024,9.58,18
-48.6905,-26.9024,9.58,18
-48.6896,-26.902,10.06,18
-48.6901,-26.9022,10.06,18
-48.6892,-26.9023,10.06,18
-48.6914,-26.9028,12.595,18
-48.6923,-26.9023,9.58,18
-48.6927,-26.9021,9.58,18
-48.6918,-26.9021,9.58,18
-48.6923,-26.9027,12.595,18
-48.6918,-26.9025,12.595,18
-48.6905,-26.9028,12.595,18
-48.6896,-26.9029,12.595,18
-48.6901,-26.9026,12.595,18
-48.6939,-26.9005,8.82,18
-48.6939,-26.9001,11.51,18
-48.694,-26.9009,8.3675,18
-48.6952,-26.8994,2.26,18
-48.6943,-26.8994,2.26,18
-48.6948,-26.8992,2.26,18
-48.6939,-26.8993,11.51,18
-48.6939,-26.8997,11.51,18
-48.6944,-26.9015,12.545,18
-48.694,-26.9014,8.3675,18
-48.6944,-26.902,11.396666666666667,18
-48.694,-26.9018,8.3675,18
-48.695,-26.9055,13.92,18
-48.6945,-26.9053,13.92,18
-48.695,-26.9051,12.545,18
-48.695,-26.9059,13.92,18
-48.6946,-26.9057,13.92,18
-48.6937,-26.9053,8.54,18
-48.6941,-26.9051,8.54,18
-48.6937,-26.9049,8.54,18
-48.695,-26.9071,13.92,18
-48.6951,-26.9076,13.92,18
-48.695,-26.9063,13.92,18
-48.695,-26.9067,13.92,18
-48.6976,-26.9049,18.51,18
-48.6976,-26.9057,18.51,18
-48.698,-26.9055,18.51,18
-48.6976,-26.9053,18.51,18
-48.6976,-26.9061,18.51,18
-48.6981,-26.9059,18.51,18
-48.6985,-26.9048,5.55,18
-48.6989,-26.905,5.55,18
-48.698,-26.9051,18.51,18
-48.6776,-26.9087,11.46,18
-48.6776,-26.9082,11.46,18
-48.6776,-26.9091,10.85,18
-48.6794,-26.9102,10.45,18
-48.6798,-26.91,10.45,18
-48.679,-26.91,10.45,18
-48.6776,-26.9095,10.613333333333333,18
-48.6781,-26.9101,10.45,18
-48.6777,-26.9099,10.613333333333333,18
-48.6758,-26.9075,10.08,18
-48.6758,-26.9079,10.08,18
-48.6763,-26.9077,10.08,18
-48.6754,-26.9078,10.08,18
-48.6745,-26.9074,10.08,18
-48.6741,-26.9072,10.08,18
-48.675,-26.9076,10.08,18
-48.6767,-26.9083,10.08,18
-48.6763,-26.9081,10.08,18
-48.6776,-26.9074,8.946666666666667,18
-48.6772,-26.9081,10.08,18
-48.6776,-26.9078,8.946666666666667,18
-48.6767,-26.9079,10.08,18
-48.6775,-26.9057,8.946666666666667,18
-48.6775,-26.9053,8.946666666666667,18
-48.6775,-26.9062,8.946666666666667,18
-48.6779,-26.9047,8.946666666666667,18
-48.6779,-26.9051,8.946666666666667,18
-48.6775,-26.9066,8.946666666666667,18
-48.6776,-26.907,8.946666666666667,18
-48.679,-26.9117,2.21,18
-48.6795,-26.9119,2.21,18
-48.6786,-26.9119,2.21,18
-48.6773,-26.9114,10.613333333333333,18
-48.6782,-26.9118,2.21,18
-48.6773,-26.9118,10.613333333333333,18
-48.6785,-26.9103,10.45,18
-48.6808,-26.9116,6.15,18
-48.682,-26.9101,12.05,18
-48.6825,-26.9098,12.05,18
-48.6816,-26.9099,12.05,18
-48.6807,-26.9099,7.288,18
-48.6807,-26.9095,5.18,18
-48.6807,-26.9103,5.18,18
-48.6812,-26.9101,12.05,18
-48.6803,-26.9102,10.45,18
-48.6807,-26.9108,5.18,18
-48.6808,-26.9112,5.18,18
-48.6759,-26.9104,8.32,18
-48.6755,-26.9103,8.32,18
-48.6759,-26.9109,8.32,18
-48.6764,-26.9106,8.32,18
-48.6755,-26.9107,8.32,18
-48.6772,-26.9093,10.613333333333333,18
-48.6772,-26.9097,10.613333333333333,18
-48.6746,-26.9103,8.32,18
-48.6742,-26.9101,8.32,18
-48.6751,-26.9105,8.32,18
-48.6764,-26.911,8.32,18
-48.6772,-26.9106,10.613333333333333,18
-48.6777,-26.9103,10.548,18
-48.6772,-26.9102,10.548,18
-48.6773,-26.911,10.04,18
-48.6768,-26.9108,8.32,18
-48.701,-26.8894,4.57,18
-48.7107,-26.8921,18.75,18
-48.7107,-26.8926,18.75,18
-48.702,-26.8935,12.52,18
-48.7016,-26.8933,12.52,18
-48.702,-26.8931,12.52,18
-48.702,-26.8939,12.52,18
-48.7016,-26.8938,12.52,18
-48.7143,-26.8829,17.32,18
-48.7143,-26.8833,17.32,18
-48.7139,-26.8827,17.32,18
-48.7139,-26.8831,17.32,18
-48.7139,-26.884,17.32,18
-48.7143,-26.8837,17.32,18
-48.7139,-26.8836,17.32,18
-48.7139,-26.8844,17.32,18
-48.7143,-26.8842,17.32,18
-48.714,-26.8857,17.32,18
-48.714,-26.8861,17.32,18
-48.7139,-26.8848,17.32,18
-48.7139,-26.8852,17.32,18
-48.714,-26.8869,17.32,18
-48.714,-26.8865,17.32,18
-48.714,-26.8873,17.32,18
-48.6979,-26.889,8.16,18
-48.6979,-26.8894,8.16,18
-48.6979,-26.8898,8.16,18
-48.7005,-26.888,4.57,18
-48.7009,-26.8877,4.57,18
-48.6979,-26.8881,8.16,18
-48.6979,-26.8886,8.16,18
-48.701,-26.8886,4.57,18
-48.7005,-26.8884,4.57,18
-48.7009,-26.8882,4.57,18
-48.701,-26.889,4.57,18
-48.7005,-26.8888,4.57,18
-48.6974,-26.8859,13.49,18
-48.6979,-26.8873,8.16,18
-48.6978,-26.8869,8.16,18
-48.6979,-26.8877,8.16,18
-48.6927,-26.8914,4.29,18
-48.6928,-26.8918,4.29,18
-48.6928,-26.8926,4.29,18
-48.6928,-26.8922,4.29,18
-48.6928,-26.8931,4.29,18
-48.6983,-26.8866,8.16,18
-48.7113,-26.8961,18.75,18
-48.7113,-26.8965,18.75,18
-48.7112,-26.8952,18.75,18
-48.7112,-26.8957,18.75,18
-48.7113,-26.8973,18.75,18
-48.7113,-26.8969,18.75,18
-48.7113,-26.8977,18.75,18
-48.7114,-26.899,18.75,18
-48.7114,-26.8994,18.75,18
-48.7113,-26.8982,18.75,18
-48.7113,-26.8986,18.75,18
-48.7127,-26.9008,10.755,18
-48.7123,-26.9006,10.755,18
-48.7114,-26.9003,18.75,18
-48.7114,-26.8998,18.75,18
-48.7114,-26.9007,13.42,18
-48.7118,-26.9004,10.755,18
-48.7141,-26.8907,17.32,18
-48.7141,-26.8911,17.32,18
-48.7141,-26.8886,17.32,18
-48.7141,-26.889,17.32,18
-48.714,-26.8877,17.32,18
-48.714,-26.8882,17.32,18
-48.7141,-26.8898,17.32,18
-48.7141,-26.8894,17.32,18
-48.7141,-26.8902,17.32,18
-48.7156,-26.8945,4.95,18
-48.7169,-26.8947,4.95,18
-48.716,-26.8947,4.95,18
-48.7164,-26.8945,4.95,18
-48.7199,-26.893,24.462,18
-48.7199,-26.8934,24.462,18
-48.7107,-26.8934,18.75,18
-48.7112,-26.8932,18.75,18
-48.7107,-26.893,18.75,18
-48.7107,-26.8938,18.75,18
-48.7112,-26.8936,18.75,18
-48.7111,-26.8923,18.75,18
-48.7111,-26.8927,18.75,18
-48.7112,-26.8944,18.75,18
-48.7108,-26.8942,18.75,18
-48.7112,-26.894,18.75,18
-48.7112,-26.8948,18.75,18
-48.7004,-26.897,9.895,18
-48.7004,-26.8974,9.895,18
-48.7008,-26.8963,9.895,18
-48.7003,-26.8961,9.895,18
-48.7008,-26.8959,9.895,18
-48.7008,-26.8967,9.895,18
-48.7004,-26.8966,9.895,18
-48.7008,-26.898,8.156666666666666,18
-48.7009,-26.8984,8.156666666666666,18
-48.7008,-26.8972,9.895,18
-48.7008,-26.8976,9.895,18
-48.7021,-26.8952,12.52,18
-48.7016,-26.895,12.52,18
-48.7021,-26.8956,12.52,18
-48.702,-26.8944,12.52,18
-48.702,-26.8948,12.52,18
-48.7021,-26.8964,12.52,18
-48.7021,-26.896,12.52,18
-48.7021,-26.8969,12.52,18
-48.6956,-26.8971,5.855,18
-48.7003,-26.8957,9.895,18
-48.7008,-26.8955,9.895,18
-48.7016,-26.8942,12.52,18
-48.7016,-26.8946,12.52,18
-48.7009,-26.8992,7.764,18
-48.7009,-26.8988,8.156666666666666,18
-48.7009,-26.8997,8.156666666666666,18
-48.7013,-26.8994,7.175,18
-48.7005,-26.8995,7.98,18
-48.6996,-26.8995,7.98,18
-48.7,-26.8993,7.98,18
-48.6991,-26.8994,7.98,18
-48.7009,-26.9001,8.156666666666666,18
-48.7014,-26.9007,5.2,18
-48.7009,-26.9005,7.4175,18
-48.7021,-26.8973,12.52,18
-48.7031,-26.8993,6.37,18
-48.7031,-26.8997,6.37,18
-48.7022,-26.8994,7.175,18
-48.7018,-26.8992,7.175,18
-48.7026,-26.8996,6.37,18
-48.6974,-26.8986,7.24,18
-48.6969,-26.8984,7.24,18
-48.6965,-26.8991,2.26,18
-48.6974,-26.8982,7.24,18
-48.6956,-26.8992,2.26,18
-48.6965,-26.8978,7.24,18
-48.696,-26.8977,7.24,18
-48.6969,-26.898,7.24,18
-48.6961,-26.8993,2.26,18
-48.6707,-26.8993,6.21,18
-48.6708,-26.8997,6.21,18
-48.6712,-26.8994,6.21,18
-48.667,-26.9047,9.95,18
-48.6665,-26.9045,9.95,18
-48.667,-26.9051,9.95,18
-48.6674,-26.9049,9.57,18
-48.6666,-26.905,9.95,18
-48.6657,-26.9046,9.95,18
-48.6652,-26.9044,9.95,18
-48.6661,-26.9048,9.95,18
-48.6626,-26.9033,3.91,18
-48.6621,-26.9032,3.91,18
-48.6626,-26.9038,9.935,18
-48.663,-26.9035,9.935,18
-48.6621,-26.9036,3.91,18
-48.672,-26.8977,7.6,18
-48.6716,-26.8975,7.6,18
-48.6729,-26.8985,7.6,18
-48.6725,-26.8983,7.6,18
-48.6729,-26.8989,7.6,18
-48.6733,-26.8987,7.6,18
-48.672,-26.8981,7.6,18
-48.6759,-26.896,5.7,18
-48.6763,-26.8966,5.7,18
-48.6768,-26.8964,5.7,18
-48.6763,-26.8962,5.7,18
-48.6574,-26.9041,5.14,18
-48.6565,-26.9037,2.128,18
-48.6569,-26.9035,2.128,18
-48.656,-26.904,2.128,18
-48.6836,-26.8918,4.55,18
-48.684,-26.8915,4.8,18
-48.6832,-26.892,4.55,18
-48.6942,-26.8838,13.49,18
-48.6934,-26.8838,13.49,18
-48.6938,-26.8836,13.49,18
-48.6959,-26.8816,4.82,18
-48.6946,-26.881,6.705,18
-48.6955,-26.8814,4.82,18
-48.6946,-26.8814,6.705,18
-48.6955,-26.8822,4.82,18
-48.6959,-26.882,4.82,18
-48.6955,-26.8818,4.82,18
-48.6955,-26.8826,4.82,18
-48.6959,-26.8824,4.82,18
-48.6945,-26.8789,6.705,18
-48.6945,-26.8793,6.705,18
-48.6945,-26.8802,6.705,18
-48.6945,-26.8798,6.705,18
-48.6946,-26.8806,6.705,18
-48.6951,-26.8841,13.49,18
-48.6956,-26.8839,4.82,18
-48.6947,-26.8839,13.49,18
-48.6951,-26.8845,13.49,18
-48.6956,-26.8843,9.155,18
-48.696,-26.8832,4.82,18
-48.6955,-26.8831,4.82,18
-48.696,-26.8828,4.82,18
-48.696,-26.8837,4.82,18
-48.6955,-26.8835,4.82,18
-48.6965,-26.8851,13.49,18
-48.6969,-26.8857,13.49,18
-48.6965,-26.8855,13.49,18
-48.696,-26.8849,13.49,18
-48.6956,-26.8847,13.49,18
-48.6795,-26.8876,1.88,18
-48.6791,-26.8883,1.88,18
-48.6795,-26.888,1.88,18
-48.6804,-26.8876,1.88,18
-48.6799,-26.8874,1.88,18
-48.68,-26.8878,1.88,18
-48.6816,-26.9231,10.89,18
-48.6812,-26.9229,10.89,18
-48.6821,-26.9236,10.89,18
-48.6816,-26.9235,10.89,18
-48.682,-26.9232,10.89,18
-48.6953,-26.9142,18.005,18
-48.6957,-26.914,18.005,18
-48.6948,-26.9141,18.005,18
-48.6953,-26.9138,18.005,18
-48.6931,-26.915,4.59,18
-48.6936,-26.9148,4.59,18
-48.6931,-26.9146,4.59,18
-48.6931,-26.9154,4.59,18
-48.6936,-26.9152,4.59,18
-48.6944,-26.9139,18.005,18
-48.6935,-26.9139,4.59,18
-48.694,-26.9137,18.005,18
-48.6935,-26.9143,4.59,18
-48.6936,-26.916,4.59,18
-48.6932,-26.9158,4.59,18
-48.6936,-26.9156,4.59,18
-48.6922,-26.913,21.89,18
-48.6917,-26.9128,21.89,18
-48.6926,-26.9132,21.89,18
-48.6909,-26.9128,21.89,18
-48.6913,-26.9126,21.89,18
-48.6904,-26.9127,21.89,18
-48.6909,-26.9124,21.89,18
-48.6931,-26.9138,4.59,18
-48.6931,-26.9142,4.59,18
-48.6772,-26.9212,8.9675,18
-48.6776,-26.921,10.225,18
-48.6767,-26.9211,7.71,18
-48.6772,-26.9208,10.225,18
-48.6772,-26.9217,7.466,18
-48.6776,-26.9214,8.2,18
-48.6767,-26.9215,7.71,18
-48.675,-26.9224,12.1,18
-48.6746,-26.9222,12.1,18
-48.6759,-26.9211,7.71,18
-48.6763,-26.9209,7.71,18
-48.6754,-26.9209,4.53,18
-48.6758,-26.9207,4.53,18
-48.6763,-26.9213,7.71,18
-48.6768,-26.9236,12.1,18
-48.6764,-26.9234,12.1,18
-48.6781,-26.922,6.175,18
-48.6776,-26.9218,6.175,18
-48.6755,-26.923,12.1,18
-48.675,-26.9228,12.1,18
-48.6759,-26.9232,12.1,18
-48.6776,-26.9202,10.225,18
-48.6776,-26.9206,10.225,18
-48.6785,-26.9218,6.175,18
-48.6781,-26.9216,6.175,18
-48.6732,-26.9213,12.1,18
-48.6728,-26.9211,12.1,18
-48.6719,-26.9207,12.01,18
-48.6723,-26.9205,12.01,18
-48.6719,-26.9203,12.01,18
-48.6724,-26.9209,12.01,18
-48.6737,-26.9219,12.1,18
-48.6733,-26.9217,12.1,18
-48.6737,-26.9215,12.1,18
-48.6741,-26.9221,12.1,18
-48.675,-26.9208,4.53,18
-48.6771,-26.9183,10.225,18
-48.6775,-26.9181,10.34,18
-48.6771,-26.9179,10.34,18
-48.6771,-26.9187,10.225,18
-48.6775,-26.9185,10.225,18
-48.6771,-26.92,10.225,18
-48.6771,-26.9204,10.225,18
-48.6775,-26.9193,10.225,18
-48.6771,-26.9192,10.225,18
-48.6775,-26.9189,10.225,18
-48.6776,-26.9198,10.225,18
-48.6771,-26.9196,10.225,18
-48.6754,-26.9205,4.53,18
-48.6773,-26.9242,26.36,18
-48.6768,-26.924,12.1,18
-48.6773,-26.9246,26.36,18
-48.6777,-26.9243,26.36,18
-48.6764,-26.9238,12.1,18
-48.6782,-26.9249,26.36,18
-48.6777,-26.9248,26.36,18
-48.6803,-26.9225,10.89,18
-48.6798,-26.9223,10.89,18
-48.6803,-26.9229,10.89,18
-48.6807,-26.9227,10.89,18
-48.6798,-26.9227,10.89,18
-48.679,-26.9224,6.175,18
-48.6794,-26.9221,10.89,18
-48.6785,-26.9222,6.175,18
-48.6789,-26.922,6.175,18
-48.6794,-26.9226,10.89,18
-48.6812,-26.9233,10.89,18
-48.6807,-26.9231,10.89,18
-48.6746,-26.9227,12.1,18
-48.6821,-26.913,3.74,18
-48.6817,-26.9132,3.74,18
-48.6808,-26.9133,3.74,18
-48.6813,-26.913,3.74,18
-48.684,-26.929,26.36,18
-48.6849,-26.9297,26.36,18
-48.6844,-26.9296,26.36,18
-48.6849,-26.9302,26.36,18
-48.6853,-26.9299,26.36,18
-48.6953,-26.9282,9.68,18
-48.6958,-26.928,9.68,18
-48.6962,-26.9274,9.68,18
-48.6966,-26.9271,9.68,18
-48.694,-26.9277,3.96,18
-48.6936,-26.9275,3.96,18
-48.694,-26.9281,3.96,18
-48.697,-26.9265,9.68,18
-48.6974,-26.9262,9.68,18
-48.6822,-26.9274,26.36,18
-48.6826,-26.928,26.36,18
-48.6822,-26.9278,26.36,18
-48.6817,-26.9272,26.36,18
-48.6813,-26.927,26.36,18
-48.6818,-26.9276,26.36,18
-48.6831,-26.9286,26.36,18
-48.6835,-26.9284,26.36,18
-48.6831,-26.9282,26.36,18
-48.6835,-26.9288,26.36,18
-48.68,-26.9261,26.36,18
-48.6795,-26.9259,26.36,18
-48.6791,-26.9253,26.36,18
-48.6786,-26.9251,26.36,18
-48.6791,-26.9257,26.36,18
-48.6786,-26.9255,26.36,18
-48.6804,-26.9263,26.36,18
-48.6809,-26.9269,26.36,18
-48.6804,-26.9267,26.36,18
-48.684,-26.9294,26.36,18
-48.7114,-26.913,40.16,18
-48.7154,-26.9036,22.166666666666668,18
-48.7159,-26.9033,24.462,18
-48.7154,-26.9031,10.69,18
-48.7155,-26.904,24.462,18
-48.715,-26.9038,10.69,18
-48.7158,-26.9025,22.166666666666668,18
-48.7163,-26.9022,24.462,18
-48.7159,-26.9029,24.462,18
-48.7154,-26.9027,10.69,18
-48.7155,-26.9044,24.462,18
-48.7146,-26.9044,10.69,18
-48.715,-26.9042,10.69,18
-48.7146,-26.9049,40.16,18
-48.715,-26.9046,24.737142857142857,18
-48.7132,-26.901,10.755,18
-48.7119,-26.9008,10.755,18
-48.7138,-26.907,40.16,18
-48.7138,-26.9074,27.078333333333333,18
-48.713,-26.9091,40.16,18
-48.7134,-26.9089,27.078333333333333,18
-48.713,-26.9096,27.078333333333333,18
-48.7135,-26.9093,24.462,18
-48.7139,-26.9083,24.462,18
-48.7134,-26.9081,40.16,18
-48.7138,-26.9078,27.078333333333333,18
-48.7134,-26.9085,27.078333333333333,18
-48.7142,-26.9063,40.16,18
-48.7147,-26.9061,27.078333333333333,18
-48.7142,-26.9059,40.16,18
-48.7142,-26.9068,27.078333333333333,18
-48.7147,-26.9065,24.462,18
-48.7151,-26.9055,24.462,18
-48.7146,-26.9053,40.16,18
-48.7151,-26.905,24.462,18
-48.7146,-26.9057,27.078333333333333,18
-48.7143,-26.9072,27.078333333333333,18
-48.7143,-26.9076,24.462,18
-48.6978,-26.9103,18.51,18
-48.6978,-26.9107,18.51,18
-48.6982,-26.9097,18.51,18
-48.6977,-26.9095,18.51,18
-48.6982,-26.9092,18.51,18
-48.6982,-26.9101,18.51,18
-48.6978,-26.9099,18.51,18
-48.6978,-26.9116,18.51,18
-48.6982,-26.9113,18.51,18
-48.6978,-26.9112,18.51,18
-48.6978,-26.912,18.51,18
-48.6983,-26.9118,18.51,18
-48.6982,-26.9105,18.51,18
-48.6982,-26.9109,18.51,18
-48.7003,-26.9089,5.13,18
-48.7008,-26.9087,5.13,18
-48.7003,-26.9085,5.13,18
-48.7004,-26.9093,5.13,18
-48.7008,-26.9091,5.13,18
-48.7008,-26.9082,5.13,18
-48.7003,-26.9076,5.13,18
-48.7003,-26.9081,5.13,18
-48.6942,-26.9093,8.25,18
-48.6938,-26.9091,5.8,18
-48.6942,-26.9089,5.8,18
-48.6947,-26.9095,9.475,18
-48.6938,-26.9095,8.25,18
-48.6951,-26.9084,13.92,18
-48.6951,-26.908,13.92,18
-48.6951,-26.9088,13.92,18
-48.6929,-26.9087,14.035,18
-48.6929,-26.9096,9.475,18
-48.6934,-26.9093,9.475,18
-48.6925,-26.9094,9.475,18
-48.6938,-26.9087,11.29,18
-48.6933,-26.9085,14.035,18
-48.6956,-26.9094,9.475,18
-48.6951,-26.9092,10.956666666666665,18
-48.6938,-26.9099,5.8,18
-48.6938,-26.9104,5.8,18
-48.6977,-26.9074,18.51,18
-48.6977,-26.9078,18.51,18
-48.6981,-26.9067,18.51,18
-48.6976,-26.9066,18.51,18
-48.6981,-26.9063,18.51,18
-48.6981,-26.9072,18.51,18
-48.6977,-26.907,18.51,18
-48.6977,-26.9086,18.51,18
-48.6981,-26.9084,18.51,18
-48.6977,-26.9082,18.51,18
-48.6977,-26.9091,18.51,18
-48.6982,-26.9088,18.51,18
-48.6981,-26.9076,18.51,18
-48.6981,-26.908,18.51,18
-48.6983,-26.9126,18.51,18
-48.6978,-26.9124,18.51,18
-48.6983,-26.9122,18.51,18
-48.6979,-26.9149,18.005,18
-48.6975,-26.9147,18.005,18
-48.6966,-26.9144,18.005,18
-48.6962,-26.9142,18.005,18
-48.697,-26.9145,18.005,18
-48.6939,-26.912,5.8,18
-48.6939,-26.9124,5.8,18
-48.6947,-26.9111,9.65,18
-48.6952,-26.9109,9.65,18
-48.6939,-26.9112,7.725,18
-48.6943,-26.911,9.65,18
-48.6934,-26.911,9.65,18
-48.6939,-26.9108,5.8,18
-48.6939,-26.9116,5.8,18
-48.6948,-26.9136,18.005,18
-48.6939,-26.9129,5.8,18
-48.6935,-26.9135,13.533333333333333,18
-48.6939,-26.9133,5.8,18
-48.6931,-26.9133,18.005,18
-48.7049,-26.903,5.2,18
-48.7045,-26.9028,5.2,18
-48.6997,-26.9029,6.63,18
-48.6997,-26.9033,6.63,18
-48.6997,-26.902,5.573333333333333,18
-48.7001,-26.9018,5.045,18
-48.6992,-26.9019,5.045,18
-48.6997,-26.9025,6.63,18
-48.6997,-26.9037,6.63,18
-48.6997,-26.9041,6.63,18
-48.7032,-26.9018,5.2,18
-48.7027,-26.9016,5.2,18
-48.7018,-26.9013,5.2,18
-48.7014,-26.9011,5.2,18
-48.7018,-26.9009,5.2,18
-48.7023,-26.9015,5.2,18
-48.7036,-26.9024,5.2,18
-48.704,-26.9022,5.2,18
-48.7036,-26.902,5.2,18
-48.7041,-26.9026,5.2,18
-48.7002,-26.906,5.13,18
-48.7002,-26.9056,5.13,18
-48.7003,-26.9064,5.13,18
-48.7011,-26.9051,6.89,18
-48.7006,-26.9049,6.89,18
-48.6998,-26.905,5.91,18
-48.7002,-26.9047,5.41,18
-48.6993,-26.9048,5.55,18
-48.6998,-26.9045,6.63,18
-48.7002,-26.9051,5.13,18
-48.7003,-26.9068,5.13,18
-48.7003,-26.9072,5.13,18
-48.7094,-26.9184,27.764,18
-48.7098,-26.9181,24.665,18
-48.7094,-26.9188,27.764,18
-48.7098,-26.9173,27.764,18
-48.7094,-26.9179,40.16,18
-48.7098,-26.9177,27.764,18
-48.709,-26.9194,27.764,18
-48.7094,-26.9192,24.665,18
-48.709,-26.919,40.16,18
-48.709,-26.9199,24.665,18
-48.7068,-26.9177,14.17,18
-48.7063,-26.9175,14.17,18
-48.7054,-26.9172,14.17,18
-48.705,-26.917,14.17,18
-48.7059,-26.9173,14.17,18
-48.7072,-26.9179,14.17,18
-48.7102,-26.9158,40.16,18
-48.711,-26.9145,27.764,18
-48.7106,-26.9152,27.764,18
-48.711,-26.9149,27.764,18
-48.7102,-26.9166,27.764,18
-48.7106,-26.9164,24.665,18
-48.7102,-26.9162,27.764,18
-48.7102,-26.9171,24.665,18
-48.7098,-26.9169,40.16,18
-48.7106,-26.9156,27.764,18
-48.711,-26.9153,24.665,18
-48.7106,-26.916,27.764,18
-48.7082,-26.9212,24.665,18
-48.7086,-26.9209,24.665,18
-48.7082,-26.9216,24.665,18
-48.709,-26.9203,24.665,18
-48.7086,-26.9201,24.665,18
-48.7086,-26.9205,24.665,18
-48.7126,-26.911,27.764,18
-48.7126,-26.9106,27.764,18
-48.7127,-26.9115,24.665,18
-48.7122,-26.9113,27.764,18
-48.713,-26.91,27.078333333333333,18
-48.7131,-26.9104,24.665,18
-48.7126,-26.9102,40.16,18
-48.7118,-26.9119,40.16,18
-48.7122,-26.9117,27.764,18
-48.7118,-26.9124,27.764,18
-48.7122,-26.9121,27.764,18
-48.7114,-26.9138,27.764,18
-48.7114,-26.9134,27.764,18
-48.7114,-26.9143,24.665,18
-48.711,-26.9141,40.16,18
-48.7118,-26.9128,27.764,18
-48.7118,-26.9132,24.665,18
-48.7037,-26.9164,14.17,18
-48.7023,-26.9163,14.17,18
-48.7019,-26.9161,14.17,18
-48.7041,-26.917,14.17,18
-48.7045,-26.9168,14.17,18
-48.7037,-26.9168,14.17,18
-48.7041,-26.9166,14.17,18
-48.7032,-26.9167,14.17,18
-48.7028,-26.9165,14.17,18
-48.6638,-26.9146,9.57,18
-48.6634,-26.9144,9.57,18
-48.6625,-26.914,9.57,18
-48.6629,-26.9138,9.57,18
-48.6625,-26.9136,9.57,18
-48.6629,-26.9142,9.57,18
-48.6638,-26.915,9.57,18
-48.6634,-26.9148,9.57,18
-48.6668,-26.9125,9.91,18
-48.6664,-26.9123,9.91,18
-48.6668,-26.9129,9.91,18
-48.6659,-26.9113,9.91,18
-48.6664,-26.9119,9.91,18
-48.6659,-26.9117,9.91,18
-48.6607,-26.9129,7.19,18
-48.6603,-26.9127,7.19,18
-48.6612,-26.913,8.115,18
-48.6616,-26.912,2.21,18
-48.6611,-26.9118,2.21,18
-48.6616,-26.9124,2.21,18
-48.6598,-26.9125,7.19,18
-48.6594,-26.9123,7.19,18
-48.6607,-26.9116,2.21,18
-48.6607,-26.9137,10.89,18
-48.6612,-26.9135,10.89,18
-48.6608,-26.9141,10.89,18
-48.6616,-26.9128,10.23,18
-48.662,-26.9126,6.55,18
-48.662,-26.9134,9.57,18
-48.6616,-26.9132,9.57,18
-48.6646,-26.9103,9.91,18
-48.665,-26.9105,9.91,18
-48.6655,-26.9111,9.91,18
-48.665,-26.9109,9.91,18
-48.6661,-26.9163,12.01,18
-48.6656,-26.9161,12.01,18
-48.6661,-26.9167,12.01,18
-48.6665,-26.9165,12.01,18
-48.6595,-26.9157,5.95,18
-48.6599,-26.9154,10.89,18
-48.6591,-26.9155,5.95,18
-48.6603,-26.9148,10.89,18
-48.6603,-26.9144,10.89,18
-48.6599,-26.915,10.89,18
-48.6697,-26.9079,4.13,18
-48.6702,-26.9077,4.13,18
-48.6693,-26.9077,12.032,18
-48.6702,-26.9081,4.13,18
-48.6693,-26.9081,12.032,18
-48.6706,-26.907,8.54,18
-48.6706,-26.9066,8.54,18
-48.6706,-26.9074,8.54,18
-48.668,-26.9076,9.19,18
-48.668,-26.908,9.19,18
-48.6693,-26.9073,12.032,18
-48.6702,-26.9089,4.13,18
-48.6706,-26.9087,8.54,18
-48.6702,-26.9085,4.13,18
-48.6702,-26.9093,4.13,18
-48.6706,-26.9091,8.54,18
-48.671,-26.908,8.54,18
-48.6706,-26.9078,8.54,18
-48.6711,-26.9084,8.54,18
-48.6706,-26.9083,8.54,18
-48.6693,-26.9086,12.032,18
-48.6693,-26.909,12.032,18
-48.6727,-26.9067,10.08,18
-48.6723,-26.9065,10.08,18
-48.6714,-26.9061,10.08,18
-48.6714,-26.9065,9.426666666666668,18
-48.6719,-26.9063,9.426666666666668,18
-48.671,-26.9064,10.08,18
-48.6732,-26.9073,4.445,18
-48.6736,-26.907,7.2625,18
-48.6728,-26.9071,4.445,18
-48.6732,-26.9068,10.08,18
-48.6719,-26.9071,5.67,18
-48.6719,-26.9067,9.426666666666668,18
-48.6719,-26.9076,8.12,18
-48.6723,-26.9073,4.445,18
-48.6675,-26.9057,9.19,18
-48.6674,-26.9053,9.57,18
-48.6675,-26.9062,9.19,18
-48.6679,-26.9059,9.19,18
-48.6679,-26.9068,9.19,18
-48.6675,-26.9066,9.19,18
-48.6679,-26.9063,9.19,18
-48.6679,-26.9072,9.19,18
-48.6675,-26.907,9.19,18
-48.6658,-26.9079,10.945,18
-48.6653,-26.9078,10.945,18
-48.6683,-26.9053,9.95,18
-48.6679,-26.9051,9.95,18
-48.6701,-26.906,10.08,18
-48.6697,-26.9058,10.08,18
-48.6705,-26.9062,9.566666666666666,18
-48.6692,-26.9056,10.08,18
-48.6688,-26.9055,9.95,18
-48.6698,-26.9108,11.461666666666666,18
-48.6694,-26.9106,11.461666666666666,18
-48.6698,-26.9104,11.461666666666666,18
-48.6698,-26.9112,11.461666666666666,18
-48.6694,-26.9111,11.461666666666666,18
-48.6711,-26.9097,8.54,18
-48.6702,-26.9098,4.13,18
-48.6707,-26.9095,8.54,18
-48.6694,-26.9098,11.461666666666666,18
-48.6698,-26.9096,12.032,18
-48.6693,-26.9094,12.032,18
-48.6694,-26.9102,11.461666666666666,18
-48.6698,-26.91,11.461666666666666,18
-48.6699,-26.9117,11.461666666666666,18
-48.6699,-26.9121,11.461666666666666,18
-48.6719,-26.9088,8.12,18
-48.6711,-26.9089,8.54,18
-48.672,-26.9092,8.12,18
-48.6711,-26.9093,8.54,18
-48.6719,-26.908,8.12,18
-48.6719,-26.9084,8.12,18
-48.672,-26.9101,7.77,18
-48.6724,-26.9098,7.77,18
-48.672,-26.9096,7.945,18
-48.672,-26.9105,7.77,18
-48.6724,-26.9102,7.77,18
-48.668,-26.9084,9.19,18
-48.668,-26.9088,9.19,18
-48.6662,-26.9085,10.945,18
-48.6658,-26.9084,10.945,18
-48.6667,-26.9087,10.77,18
-48.668,-26.9093,9.19,18
-48.6654,-26.9107,9.91,18
-48.6555,-26.9124,6.38,18
-48.6555,-26.9128,6.38,18
-48.6559,-26.9125,6.38,18
-48.655,-26.9126,6.38,18
-48.6541,-26.9122,6.38,18
-48.6537,-26.9121,6.38,18
-48.6546,-26.9124,6.38,18
-48.6559,-26.913,6.38,18
-48.6576,-26.9116,7.74,18
-48.6572,-26.9114,7.74,18
-48.6581,-26.9118,7.74,18
-48.6589,-26.9121,7.74,18
-48.6585,-26.912,7.74,18
-48.6553,-26.909,10.17,18
-48.654,-26.9093,7.31,18
-48.654,-26.9089,7.31,18
-48.6551,-26.9159,6.09,18
-48.6547,-26.9158,6.09,18
-48.6556,-26.9157,6.09,18
-48.6551,-26.9155,6.09,18
-48.6542,-26.9152,6.09,18
-48.6543,-26.9156,6.09,18
-48.6547,-26.9153,6.09,18
-48.6538,-26.9154,6.09,18
-48.6552,-26.9172,18.66,18
-48.6552,-26.9176,18.66,18
-48.6556,-26.9161,6.09,18
-48.656,-26.9159,6.09,18
-48.6534,-26.9173,11.87,18
-48.6581,-26.9143,5.95,18
-48.6577,-26.9141,5.95,18
-48.6582,-26.9147,5.95,18
-48.659,-26.9151,5.95,18
-48.6586,-26.9149,5.95,18
-48.6534,-26.9152,6.09,18
-48.6605,-26.9074,8.765,18
-48.6601,-26.9073,8.765,18
-48.6618,-26.9059,11.943333333333333,18
-48.6618,-26.9063,12.025,18
-48.6592,-26.9069,11.884444444444444,18
-48.6592,-26.9065,11.92125,18
-48.6592,-26.9073,11.29,18
-48.6596,-26.9071,8.765,18
-48.6588,-26.9071,11.59,18
-48.6596,-26.9058,11.92125,18
-48.66,-26.9056,11.92125,18
-48.6596,-26.9062,11.92125,18
-48.6614,-26.9078,11.2,18
-48.661,-26.9076,8.765,18
-48.6618,-26.9071,12.27,18
-48.6614,-26.907,12.025,18
-48.6618,-26.9067,12.025,18
-48.6614,-26.9074,12.823333333333332,18
-48.6601,-26.9077,8.765,18
-48.6597,-26.9075,8.765,18
-48.6622,-26.9052,12.025,18
-48.6626,-26.905,12.27,18
-48.6622,-26.9048,11.943333333333333,18
-48.6622,-26.9057,12.025,18
-48.6626,-26.9042,12.025,18
-48.663,-26.9039,12.025,18
-48.6626,-26.9046,12.025,18
-48.664,-26.9068,10.945,18
-48.6636,-26.9066,10.945,18
-48.6631,-26.906,10.945,18
-48.6622,-26.9061,12.27,18
-48.6631,-26.9064,10.945,18
-48.6565,-26.9054,5.14,18
-48.6569,-26.9047,5.14,18
-48.6574,-26.9045,5.14,18
-48.657,-26.9052,5.14,18
-48.6579,-26.9068,11.59,18
-48.6574,-26.9066,11.59,18
-48.6583,-26.9069,11.59,18
-48.6604,-26.9041,13.56,18
-48.6604,-26.9037,13.56,18
-48.6604,-26.9045,11.92125,18
-48.66,-26.9043,13.56,18
-48.6613,-26.9032,3.91,18
-48.6608,-26.903,11.951666666666666,18
-48.6617,-26.9034,3.91,18
-48.6608,-26.9034,13.56,18
-48.66,-26.9048,11.92125,18
-48.6596,-26.9054,11.92125,18
-48.66,-26.9052,11.92125,18
-48.6636,-26.9083,3.67,18
-48.6636,-26.9079,3.67,18
-48.6641,-26.9085,3.67,18
-48.6645,-26.9074,10.945,18
-48.6649,-26.9072,10.945,18
-48.6644,-26.907,10.945,18
-48.6649,-26.9076,10.945,18
-48.6632,-26.9077,3.67,18
-48.6645,-26.9091,3.67,18
-48.6645,-26.9087,3.67,18
-48.6579,-26.9084,9.4,18
-48.6575,-26.9083,9.4,18
-48.6584,-26.9082,9.4,18
-48.6579,-26.908,9.4,18
-48.6562,-26.909,10.17,18
-48.6558,-26.9088,10.17,18
-48.6571,-26.9081,9.4,18
-48.6566,-26.9079,9.4,18
-48.658,-26.9097,10.17,18
-48.6575,-26.9095,10.17,18
-48.6584,-26.9086,9.4,18
-48.6571,-26.9093,10.17,18
-48.6567,-26.9091,10.17,18
-48.6706,-26.9194,12.01,18
-48.6701,-26.9192,12.01,18
-48.6706,-26.9198,12.01,18
-48.6692,-26.9184,12.01,18
-48.6697,-26.919,12.01,18
-48.6692,-26.9188,12.01,18
-48.671,-26.9195,12.01,18
-48.6715,-26.9201,12.01,18
-48.671,-26.92,12.01,18
-48.6679,-26.9174,12.01,18
-48.6674,-26.9173,12.01,18
-48.6679,-26.9179,12.01,18
-48.6674,-26.9177,12.01,18
-48.667,-26.9171,12.01,18
-48.6665,-26.9169,12.01,18
-48.6688,-26.9182,12.01,18
-48.6683,-26.918,12.01,18
-48.6688,-26.9186,12.01,18
-48.6739,-26.9162,7.2,18
-48.6773,-26.9122,10.613333333333333,18
-48.6773,-26.9127,10.24,18
-48.6773,-26.9135,9.98,18
-48.6773,-26.9131,9.98,18
-48.6774,-26.9139,9.98,18
-48.6699,-26.9125,8.61,18
-48.6699,-26.9129,8.61,18
-48.6725,-26.9119,7.77,18
-48.6725,-26.9123,7.77,18
-48.6725,-26.9111,7.77,18
-48.672,-26.9109,7.77,18
-48.6724,-26.9107,7.77,18
-48.6725,-26.9115,7.77,18
-48.6766,-26.916,7.2,18
-48.6757,-26.9161,7.2,18
-48.6761,-26.9159,7.2,18
-48.677,-26.9158,7.2,18
-48.6748,-26.9162,7.2,18
-48.6752,-26.9159,7.2,18
-48.6744,-26.916,7.2,18
-48.6696,-26.9165,4.35,18
-48.6696,-26.9169,4.35,18
-48.6696,-26.9157,4.35,18
-48.6696,-26.9161,4.35,18
-48.6696,-26.9173,4.35,18
-48.6544,-26.9189,18.66,18
-48.6544,-26.9193,18.66,18
-48.6539,-26.9191,18.66,18
-48.6548,-26.9178,18.66,18
-48.6544,-26.9185,18.66,18
-48.6548,-26.9183,18.66,18
-48.654,-26.92,18.66,18
-48.654,-26.9196,18.66,18
-48.6535,-26.9202,11.85,18
-48.6532,-26.9217,17.115,18
-48.7274,-26.8578,25.81,18
-48.7274,-26.8582,25.81,18
-48.7275,-26.8591,25.81,18
-48.7279,-26.8588,21.161666666666665,18
-48.7274,-26.8586,25.81,18
-48.7279,-26.8592,21.161666666666665,18
-48.7278,-26.8572,13.8075,18
-48.7274,-26.857,20.475555555555555,18
-48.7278,-26.8567,13.8075,18
-48.7278,-26.8576,6.965,18
-48.7274,-26.8574,20.475555555555555,18
-48.7279,-26.858,6.965,18
-48.7279,-26.8584,21.161666666666665,18
-48.7269,-26.8551,25.81,18
-48.7273,-26.8549,13.8075,18
-48.7269,-26.8547,25.81,18
-48.7269,-26.8555,25.81,18
-48.7273,-26.8553,13.8075,18
-48.7269,-26.8568,16.01,18
-48.727,-26.8572,16.01,18
-48.7274,-26.8561,21.03375,18
-48.7269,-26.856,25.81,18
-48.7273,-26.8557,21.03375,18
-48.7274,-26.8566,20.475555555555555,18
-48.7269,-26.8564,25.81,18
-48.7271,-26.861,3.73,18
-48.7266,-26.8608,3.73,18
-48.7275,-26.8611,3.73,18
-48.7267,-26.8612,3.73,18
-48.7262,-26.861,3.73,18
-48.7279,-26.8601,21.161666666666665,18
-48.7284,-26.8598,6.965,18
-48.7279,-26.8597,21.161666666666665,18
-48.7279,-26.8605,28.26,18
-48.7284,-26.8603,6.965,18
-48.7284,-26.8611,21.161666666666665,18
-48.728,-26.8609,23.354,18
-48.7284,-26.8607,21.161666666666665,18
-48.7284,-26.8615,21.161666666666665,18
-48.7288,-26.8613,6.965,18
-48.7273,-26.854,13.8075,18
-48.7273,-26.8545,13.8075,18
-48.7258,-26.8502,13.8075,18
-48.7254,-26.85,28.26,18
-48.7258,-26.8497,13.8075,18
-48.7259,-26.8506,21.03375,18
-48.7254,-26.8504,28.26,18
-48.7254,-26.8491,13.8075,18
-48.7249,-26.849,21.03375,18
-48.7254,-26.8496,21.03375,18
-48.7249,-26.8494,28.26,18
-48.7263,-26.8512,21.03375,18
-48.7259,-26.851,28.26,18
-48.7263,-26.8508,13.8075,18
-48.7263,-26.8516,21.03375,18
-48.7259,-26.8514,28.26,18
-48.7236,-26.848,22.93857142857143,18
-48.724,-26.8478,15.843333333333334,18
-48.7231,-26.8478,28.26,18
-48.724,-26.8482,21.03375,18
-48.7245,-26.8488,21.03375,18
-48.724,-26.8486,28.26,18
-48.7245,-26.8492,28.26,18
-48.7264,-26.8528,28.26,18
-48.7264,-26.8533,28.26,18
-48.7268,-26.8522,13.8075,18
-48.7263,-26.852,28.26,18
-48.7268,-26.8518,13.8075,18
-48.7268,-26.8526,21.03375,18
-48.7264,-26.8524,28.26,18
-48.7264,-26.8541,16.01,18
-48.7268,-26.8539,28.26,18
-48.7264,-26.8537,28.26,18
-48.7264,-26.8545,16.01,18
-48.7269,-26.8543,25.81,18
-48.7273,-26.8532,13.8075,18
-48.7268,-26.853,21.03375,18
-48.7272,-26.8528,13.8075,18
-48.7273,-26.8536,13.8075,18
-48.7268,-26.8534,28.26,18
-48.7299,-26.8658,28.26,18
-48.7299,-26.8662,28.26,18
-48.7298,-26.865,21.161666666666665,18
-48.7303,-26.8656,6.965,18
-48.7299,-26.8654,21.161666666666665,18
-48.7294,-26.8648,28.26,18
-48.7294,-26.8652,28.26,18
-48.7299,-26.8671,28.26,18
-48.7304,-26.8668,6.965,18
-48.7299,-26.8666,28.26,18
-48.7299,-26.8675,28.26,18
-48.7304,-26.8672,6.965,18
-48.7303,-26.866,6.965,18
-48.7303,-26.8664,6.965,18
-48.7293,-26.8631,6.965,18
-48.7289,-26.8629,21.161666666666665,18
-48.7293,-26.8627,6.965,18
-48.7294,-26.8635,21.161666666666665,18
-48.7289,-26.8634,28.26,18
-48.7289,-26.8621,21.161666666666665,18
-48.7284,-26.8619,28.26,18
-48.7289,-26.8617,6.965,18
-48.7289,-26.8625,21.161666666666665,18
-48.7284,-26.8623,28.26,18
-48.7298,-26.8641,6.965,18
-48.7294,-26.864,21.161666666666665,18
-48.7298,-26.8646,6.965,18
-48.7294,-26.8644,21.161666666666665,18
-48.7289,-26.8638,28.26,18
-48.73,-26.8687,28.26,18
-48.7296,-26.8694,28.26,18
-48.73,-26.8692,28.26,18
-48.7304,-26.8681,6.965,18
-48.73,-26.8679,28.26,18
-48.7304,-26.8677,6.965,18
-48.7304,-26.8685,6.965,18
-48.73,-26.8683,28.26,18
-48.7296,-26.8698,28.26,18
-48.73,-26.8696,21.161666666666665,18
-48.7296,-26.8702,28.26,18
-48.7304,-26.8689,6.965,18
-48.7304,-26.8693,6.965,18
-48.7414,-26.8565,15.79,18
-48.7409,-26.8563,15.79,18
-48.7414,-26.8569,15.79,18
-48.7409,-26.8567,15.79,18
-48.7405,-26.8561,15.79,18
-48.74,-26.856,15.79,18
-48.7418,-26.8571,15.79,18
-48.7387,-26.8542,15.79,18
-48.7391,-26.8548,15.79,18
-48.7387,-26.8546,15.79,18
-48.7382,-26.854,15.79,18
-48.7378,-26.8538,15.79,18
-48.7396,-26.8554,15.79,18
-48.7391,-26.8552,15.79,18
-48.74,-26.8555,15.79,18
-48.7245,-26.8484,13.8075,18
-48.7195,-26.8447,28.26,18
-48.72,-26.8449,28.26,18
-48.7204,-26.8455,28.26,18
-48.7204,-26.8451,28.26,18
-48.7213,-26.8458,28.26,18
-48.7209,-26.8457,28.26,18
-48.7213,-26.8463,28.26,18
-48.7231,-26.8474,28.26,18
-48.7227,-26.8472,28.26,18
-48.7222,-26.8466,28.26,18
-48.7218,-26.8464,28.26,18
-48.7222,-26.847,28.26,18
-48.726,-26.879,26.156666666666666,18
-48.7256,-26.8797,26.156666666666666,18
-48.726,-26.8795,26.156666666666666,18
-48.7264,-26.8784,26.156666666666666,18
-48.7264,-26.878,26.156666666666666,18
-48.726,-26.8786,26.156666666666666,18
-48.7256,-26.8801,26.156666666666666,18
-48.7224,-26.878,17.66,18
-48.7229,-26.8778,17.66,18
-48.722,-26.8778,17.66,18
-48.722,-26.8782,17.66,18
-48.7233,-26.8771,17.66,18
-48.7237,-26.8769,17.66,18
-48.7233,-26.8775,17.66,18
-48.7237,-26.8773,17.66,18
-48.7268,-26.8765,26.156666666666666,18
-48.7272,-26.8762,26.156666666666666,18
-48.7268,-26.8769,26.156666666666666,18
-48.7276,-26.8756,26.156666666666666,18
-48.7272,-26.8754,26.156666666666666,18
-48.7276,-26.8752,26.156666666666666,18
-48.7272,-26.8758,26.156666666666666,18
-48.725,-26.8762,17.66,18
-48.7258,-26.8753,17.66,18
-48.7268,-26.8773,26.156666666666666,18
-48.7264,-26.8775,26.156666666666666,18
-48.7251,-26.8803,26.156666666666666,18
-48.7248,-26.8818,26.156666666666666,18
-48.7243,-26.8825,26.156666666666666,18
-48.7248,-26.8822,26.156666666666666,18
-48.7252,-26.8812,26.156666666666666,18
-48.7252,-26.8808,26.156666666666666,18
-48.7247,-26.8814,26.156666666666666,18
-48.7292,-26.8717,28.26,18
-48.7288,-26.8715,28.26,18
-48.7288,-26.872,28.26,18
-48.7292,-26.8709,28.26,18
-48.7296,-26.8706,28.26,18
-48.7292,-26.8713,28.26,18
-48.7284,-26.8726,28.26,18
-48.7288,-26.8724,28.26,18
-48.7284,-26.873,28.26,18
-48.728,-26.8745,26.156666666666666,18
-48.7211,-26.8783,17.66,18
-48.7216,-26.8781,17.66,18
-48.7203,-26.8788,17.66,18
-48.7207,-26.8785,17.66,18
-48.7198,-26.8786,17.66,18
-48.7203,-26.8783,17.66,18
-48.7245,-26.876,17.66,18
-48.7241,-26.8766,17.66,18
-48.7246,-26.8764,17.66,18
-48.7254,-26.8751,17.66,18
-48.725,-26.8757,17.66,18
-48.7254,-26.8755,17.66,18
-48.7266,-26.8736,17.66,18
-48.7271,-26.8733,17.66,18
-48.7267,-26.874,17.66,18
-48.7276,-26.8747,26.156666666666666,18
-48.728,-26.8737,26.156666666666666,18
-48.7284,-26.8734,28.26,18
-48.728,-26.8741,26.156666666666666,18
-48.7262,-26.8742,17.66,18
-48.7258,-26.8749,17.66,18
-48.7262,-26.8746,17.66,18
-48.724,-26.884,26.156666666666666,18
-48.7239,-26.8836,26.156666666666666,18
-48.724,-26.8844,26.156666666666666,18
-48.7235,-26.8842,26.156666666666666,18
-48.7244,-26.8829,26.156666666666666,18
-48.7244,-26.8833,26.156666666666666,18
-48.7235,-26.8846,26.156666666666666,18
-48.7231,-26.8853,26.156666666666666,18
-48.7236,-26.885,26.156666666666666,18
-48.7223,-26.8874,26.156666666666666,18
-48.7219,-26.8881,26.156666666666666,18
-48.7223,-26.8878,26.156666666666666,18
-48.7215,-26.8896,26.156666666666666,18
-48.7215,-26.8892,26.156666666666666,18
-48.7215,-26.89,26.156666666666666,18
-48.7219,-26.8885,26.156666666666666,18
-48.7224,-26.8883,26.156666666666666,18
-48.7219,-26.8889,26.156666666666666,18
-48.7227,-26.8868,26.156666666666666,18
-48.7227,-26.8864,26.156666666666666,18
-48.7228,-26.8872,26.156666666666666,18
-48.7231,-26.8857,26.156666666666666,18
-48.7232,-26.8861,26.156666666666666,18
-48.7001,-26.8759,11.96,18
-48.7001,-26.8754,11.96,18
-48.7001,-26.8763,11.96,18
-48.7001,-26.8775,11.96,18
-48.7002,-26.8779,11.96,18
-48.7001,-26.8767,11.96,18
-48.7001,-26.8771,11.96,18
-48.7,-26.8734,11.96,18
-48.7,-26.8746,11.96,18
-48.7001,-26.875,11.96,18
-48.7,-26.8738,11.96,18
-48.7,-26.8742,11.96,18
-48.7002,-26.8788,11.96,18
-48.7002,-26.8784,11.96,18
-48.7002,-26.8792,11.96,18
-48.7002,-26.8796,11.96,18
-48.7002,-26.88,11.96,18
-48.6945,-26.8785,6.705,18
-48.6548,-26.9047,2.638333333333333,18
-48.6543,-26.9053,2.638333333333333,18
-48.6548,-26.9051,2.638333333333333,18
-48.6544,-26.9057,2.638333333333333,18
-48.6552,-26.9044,2.638333333333333,18
-48.6556,-26.9042,2.128,18
-48.6544,-26.9074,7.223333333333334,18
-48.6548,-26.9072,7.18,18
-48.654,-26.9072,7.18,18
-48.6544,-26.907,7.31,18
-48.6544,-26.9078,7.31,18
-48.6549,-26.9076,7.18,18
-48.6548,-26.9063,7.31,18
-48.6544,-26.9062,7.31,18
-48.6539,-26.906,2.638333333333333,18
-48.6544,-26.9066,7.31,18
-48.6544,-26.9082,7.31,18
-48.6549,-26.9088,10.17,18
-48.6553,-26.9086,10.17,18
-48.6545,-26.9087,8.74,18
-48.6557,-26.9075,7.18,18
-48.6553,-26.9073,7.18,18
-48.6562,-26.9077,7.18,18
-48.6553,-26.9078,7.18,18
-48.654,-26.9085,8.74,18
-48.6863,-26.9464,26.296666666666667,18
-48.6868,-26.9461,26.296666666666667,18
-48.6859,-26.9466,26.296666666666667,18
-48.6872,-26.9459,26.296666666666667,18
-48.6876,-26.9457,26.296666666666667,18
-48.6851,-26.9471,26.296666666666667,18
-48.6855,-26.9469,26.296666666666667,18
-48.6893,-26.9447,26.296666666666667,18
-48.6898,-26.9445,26.296666666666667,18
-48.6889,-26.945,26.296666666666667,18
-48.6902,-26.9443,26.296666666666667,18
-48.6906,-26.944,26.296666666666667,18
-48.6881,-26.9454,26.296666666666667,18
-48.6885,-26.9452,26.296666666666667,18
-48.6947,-26.9354,4.77,18
-48.6951,-26.9352,4.77,18
-48.6956,-26.9349,4.77,18
-48.6938,-26.9355,4.77,18
-48.6943,-26.9356,4.77,18
-48.6957,-26.9395,24.665,18
-48.6961,-26.9393,24.665,18
-48.6953,-26.9398,24.665,18
-48.6966,-26.9386,24.665,18
-48.697,-26.9384,24.665,18
-48.6961,-26.9389,24.665,18
-48.6923,-26.9431,26.296666666666667,18
-48.6923,-26.9427,24.665,18
-48.6919,-26.9433,26.296666666666667,18
-48.6932,-26.9422,24.665,18
-48.6936,-26.9419,24.665,18
-48.6932,-26.9418,24.665,18
-48.6928,-26.9424,24.665,18
-48.6911,-26.9438,26.296666666666667,18
-48.6915,-26.9435,26.296666666666667,18
-48.694,-26.9413,24.665,18
-48.6945,-26.9411,24.665,18
-48.6936,-26.9415,24.665,18
-48.6949,-26.9404,24.665,18
-48.6953,-26.9402,24.665,18
-48.6944,-26.9406,24.665,18
-48.6808,-26.9495,26.296666666666667,18
-48.6803,-26.9501,26.296666666666667,18
-48.6808,-26.9499,26.296666666666667,18
-48.6812,-26.9492,26.296666666666667,18
-48.6816,-26.949,26.296666666666667,18
-48.6804,-26.9505,26.296666666666667,18
-48.6799,-26.9508,34.7075,18
-48.6833,-26.948,26.296666666666667,18
-48.6838,-26.9478,26.296666666666667,18
-48.6829,-26.9483,26.296666666666667,18
-48.6842,-26.9476,26.296666666666667,18
-48.6846,-26.9473,26.296666666666667,18
-48.682,-26.9487,26.296666666666667,18
-48.6825,-26.9485,26.296666666666667,18
-48.6795,-26.9522,34.7075,18
-48.6796,-26.9527,34.7075,18
-48.68,-26.9516,34.7075,18
-48.6795,-26.9514,26.296666666666667,18
-48.6799,-26.9512,34.7075,18
-48.6795,-26.9518,34.7075,18
-48.6796,-26.9535,34.7075,18
-48.6791,-26.9533,26.296666666666667,18
-48.6796,-26.9531,34.7075,18
-48.6796,-26.9539,34.7075,18
-48.6792,-26.9537,26.296666666666667,18
-48.7041,-26.9306,24.665,18
-48.7046,-26.9304,24.665,18
-48.7042,-26.931,24.665,18
-48.705,-26.9297,24.665,18
-48.705,-26.9293,24.665,18
-48.7046,-26.93,24.665,18
-48.7037,-26.9313,24.665,18
-48.7033,-26.9319,24.665,18
-48.7037,-26.9317,24.665,18
-48.7054,-26.9287,24.665,18
-48.7029,-26.9338,11.16,18
-48.7025,-26.9336,11.16,18
-48.7047,-26.935,11.16,18
-48.7043,-26.9348,11.16,18
-48.7034,-26.9344,11.16,18
-48.7038,-26.9342,11.16,18
-48.7034,-26.934,11.16,18
-48.7038,-26.9346,11.16,18
-48.6953,-26.9287,9.68,18
-48.6941,-26.9294,9.68,18
-48.6936,-26.93,9.68,18
-48.6941,-26.9298,9.68,18
-48.6945,-26.9287,3.96,18
-48.6949,-26.9285,9.68,18
-48.694,-26.9285,3.96,18
-48.6945,-26.9283,3.96,18
-48.6945,-26.9291,9.68,18
-48.6949,-26.9289,6.82,18
-48.6962,-26.9278,9.68,18
-48.697,-26.9269,9.68,18
-48.6975,-26.9267,9.68,18
-48.7016,-26.9333,24.665,18
-48.702,-26.9331,24.665,18
-48.7016,-26.9337,21.964,18
-48.7021,-26.9335,21.964,18
-48.7029,-26.9322,24.665,18
-48.7025,-26.9328,24.665,18
-48.7029,-26.9326,24.665,18
-48.7074,-26.9229,24.665,18
-48.7074,-26.9233,24.665,18
-48.7078,-26.9222,24.665,18
-48.7082,-26.922,24.665,18
-48.7078,-26.9226,24.665,18
-48.707,-26.924,24.665,18
-48.7074,-26.9237,24.665,18
-48.707,-26.9244,24.665,18
-48.7078,-26.9231,24.665,18
-48.705,-26.9289,24.665,18
-48.7054,-26.9278,24.665,18
-48.7058,-26.9276,24.665,18
-48.7054,-26.9282,24.665,18
-48.7058,-26.928,24.665,18
-48.7066,-26.9259,24.665,18
-48.7062,-26.9261,24.665,18
-48.7066,-26.925,24.665,18
-48.707,-26.9248,24.665,18
-48.7066,-26.9254,24.665,18
-48.7062,-26.9269,24.665,18
-48.7062,-26.9265,24.665,18
-48.7058,-26.9272,24.665,18
-48.7052,-26.9352,11.16,18
-48.6982,-26.9368,24.665,18
-48.6987,-26.9366,24.665,18
-48.6983,-26.9373,24.665,18
-48.6987,-26.937,6.19,18
-48.6978,-26.9371,24.665,18
-48.6991,-26.936,24.665,18
-48.6995,-26.9357,16.747142857142858,18
-48.6991,-26.9364,16.747142857142858,18
-48.6995,-26.9361,6.19,18
-48.6991,-26.9368,6.19,18
-48.6974,-26.9377,24.665,18
-48.6978,-26.9375,24.665,18
-48.6974,-26.9382,24.665,18
-48.697,-26.938,24.665,18
-48.7021,-26.9339,11.16,18
-48.6999,-26.9351,24.665,18
-48.7004,-26.9348,24.665,18
-48.6999,-26.9355,16.747142857142858,18
-48.7008,-26.9342,24.665,18
-48.7012,-26.9339,24.665,18
-48.7008,-26.9346,24.665,18
-48.7012,-26.9344,24.665,18
-48.6825,-26.9625,37.35333333333333,18
-48.6821,-26.9623,37.35333333333333,18
-48.6825,-26.9621,59.94,18
-48.6825,-26.9629,37.35333333333333,18
-48.683,-26.9635,37.35333333333333,18
-48.683,-26.9631,37.35333333333333,18
-48.683,-26.9639,43.995,18
-48.6834,-26.9637,59.94,18
-48.6839,-26.9656,59.94,18
-48.6835,-26.9654,43.995,18
-48.6839,-26.9651,59.94,18
-48.684,-26.966,43.995,18
-48.6835,-26.9658,43.995,18
-48.6835,-26.9645,43.995,18
-48.683,-26.9644,28.05,18
-48.6835,-26.9641,43.995,18
-48.6835,-26.965,43.995,18
-48.684,-26.9664,43.995,18
-48.684,-26.9668,43.995,18
-48.6835,-26.9662,28.05,18
-48.6835,-26.9666,28.05,18
-48.6812,-26.9611,26.06,18
-48.6811,-26.9603,59.94,18
-48.6816,-26.9609,59.94,18
-48.6811,-26.9607,37.35333333333333,18
-48.6807,-26.9601,37.35333333333333,18
-48.6807,-26.9605,26.06,18
-48.682,-26.9615,59.94,18
-48.6816,-26.9613,37.35333333333333,18
-48.6821,-26.9619,37.35333333333333,18
-48.6816,-26.9617,26.06,18
-48.6796,-26.9552,37.35333333333333,18
-48.6797,-26.9556,37.35333333333333,18
-48.6796,-26.9543,34.7075,18
-48.6796,-26.9547,37.35333333333333,18
-48.6797,-26.9564,37.35333333333333,18
-48.6801,-26.9562,59.94,18
-48.6797,-26.956,37.35333333333333,18
-48.6797,-26.9568,37.35333333333333,18
-48.6801,-26.9566,59.94,18
-48.6802,-26.9583,37.35333333333333,18
-48.6802,-26.9587,37.35333333333333,18
-48.6797,-26.9581,26.06,18
-48.6798,-26.9585,26.06,18
-48.6802,-26.9574,59.94,18
-48.6797,-26.9573,37.35333333333333,18
-48.6801,-26.957,59.94,18
-48.6802,-26.9578,37.35333333333333,18
-48.6797,-26.9577,26.06,18
-48.6807,-26.9593,59.94,18
-48.6807,-26.9597,37.35333333333333,18
-48.6802,-26.9591,37.35333333333333,18
-48.6802,-26.9595,37.35333333333333,18
-48.6836,-26.9683,43.995,18
-48.6836,-26.9687,43.995,18
-48.6836,-26.9675,43.995,18
-48.684,-26.9672,59.94,18
-48.6836,-26.967,43.995,18
-48.6836,-26.9679,43.995,18
-48.684,-26.9676,59.94,18
-48.6832,-26.9694,28.05,18
-48.6836,-26.9691,43.995,18
-48.6832,-26.9698,43.995,18
-48.6836,-26.9695,43.995,18
-48.6833,-26.971,43.995,18
-48.6832,-26.9702,43.995,18
-48.6837,-26.97,59.94,18
-48.6832,-26.9706,43.995,18
-48.7179,-26.8988,24.462,18
-48.717,-26.8988,5.8275,18
-48.7175,-26.8986,17.38875,18
-48.717,-26.8993,6.51,18
-48.7175,-26.899,17.38875,18
-48.7179,-26.898,24.462,18
-48.7183,-26.8977,24.462,18
-48.7174,-26.8978,5.6,18
-48.7179,-26.8984,24.462,18
-48.7174,-26.8982,5.6,18
-48.7171,-26.8997,21.47,18
-48.7175,-26.8994,24.462,18
-48.7171,-26.9001,24.462,18
-48.7187,-26.8958,21.186666666666667,18
-48.7178,-26.8959,5.0175,18
-48.7183,-26.8965,4.81,18
-48.7187,-26.8962,21.186666666666667,18
-48.7178,-26.8963,5.0175,18
-48.7191,-26.8952,24.462,18
-48.7195,-26.8949,24.462,18
-48.7191,-26.8947,24.462,18
-48.7191,-26.8956,18.361428571428572,18
-48.7187,-26.8954,1.41,18
-48.7174,-26.8961,5.0175,18
-48.7178,-26.895,3.865,18
-48.7173,-26.8949,4.95,18
-48.7178,-26.8946,4.95,18
-48.7178,-26.8955,4.55,18
-48.7182,-26.8952,1.41,18
-48.7183,-26.8969,21.186666666666667,18
-48.7187,-26.8967,21.186666666666667,18
-48.7183,-26.8973,21.186666666666667,18
-48.7174,-26.8969,5.0175,18
-48.7174,-26.8965,5.0175,18
-48.7174,-26.8974,5.0175,18
-48.7167,-26.9016,24.462,18
-48.7154,-26.901,10.755,18
-48.7149,-26.9009,10.755,18
-48.7166,-26.8995,6.51,18
-48.7166,-26.8999,6.51,18
-48.714,-26.9009,10.755,18
-48.7136,-26.9007,10.755,18
-48.7158,-26.9016,10.69,18
-48.7162,-26.9014,22.166666666666668,18
-48.7158,-26.9012,10.755,18
-48.7158,-26.9021,10.69,18
-48.7163,-26.9018,24.462,18
-48.7167,-26.9008,24.462,18
-48.7171,-26.9005,24.462,18
-48.7162,-26.9006,6.51,18
-48.7166,-26.9003,6.51,18
-48.7167,-26.9012,24.462,18
-48.7162,-26.901,9.6775,18
-48.7145,-26.9011,10.755,18
-48.7207,-26.8913,26.156666666666666,18
-48.7211,-26.8911,26.156666666666666,18
-48.7207,-26.8917,26.156666666666666,18
-48.7211,-26.8902,26.156666666666666,18
-48.7211,-26.8906,26.156666666666666,18
-48.7203,-26.8924,24.462,18
-48.7207,-26.8921,26.156666666666666,18
-48.7203,-26.8919,26.156666666666666,18
-48.7203,-26.8928,24.462,18
-48.7195,-26.8941,24.462,18
-48.7199,-26.8939,24.462,18
-48.7195,-26.8945,24.462,18
-48.7516,-26.887,35.385,18
-48.7511,-26.8869,35.385,18
-48.7503,-26.8869,35.385,18
-48.7498,-26.8867,35.385,18
-48.752,-26.8876,35.385,18
-48.7525,-26.8874,35.385,18
-48.7516,-26.8875,35.385,18
-48.752,-26.8872,35.385,18
-48.7511,-26.8873,35.385,18
-48.7507,-26.8871,35.385,18
-48.7463,-26.8861,35.385,18
-48.7467,-26.8863,35.385,18
-48.7459,-26.8863,35.385,18
-48.745,-26.886,35.385,18
-48.7454,-26.8862,35.385,18
-48.7446,-26.8862,35.385,18
-48.7489,-26.8864,35.385,18
-48.7485,-26.8862,35.385,18
-48.7494,-26.8865,35.385,18
-48.7476,-26.8862,35.385,18
-48.7472,-26.8861,35.385,18
-48.7481,-26.8864,35.385,18
-48.7398,-26.8863,35.385,18
-48.7402,-26.8861,35.385,18
-48.738,-26.8868,35.385,18
-48.7389,-26.8864,35.385,18
-48.7393,-26.8861,35.385,18
-48.7393,-26.8866,35.385,18
-48.7385,-26.8866,35.385,18
-48.7424,-26.8862,35.385,18
-48.7428,-26.8859,35.385,18
-48.7419,-26.886,35.385,18
-48.7411,-26.886,35.385,18
-48.7415,-26.8858,35.385,18
-48.7406,-26.8858,35.385,18
-48.7437,-26.8863,35.385,18
-48.7441,-26.886,35.385,18
-48.7432,-26.8861,35.385,18
-48.7415,-26.8862,35.385,18
-48.7461,-26.8803,10.72,18
-48.7461,-26.8798,10.72,18
-48.7461,-26.8807,10.72,18
-48.7462,-26.8819,10.72,18
-48.7461,-26.8811,10.72,18
-48.7461,-26.8815,10.72,18
-48.7461,-26.879,10.72,18
-48.7461,-26.8794,10.72,18
-48.746,-26.8782,10.72,18
-48.746,-26.8786,10.72,18
-48.7533,-26.8878,35.385,18
-48.7529,-26.8876,35.385,18
-48.6406,-26.9507,2.84,18
-48.6406,-26.9511,2.84,18
-48.6406,-26.9516,2.84,18
-48.6402,-26.9514,2.84,18
-48.6402,-26.9518,2.84,18
-48.6463,-26.9272,13.41,18
-48.6468,-26.9265,13.41,18
-48.6472,-26.9263,13.41,18
-48.6459,-26.9278,13.41,18
-48.6464,-26.9276,13.41,18
-48.6459,-26.9282,13.41,18
-48.6468,-26.9269,13.41,18
-48.6472,-26.9267,13.41,18
-48.6505,-26.9198,11.87,18
-48.6517,-26.9187,11.87,18
-48.6522,-26.9184,11.87,18
-48.6522,-26.9193,5.04,18
-48.6518,-26.9191,5.04,18
-48.653,-26.9179,11.87,18
-48.6526,-26.9178,11.87,18
-48.653,-26.9175,11.87,18
-48.6526,-26.9182,11.87,18
-48.6509,-26.9191,11.87,18
-48.6513,-26.9189,8.455,18
-48.6527,-26.9199,5.04,18
-48.6522,-26.9197,5.04,18
-48.6526,-26.9194,5.04,18
-48.6531,-26.92,5.04,18
-48.6509,-26.9195,11.87,18
-48.6513,-26.9193,11.87,18
-48.6518,-26.9216,6.29,18
-48.6523,-26.9213,6.29,18
-48.6527,-26.9219,17.115,18
-48.6531,-26.9209,6.29,18
-48.6536,-26.9206,11.39,18
-48.6531,-26.9205,5.04,18
-48.6531,-26.9213,17.115,18
-48.6536,-26.9211,17.115,18
-48.6527,-26.9211,6.29,18
-48.6514,-26.9218,6.29,18
-48.6455,-26.9285,13.41,18
-48.6485,-26.9256,13.41,18
-48.6502,-26.9246,15.57,18
-48.6476,-26.926,13.41,18
-48.6481,-26.9258,13.41,18
-48.6519,-26.9237,17.115,18
-48.6523,-26.9234,17.115,18
-48.6515,-26.9239,17.115,18
-48.6528,-26.9228,17.115,18
-48.6527,-26.9224,17.115,18
-48.6523,-26.923,17.115,18
-48.6519,-26.9245,4.86,18
-48.6524,-26.9251,4.86,18
-48.652,-26.9249,4.86,18
-48.6515,-26.9243,4.86,18
-48.6506,-26.9244,15.57,18
-48.6511,-26.9241,13.03,18
-48.6861,-26.9018,7.44,8
-48.6874,-26.9007,8.91,8
-48.6869,-26.9005,8.91,8
-48.687,-26.901,8.91,8
-48.6874,-26.8999,8.91,8
-48.6878,-26.8997,8.91,8
-48.6873,-26.8995,8.91,8
-48.6874,-26.9003,8.91,8
-48.6883,-26.9023,6.566666666666666,8
-48.6887,-26.9021,6.566666666666666,8
-48.6879,-26.9022,6.566666666666666,8
-48.687,-26.9018,8.91,8
-48.687,-26.9014,8.91,8
-48.687,-26.9022,5.9816666666666665,8
-48.6874,-26.902,6.566666666666666,8
-48.6866,-26.902,7.44,8
-48.6817,-26.9009,11.895,8
-48.6826,-26.9008,9.1475,8
-48.683,-26.9006,9.1475,8
-48.6821,-26.9006,11.895,8
-48.6808,-26.9009,11.895,8
-48.6804,-26.9007,11.895,8
-48.6813,-26.9007,11.895,8
-48.6852,-26.9011,9.1475,8
-48.6848,-26.9009,9.1475,8
-48.6839,-26.9005,9.1475,8
-48.6839,-26.9009,9.1475,8
-48.6843,-26.9007,9.1475,8
-48.6835,-26.9008,9.1475,8
-48.6866,-26.9037,3.64,8
-48.687,-26.9035,3.64,8
-48.6866,-26.9033,3.64,8
-48.687,-26.9026,3.64,8
-48.687,-26.903,3.64,8
-48.6878,-26.8992,8.91,8
-48.6734,-26.8995,7.21,8
-48.6729,-26.8993,7.21,8
-48.6725,-26.8992,7.21,8
-48.6738,-26.8984,10.64,8
-48.6742,-26.899,8.76,8
-48.6738,-26.8989,8.76,8
-48.676,-26.9002,8.76,8
-48.6756,-26.9,8.76,8
-48.6747,-26.8996,8.76,8
-48.6751,-26.8994,8.76,8
-48.6747,-26.8992,8.76,8
-48.6751,-26.8998,8.76,8
-48.6775,-26.9045,7.72,8
-48.6775,-26.9049,7.72,8
-48.68,-26.9018,5.65,8
-48.6791,-26.9019,5.65,8
-48.6796,-26.9016,5.65,8
-48.6778,-26.9026,7.72,8
-48.6774,-26.9024,7.72,8
-48.6779,-26.903,7.72,8
-48.6783,-26.9019,5.65,8
-48.6787,-26.9017,5.65,8
-48.6778,-26.9017,5.65,8
-48.6778,-26.9022,7.72,8
-48.6779,-26.9038,7.72,8
-48.6779,-26.9034,7.72,8
-48.6779,-26.9043,7.72,8
-48.6887,-26.9124,5.89,8
-48.6887,-26.9128,5.89,8
-48.6891,-26.9121,5.89,8
-48.6886,-26.9119,5.89,8
-48.6887,-26.9136,5.89,8
-48.6891,-26.9134,5.89,8
-48.6887,-26.9132,5.89,8
-48.6887,-26.914,5.89,8
-48.6891,-26.9125,5.89,8
-48.6891,-26.913,5.89,8
-48.6908,-26.9112,2.69,8
-48.6908,-26.9116,2.69,8
-48.6908,-26.912,2.69,8
-48.6776,-26.9087,6.74,8
-48.6776,-26.9082,6.74,8
-48.6776,-26.9091,5.77,8
-48.6772,-26.9089,4.8,8
-48.6794,-26.9102,11.266666666666666,8
-48.6798,-26.91,11.266666666666666,8
-48.679,-26.91,11.266666666666666,8
-48.6776,-26.9095,6.74,8
-48.6781,-26.9101,11.266666666666666,8
-48.6777,-26.9099,6.74,8
-48.6767,-26.907,5.35,8
-48.6762,-26.9069,5.35,8
-48.6758,-26.9067,5.35,8
-48.6763,-26.909,4.8,8
-48.6767,-26.9087,4.8,8
-48.6759,-26.9088,4.8,8
-48.6776,-26.9074,6.535,8
-48.6771,-26.9072,5.35,8
-48.6776,-26.9078,7.72,8
-48.6754,-26.9086,4.8,8
-48.6793,-26.9056,7.08,8
-48.6784,-26.9057,7.08,8
-48.6788,-26.9054,7.08,8
-48.6797,-26.9054,7.08,8
-48.6775,-26.9057,7.293333333333333,8
-48.6779,-26.9055,7.08,8
-48.6775,-26.9053,7.72,8
-48.6775,-26.9062,7.72,8
-48.6779,-26.9047,7.72,8
-48.6779,-26.9051,7.72,8
-48.6801,-26.9056,7.08,8
-48.6775,-26.9066,7.72,8
-48.6776,-26.907,7.72,8
-48.6773,-26.9114,6.74,8
-48.6773,-26.9118,6.74,8
-48.6785,-26.9103,11.266666666666666,8
-48.6795,-26.9127,10.66,8
-48.6791,-26.9125,10.66,8
-48.6799,-26.9129,10.66,8
-48.6791,-26.913,10.66,8
-48.6782,-26.9126,10.66,8
-48.6786,-26.9128,10.66,8
-48.6778,-26.9128,10.66,8
-48.682,-26.9101,11.266666666666666,8
-48.6825,-26.9098,11.266666666666666,8
-48.6816,-26.9099,11.266666666666666,8
-48.6807,-26.9099,11.266666666666666,8
-48.6812,-26.9101,11.266666666666666,8
-48.6803,-26.9102,11.266666666666666,8
-48.6759,-26.9104,9.18,8
-48.6755,-26.9103,9.18,8
-48.6759,-26.9109,9.18,8
-48.6764,-26.9106,9.18,8
-48.6755,-26.9107,9.18,8
-48.6772,-26.9093,5.77,8
-48.6768,-26.9091,4.8,8
-48.6772,-26.9097,6.74,8
-48.6746,-26.9103,9.18,8
-48.6742,-26.9101,9.18,8
-48.6751,-26.9105,9.18,8
-48.6764,-26.911,9.18,8
-48.6772,-26.9106,6.74,8
-48.6777,-26.9103,10.135,8
-48.6772,-26.9102,10.135,8
-48.6773,-26.911,7.96,8
-48.6768,-26.9108,9.18,8
-48.7005,-26.888,7.125,8
-48.7009,-26.8877,7.125,8
-48.7001,-26.8878,7.125,8
-48.6936,-26.8892,7.86,8
-48.6936,-26.8897,7.86,8
-48.6936,-26.8901,7.86,8
-48.6936,-26.8918,7.86,8
-48.6936,-26.8913,7.86,8
-48.6937,-26.8922,7.86,8
-48.6936,-26.8905,7.86,8
-48.6936,-26.8909,7.86,8
-48.6937,-26.8926,7.86,8
-48.6937,-26.893,7.86,8
-48.7031,-26.8882,8.365,8
-48.7027,-26.888,7.125,8
-48.7018,-26.8881,7.125,8
-48.7022,-26.8879,7.125,8
-48.7014,-26.8879,7.125,8
-48.7164,-26.892,12.19,8
-48.7159,-26.8918,12.19,8
-48.7164,-26.8924,12.19,8
-48.7168,-26.893,12.19,8
-48.7164,-26.8928,12.19,8
-48.7168,-26.8934,12.19,8
-48.7164,-26.8932,12.19,8
-48.7169,-26.8938,12.19,8
-48.7173,-26.8944,12.19,8
-48.7169,-26.8943,12.19,8
-48.7001,-26.9014,11.54,8
-48.6724,-26.8975,10.64,8
-48.672,-26.8973,10.64,8
-48.6729,-26.8977,10.64,8
-48.6733,-26.8983,10.64,8
-48.6729,-26.8981,10.64,8
-48.6729,-26.8989,7.21,8
-48.6725,-26.8987,7.21,8
-48.6716,-26.8984,7.21,8
-48.6716,-26.898,7.21,8
-48.672,-26.8986,7.21,8
-48.6578,-26.9038,11.34,8
-48.6578,-26.9043,11.34,8
-48.6574,-26.9041,11.34,8
-48.6565,-26.9037,6.41,8
-48.6569,-26.9035,6.41,8
-48.656,-26.904,6.41,8
-48.6959,-26.8816,6.53,8
-48.6955,-26.8814,6.53,8
-48.6955,-26.8822,6.53,8
-48.6959,-26.882,6.53,8
-48.6955,-26.8818,6.53,8
-48.6955,-26.8826,6.53,8
-48.6959,-26.8824,6.53,8
-48.696,-26.8832,6.53,8
-48.6955,-26.8831,6.53,8
-48.696,-26.8828,6.53,8
-48.696,-26.8837,6.53,8
-48.6955,-26.8835,6.53,8
-48.6888,-26.9153,5.59,8
-48.6888,-26.9157,5.59,8
-48.6887,-26.9144,5.59,8
-48.6887,-26.9149,5.59,8
-48.6909,-26.9124,2.69,8
-48.6826,-26.9127,10.66,8
-48.6817,-26.9128,10.66,8
-48.6821,-26.9126,10.66,8
-48.6808,-26.9129,10.66,8
-48.6812,-26.9126,10.66,8
-48.6804,-26.9127,10.66,8
-48.6956,-26.9247,15.39,8
-48.6952,-26.9253,15.39,8
-48.6957,-26.9251,15.39,8
-48.6961,-26.924,15.39,8
-48.6965,-26.9238,15.39,8
-48.6961,-26.9244,15.39,8
-48.6977,-26.9222,15.39,8
-48.6977,-26.9218,15.39,8
-48.6973,-26.9225,15.39,8
-48.6981,-26.9212,15.39,8
-48.6982,-26.9216,15.39,8
-48.6969,-26.9231,15.39,8
-48.6973,-26.9229,15.39,8
-48.6969,-26.9235,15.39,8
-48.6952,-26.9257,15.39,8
-48.6948,-26.926,15.39,8
-48.7159,-26.9033,47.56,8
-48.7155,-26.904,47.56,8
-48.7159,-26.9037,47.56,8
-48.7163,-26.9027,47.56,8
-48.7163,-26.9022,47.56,8
-48.7163,-26.9031,47.56,8
-48.7155,-26.9044,47.56,8
-48.7155,-26.9048,47.56,8
-48.7134,-26.9089,47.95,8
-48.7135,-26.9093,47.95,8
-48.7139,-26.9083,47.95,8
-48.7138,-26.9078,47.95,8
-48.7139,-26.9087,47.95,8
-48.7147,-26.9061,47.95,8
-48.7142,-26.9068,47.95,8
-48.7147,-26.9065,47.95,8
-48.7151,-26.9055,47.95,8
-48.7151,-26.905,47.56,8
-48.7151,-26.9059,47.95,8
-48.7146,-26.9057,47.95,8
-48.7143,-26.9072,47.95,8
-48.7143,-26.9076,47.95,8
-48.6942,-26.9093,13.08,8
-48.6938,-26.9091,13.08,8
-48.6938,-26.9095,13.08,8
-48.6938,-26.9099,13.08,8
-48.6938,-26.9104,13.08,8
-48.6939,-26.912,10.39,8
-48.6939,-26.9124,10.39,8
-48.6939,-26.9112,10.39,8
-48.6939,-26.9108,13.08,8
-48.6939,-26.9116,10.39,8
-48.6939,-26.9129,10.39,8
-48.6939,-26.9133,10.39,8
-48.7001,-26.9031,11.54,8
-48.7001,-26.9026,11.54,8
-48.7002,-26.9035,11.54,8
-48.7001,-26.9018,11.54,8
-48.7001,-26.9022,11.54,8
-48.7002,-26.9039,11.54,8
-48.7002,-26.9043,11.54,8
-48.7002,-26.9047,11.54,8
-48.7098,-26.9185,47.95,8
-48.7094,-26.9184,47.95,8
-48.7098,-26.9181,47.95,8
-48.7094,-26.9188,47.95,8
-48.7102,-26.9175,47.95,8
-48.7098,-26.9177,47.95,8
-48.709,-26.9194,47.95,8
-48.7094,-26.9192,47.95,8
-48.709,-26.9199,47.95,8
-48.711,-26.9145,47.95,8
-48.711,-26.9149,47.95,8
-48.7102,-26.9166,47.95,8
-48.7106,-26.9164,47.95,8
-48.7102,-26.9171,47.95,8
-48.7106,-26.9156,47.95,8
-48.711,-26.9153,47.95,8
-48.7106,-26.916,47.95,8
-48.709,-26.9203,47.95,8
-48.7086,-26.9205,47.95,8
-48.7126,-26.911,47.95,8
-48.7131,-26.9108,47.95,8
-48.7126,-26.9106,47.95,8
-48.7127,-26.9115,47.95,8
-48.713,-26.91,47.95,8
-48.7135,-26.9097,47.95,8
-48.7131,-26.9104,47.95,8
-48.7122,-26.9117,47.95,8
-48.7122,-26.9121,47.95,8
-48.7114,-26.9138,47.95,8
-48.7119,-26.9136,47.95,8
-48.7114,-26.9143,47.95,8
-48.7118,-26.9128,47.95,8
-48.7123,-26.9125,47.95,8
-48.7118,-26.9132,47.95,8
-48.6642,-26.9139,9.41,8
-48.6638,-26.9137,9.41,8
-48.6642,-26.9135,9.41,8
-48.6625,-26.914,11.91,8
-48.6621,-26.9138,11.91,8
-48.6625,-26.9144,11.91,8
-48.6629,-26.9142,11.91,8
-48.6633,-26.9131,9.41,8
-48.6629,-26.9129,9.41,8
-48.6638,-26.9133,9.41,8
-48.6643,-26.9151,11.91,8
-48.6638,-26.915,11.91,8
-48.6643,-26.9156,11.91,8
-48.6656,-26.914,3.24,8
-48.6647,-26.9141,9.41,8
-48.6651,-26.9147,5.77,8
-48.6656,-26.9144,3.24,8
-48.6634,-26.9148,11.91,8
-48.663,-26.9146,11.91,8
-48.666,-26.9138,3.24,8
-48.6664,-26.9136,3.24,8
-48.662,-26.9122,9.41,8
-48.6616,-26.9136,11.91,8
-48.6612,-26.9135,11.91,8
-48.6629,-26.9125,9.41,8
-48.6624,-26.9123,9.41,8
-48.6652,-26.9159,11.91,8
-48.6647,-26.9157,11.91,8
-48.6665,-26.9152,8.3,8
-48.6669,-26.9158,8.3,8
-48.6665,-26.9156,8.3,8
-48.666,-26.915,8.3,8
-48.6656,-26.9149,8.3,8
-48.666,-26.9155,8.3,8
-48.6674,-26.9164,8.3,8
-48.6674,-26.916,8.3,8
-48.6661,-26.9163,11.91,8
-48.6656,-26.9161,11.91,8
-48.6661,-26.9167,11.91,8
-48.6656,-26.9165,11.91,8
-48.6693,-26.9077,10.818333333333333,8
-48.6693,-26.9081,10.818333333333333,8
-48.6706,-26.9074,8.82,8
-48.671,-26.9072,8.82,8
-48.6693,-26.9073,10.818333333333333,8
-48.6693,-26.9086,10.818333333333333,8
-48.6693,-26.909,10.818333333333333,8
-48.6732,-26.9073,8.82,8
-48.6736,-26.907,8.82,8
-48.6728,-26.9071,8.82,8
-48.6719,-26.9071,8.82,8
-48.6723,-26.9073,8.82,8
-48.6715,-26.9074,8.82,8
-48.6658,-26.9079,10.56,8
-48.6653,-26.9078,10.56,8
-48.6698,-26.9108,10.818333333333333,8
-48.6694,-26.9106,10.818333333333333,8
-48.6698,-26.9104,10.818333333333333,8
-48.6698,-26.9112,10.818333333333333,8
-48.6694,-26.9111,10.818333333333333,8
-48.6694,-26.9098,10.818333333333333,8
-48.6698,-26.9096,10.818333333333333,8
-48.6693,-26.9094,10.818333333333333,8
-48.6694,-26.9102,10.818333333333333,8
-48.6698,-26.91,10.818333333333333,8
-48.6699,-26.9117,10.818333333333333,8
-48.6699,-26.9121,10.818333333333333,8
-48.6662,-26.9085,10.56,8
-48.6658,-26.9084,10.56,8
-48.6572,-26.9114,8.28,8
-48.6576,-26.9112,8.28,8
-48.6589,-26.9105,6.353333333333333,8
-48.6584,-26.9103,6.353333333333333,8
-48.6589,-26.9109,6.353333333333333,8
-48.6567,-26.9112,10.33,8
-48.6563,-26.9111,10.33,8
-48.6576,-26.9103,8.28,8
-48.6567,-26.9104,10.33,8
-48.6576,-26.9108,8.28,8
-48.6567,-26.9108,10.33,8
-48.6581,-26.913,2.08,8
-48.6577,-26.9128,2.08,8
-48.6572,-26.9122,2.08,8
-48.6572,-26.9127,2.08,8
-48.6581,-26.9134,2.08,8
-48.6614,-26.9061,8.823333333333332,8
-48.6609,-26.9059,8.823333333333332,8
-48.6614,-26.9065,8.823333333333332,8
-48.6618,-26.9063,8.823333333333332,8
-48.6605,-26.9058,8.823333333333332,8
-48.66,-26.9056,8.823333333333332,8
-48.6623,-26.9069,10.4,8
-48.6618,-26.9067,10.4,8
-48.6623,-26.9073,10.4,8
-48.664,-26.9068,10.56,8
-48.6636,-26.9066,10.56,8
-48.6631,-26.906,10.56,8
-48.6631,-26.9064,10.56,8
-48.6587,-26.9046,11.34,8
-48.6582,-26.9044,11.34,8
-48.6596,-26.905,8.823333333333332,8
-48.6591,-26.9048,8.823333333333332,8
-48.6596,-26.9054,8.823333333333332,8
-48.66,-26.9052,8.823333333333332,8
-48.6598,-26.9112,6.353333333333333,8
-48.6593,-26.9111,6.353333333333333,8
-48.6636,-26.9083,10.4,8
-48.6636,-26.9079,10.4,8
-48.6641,-26.9085,10.4,8
-48.6645,-26.9074,10.56,8
-48.6649,-26.9072,10.56,8
-48.6644,-26.907,10.56,8
-48.6649,-26.9076,10.56,8
-48.6627,-26.9071,10.4,8
-48.6632,-26.9077,10.4,8
-48.6627,-26.9075,10.4,8
-48.6645,-26.9091,10.4,8
-48.6645,-26.9087,10.4,8
-48.6579,-26.9084,9.23,8
-48.6571,-26.9085,10.33,8
-48.6575,-26.9083,9.23,8
-48.6571,-26.9089,10.33,8
-48.6584,-26.9082,9.23,8
-48.6579,-26.908,9.23,8
-48.6571,-26.9081,9.78,8
-48.6566,-26.9079,9.23,8
-48.658,-26.9097,6.835,8
-48.6584,-26.9095,8.28,8
-48.658,-26.9093,8.28,8
-48.658,-26.9101,6.835,8
-48.6584,-26.9086,9.23,8
-48.6584,-26.909,8.28,8
-48.6567,-26.9096,10.33,8
-48.6571,-26.9093,10.33,8
-48.6567,-26.91,10.33,8
-48.6665,-26.9169,11.91,8
-48.6773,-26.9122,6.74,8
-48.6773,-26.9127,8.7,8
-48.7279,-26.8588,40.8,8
-48.7279,-26.8592,40.8,8
-48.7278,-26.8572,40.8,8
-48.7274,-26.857,40.8,8
-48.7278,-26.8567,40.8,8
-48.7278,-26.8576,40.8,8
-48.7274,-26.8574,40.8,8
-48.7279,-26.858,40.8,8
-48.7279,-26.8584,40.8,8
-48.7243,-26.8565,13.96,8
-48.7239,-26.8564,13.96,8
-48.7243,-26.857,13.96,8
-48.7243,-26.8574,13.96,8
-48.7273,-26.8549,40.8,8
-48.7269,-26.8547,45.06,8
-48.7273,-26.8553,40.8,8
-48.7274,-26.8561,40.8,8
-48.7273,-26.8557,40.8,8
-48.7274,-26.8566,40.8,8
-48.7279,-26.8601,40.8,8
-48.7284,-26.8598,40.8,8
-48.7279,-26.8597,40.8,8
-48.7284,-26.8603,40.8,8
-48.7284,-26.8611,40.8,8
-48.7284,-26.8607,40.8,8
-48.7284,-26.8615,40.8,8
-48.7288,-26.8613,40.8,8
-48.7273,-26.854,40.8,8
-48.7273,-26.8545,40.8,8
-48.722,-26.8515,13.96,8
-48.722,-26.8519,13.96,8
-48.7224,-26.8512,13.96,8
-48.722,-26.8527,13.96,8
-48.722,-26.8523,13.96,8
-48.722,-26.8531,13.96,8
-48.7258,-26.8502,40.8,8
-48.7254,-26.85,45.06,8
-48.7258,-26.8497,40.8,8
-48.7259,-26.8506,42.93,8
-48.7254,-26.8504,45.06,8
-48.7254,-26.8491,40.8,8
-48.7249,-26.849,42.93,8
-48.7254,-26.8496,42.93,8
-48.7249,-26.8494,45.06,8
-48.7263,-26.8512,42.93,8
-48.7259,-26.851,45.06,8
-48.7263,-26.8508,40.8,8
-48.7263,-26.8516,42.93,8
-48.7259,-26.8514,45.06,8
-48.7236,-26.848,45.06,8
-48.7231,-26.8478,45.06,8
-48.724,-26.8482,42.93,8
-48.7245,-26.8488,42.93,8
-48.724,-26.8486,45.06,8
-48.7245,-26.8492,45.06,8
-48.7229,-26.8547,13.96,8
-48.7229,-26.8543,13.96,8
-48.7234,-26.8549,13.96,8
-48.7225,-26.8537,13.96,8
-48.722,-26.8535,13.96,8
-48.7225,-26.8541,13.96,8
-48.7234,-26.8558,13.96,8
-48.7234,-26.8553,13.96,8
-48.7239,-26.8559,13.96,8
-48.7264,-26.8528,45.06,8
-48.7264,-26.8533,45.06,8
-48.7268,-26.8522,40.8,8
-48.7263,-26.852,45.06,8
-48.7268,-26.8518,40.8,8
-48.7268,-26.8526,42.93,8
-48.7264,-26.8524,45.06,8
-48.7268,-26.8539,45.06,8
-48.7264,-26.8537,45.06,8
-48.7269,-26.8543,45.06,8
-48.7273,-26.8532,40.8,8
-48.7268,-26.853,42.93,8
-48.7272,-26.8528,40.8,8
-48.7273,-26.8536,40.8,8
-48.7268,-26.8534,45.06,8
-48.7298,-26.865,40.8,8
-48.7303,-26.8656,12.23,8
-48.7304,-26.8668,12.23,8
-48.7304,-26.8672,12.23,8
-48.7303,-26.866,12.23,8
-48.7303,-26.8664,12.23,8
-48.7293,-26.8631,40.8,8
-48.7289,-26.8629,40.8,8
-48.7293,-26.8627,40.8,8
-48.7294,-26.8635,40.8,8
-48.7289,-26.8621,40.8,8
-48.7289,-26.8617,40.8,8
-48.7289,-26.8625,40.8,8
-48.7298,-26.8641,40.8,8
-48.7294,-26.864,40.8,8
-48.7298,-26.8646,40.8,8
-48.7294,-26.8644,40.8,8
-48.7304,-26.8681,12.23,8
-48.7304,-26.8677,12.23,8
-48.7304,-26.8685,12.23,8
-48.73,-26.8696,12.23,8
-48.7304,-26.8689,12.23,8
-48.7304,-26.8693,12.23,8
-48.7414,-26.8565,19.5,8
-48.7409,-26.8563,19.5,8
-48.7414,-26.8569,19.5,8
-48.7409,-26.8567,19.5,8
-48.7405,-26.8561,19.5,8
-48.74,-26.856,19.5,8
-48.7423,-26.8573,19.5,8
-48.7418,-26.8571,19.5,8
-48.7387,-26.8542,19.5,8
-48.7391,-26.8548,19.5,8
-48.7387,-26.8546,19.5,8
-48.7382,-26.854,19.5,8
-48.7378,-26.8538,19.5,8
-48.7396,-26.8554,19.5,8
-48.7391,-26.8552,19.5,8
-48.74,-26.8555,19.5,8
-48.7245,-26.8484,40.8,8
-48.7195,-26.8447,45.06,8
-48.72,-26.8449,45.06,8
-48.7204,-26.8455,45.06,8
-48.7204,-26.8451,45.06,8
-48.7213,-26.8458,45.06,8
-48.7209,-26.8457,45.06,8
-48.7213,-26.8463,45.06,8
-48.7231,-26.8474,45.06,8
-48.7227,-26.8472,45.06,8
-48.7222,-26.8466,45.06,8
-48.7218,-26.8464,45.06,8
-48.7222,-26.847,45.06,8
-48.7263,-26.8895,9.03,8
-48.7259,-26.8893,9.03,8
-48.722,-26.8893,8.906666666666666,8
-48.722,-26.8897,8.906666666666666,8
-48.7224,-26.8887,8.906666666666666,8
-48.7224,-26.8883,8.906666666666666,8
-48.7224,-26.8891,8.906666666666666,8
-48.7219,-26.8889,8.906666666666666,8
-48.7228,-26.8872,8.906666666666666,8
-48.7228,-26.8876,8.906666666666666,8
-48.7228,-26.888,8.906666666666666,8
-48.7462,-26.8704,7.18,8
-48.7462,-26.8708,7.18,8
-48.7462,-26.8696,7.18,8
-48.7462,-26.8692,7.18,8
-48.7462,-26.87,7.18,8
-48.744,-26.858,19.5,8
-48.7431,-26.8576,19.5,8
-48.7427,-26.8575,19.5,8
-48.7432,-26.8581,19.5,8
-48.7436,-26.8578,19.5,8
-48.7427,-26.8579,19.5,8
-48.744,-26.8584,19.5,8
-48.7436,-26.8582,19.5,8
-48.7454,-26.8726,22.14,8
-48.7462,-26.8713,7.18,8
-48.7462,-26.8717,7.18,8
-48.7454,-26.8734,22.14,8
-48.7454,-26.873,22.14,8
-48.7454,-26.8738,22.14,8
-48.7463,-26.8725,7.18,8
-48.7463,-26.8721,7.18,8
-48.7455,-26.8751,22.14,8
-48.7455,-26.8755,22.14,8
-48.7455,-26.8742,22.14,8
-48.7455,-26.8747,22.14,8
-48.7455,-26.8763,22.14,8
-48.7455,-26.8759,22.14,8
-48.7455,-26.8767,22.14,8
-48.6548,-26.9047,6.41,8
-48.6543,-26.9053,6.41,8
-48.6548,-26.9051,6.41,8
-48.6544,-26.9057,6.41,8
-48.6552,-26.9044,6.41,8
-48.6556,-26.9042,6.41,8
-48.6544,-26.9074,9.23,8
-48.6548,-26.9072,9.23,8
-48.6549,-26.9076,9.23,8
-48.6539,-26.906,6.41,8
-48.6557,-26.9075,9.23,8
-48.6553,-26.9073,9.23,8
-48.6562,-26.9077,9.23,8
-48.6553,-26.9078,9.23,8
-48.7325,-26.9435,6.26,8
-48.7211,-26.9421,6.86,8
-48.7229,-26.9411,6.86,8
-48.7233,-26.9409,6.86,8
-48.7233,-26.9413,6.86,8
-48.7224,-26.9414,6.86,8
-48.7237,-26.9411,6.86,8
-48.7216,-26.9419,6.86,8
-48.722,-26.9416,6.86,8
-48.7326,-26.9447,6.26,8
-48.7326,-26.9439,6.26,8
-48.7326,-26.9443,6.26,8
-48.7331,-26.9457,6.26,8
-48.733,-26.9449,6.26,8
-48.7331,-26.9453,6.26,8
-48.6952,-26.936,8.59,8
-48.6947,-26.9358,8.59,8
-48.6938,-26.9359,8.59,8
-48.6943,-26.9356,8.59,8
-48.6956,-26.9366,8.59,8
-48.696,-26.9364,8.59,8
-48.6952,-26.9364,8.59,8
-48.6956,-26.9362,8.59,8
-48.6947,-26.9362,8.59,8
-48.6943,-26.9361,8.59,8
-48.7014,-26.9385,11.2,8
-48.7009,-26.9384,11.2,8
-48.7,-26.938,11.2,8
-48.6996,-26.9378,11.2,8
-48.7,-26.9384,11.2,8
-48.7005,-26.9382,11.2,8
-48.6996,-26.9382,11.2,8
-48.7022,-26.9389,11.2,8
-48.7018,-26.9387,11.2,8
-48.7027,-26.9387,11.89,8
-48.7022,-26.9385,11.2,8
-48.6978,-26.9371,8.59,8
-48.6969,-26.9367,8.59,8
-48.6965,-26.9365,8.59,8
-48.6974,-26.9369,8.59,8
-48.6987,-26.9379,11.2,8
-48.6983,-26.9377,11.2,8
-48.6992,-26.938,11.2,8
-48.6978,-26.9375,11.2,8
-48.704,-26.9392,11.89,8
-48.7036,-26.939,11.89,8
-48.7027,-26.9391,11.89,8
-48.7031,-26.9388,11.89,8
-48.7191,-26.8956,12.19,8
-48.7187,-26.8954,12.19,8
-48.7178,-26.895,12.19,8
-48.7173,-26.8949,12.19,8
-48.7178,-26.8946,12.19,8
-48.7182,-26.8952,12.19,8
-48.7167,-26.9016,47.56,8
-48.7171,-26.9014,47.56,8
-48.7167,-26.902,47.56,8
-48.7171,-26.9005,47.56,8
-48.7167,-26.9012,47.56,8
-48.7171,-26.9009,47.56,8
-48.7224,-26.8903,7.14,8
-48.7216,-26.8904,8.2,8
-48.722,-26.8902,8.2,8
-48.7207,-26.8905,7.14,8
-48.7211,-26.8902,7.14,8
-48.7242,-26.8898,9.03,8
-48.7246,-26.8896,9.03,8
-48.7237,-26.8901,7.14,8
-48.7229,-26.8901,7.14,8
-48.7233,-26.8899,7.14,8
-48.7224,-26.8899,7.14,8
-48.725,-26.8898,9.03,8
-48.7255,-26.8895,9.03,8
-48.7516,-26.887,31.055,8
-48.7511,-26.8869,31.055,8
-48.7502,-26.8865,16.13,8
-48.7498,-26.8863,16.13,8
-48.7503,-26.8869,31.055,8
-48.7498,-26.8867,31.055,8
-48.752,-26.8876,31.055,8
-48.7525,-26.8874,31.055,8
-48.7516,-26.8875,31.055,8
-48.752,-26.8872,31.055,8
-48.7511,-26.8873,31.055,8
-48.7507,-26.8871,31.055,8
-48.7463,-26.8861,36.03,8
-48.7467,-26.8863,36.03,8
-48.7459,-26.8863,36.03,8
-48.745,-26.886,36.03,8
-48.7454,-26.8862,36.03,8
-48.7446,-26.8862,36.03,8
-48.7489,-26.8864,36.03,8
-48.7485,-26.8862,36.03,8
-48.7494,-26.8865,31.055,8
-48.7476,-26.8862,36.03,8
-48.7472,-26.8861,36.03,8
-48.7481,-26.8864,36.03,8
-48.7398,-26.8863,36.03,8
-48.7402,-26.8861,36.03,8
-48.738,-26.8868,34.765,8
-48.7389,-26.8864,34.765,8
-48.7393,-26.8861,36.03,8
-48.7393,-26.8866,36.03,8
-48.7385,-26.8866,34.765,8
-48.7424,-26.8862,36.03,8
-48.7428,-26.8859,36.03,8
-48.7419,-26.886,36.03,8
-48.7411,-26.886,36.03,8
-48.7415,-26.8858,36.03,8
-48.7406,-26.8858,36.03,8
-48.7437,-26.8863,36.03,8
-48.7441,-26.886,36.03,8
-48.7432,-26.8861,36.03,8
-48.7415,-26.8862,36.03,8
-48.7367,-26.8871,35.2,8
-48.7372,-26.8869,35.2,8
-48.7363,-26.887,35.2,8
-48.7376,-26.8867,35.2,8
-48.7354,-26.8874,35.2,8
-48.7359,-26.8872,35.2,8
-48.7457,-26.8809,22.14,8
-48.7457,-26.8813,22.14,8
-48.7461,-26.8803,22.14,8
-48.7457,-26.8801,22.14,8
-48.7461,-26.8798,22.14,8
-48.7461,-26.8807,22.14,8
-48.7457,-26.8805,22.14,8
-48.7462,-26.8819,15.895,8
-48.7457,-26.8818,15.895,8
-48.7462,-26.8824,15.895,8
-48.7461,-26.8811,22.14,8
-48.7461,-26.8815,15.895,8
-48.7456,-26.878,22.14,8
-48.7456,-26.8784,22.14,8
-48.7456,-26.8772,22.14,8
-48.7456,-26.8776,22.14,8
-48.7456,-26.8793,22.14,8
-48.7456,-26.8788,22.14,8
-48.7456,-26.8797,22.14,8
-48.7461,-26.8794,22.14,8
-48.7462,-26.8832,15.895,8
-48.7462,-26.8828,15.895,8
-48.7462,-26.8836,15.895,8
-48.7463,-26.8849,15.895,8
-48.7462,-26.884,15.895,8
-48.7462,-26.8844,15.895,8
-48.7565,-26.8894,36.445,8
-48.756,-26.8893,36.445,8
-48.7582,-26.8906,38.56,8
-48.7578,-26.8904,38.56,8
-48.7569,-26.89,38.56,8
-48.7565,-26.8899,38.56,8
-48.7569,-26.8896,38.56,8
-48.7574,-26.8902,38.56,8
-48.7547,-26.8883,29.673333333333332,8
-48.7542,-26.8881,29.673333333333332,8
-48.7533,-26.8878,31.055,8
-48.7529,-26.8876,31.055,8
-48.7538,-26.8879,29.673333333333332,8
-48.7551,-26.8889,29.673333333333332,8
-48.7547,-26.8887,29.673333333333332,8
-48.7551,-26.8885,29.673333333333332,8
-48.7556,-26.8891,36.445,8
-48.7583,-26.891,38.56,8
-48.7587,-26.8908,38.56,8
-48.8527,-27.0331,11.08,20
-48.8519,-27.0352,11.08,20
-48.8523,-27.035,11.08,20
-48.8527,-27.0339,11.08,20
-48.8527,-27.0335,11.08,20
-48.8528,-27.0344,11.08,20
-48.8531,-27.0325,11.08,20
-48.8531,-27.0329,11.08,20
-48.8524,-27.0354,11.08,20
-48.8498,-27.0364,11.08,20
-48.8502,-27.0362,11.08,20
-48.8511,-27.0357,11.08,20
-48.8515,-27.0355,11.08,20
-48.8506,-27.0355,11.08,20
-48.851,-27.0353,11.08,20
-48.8506,-27.036,11.08,20
-48.8528,-27.0348,11.08,20
-48.8498,-27.036,11.08,20
-48.8502,-27.0358,11.08,20
-48.8179,-27.0001,20.37,20
-48.8184,-26.9998,20.37,20
-48.8196,-26.9987,20.37,20
-48.8201,-26.9985,20.37,20
-48.8209,-26.998,20.37,20
-48.8214,-26.9982,20.37,20
-48.8205,-26.9982,20.37,20
-48.8188,-26.9992,20.37,20
-48.8192,-26.9989,20.37,20
-48.818,-27.0005,20.37,20
-48.8184,-27.0002,20.37,20
-48.818,-27.0009,20.37,20
-48.8188,-26.9996,20.37,20
-48.8192,-26.9994,20.37,20
-48.8257,-26.9975,20.37,20
-48.8262,-26.9977,20.37,20
-48.8253,-26.9977,20.37,20
-48.8244,-26.9973,20.37,20
-48.8248,-26.9975,20.37,20
-48.824,-26.9976,20.37,20
-48.827,-26.9976,20.37,20
-48.8275,-26.9974,20.37,20
-48.8266,-26.9974,20.37,20
-48.8231,-26.9976,20.37,20
-48.8288,-26.9975,20.37,20
-48.8279,-26.9975,20.37,20
-48.8283,-26.9973,20.37,20
-48.8231,-26.9981,20.37,20
-48.8235,-26.9978,20.37,20
-48.8222,-26.9981,20.37,20
-48.8227,-26.9979,20.37,20
-48.8218,-26.9979,20.37,20
-48.6887,-26.9021,13.15,20
-48.6826,-26.9008,7.385,20
-48.683,-26.9006,7.385,20
-48.6852,-26.9011,7.385,20
-48.6848,-26.9009,7.385,20
-48.6839,-26.9005,7.385,20
-48.6839,-26.9009,7.385,20
-48.6843,-26.9007,7.385,20
-48.6835,-26.9008,7.385,20
-48.6907,-26.8967,4.24,20
-48.6912,-26.8973,13.81,20
-48.6916,-26.8971,4.24,20
-48.6908,-26.8972,4.24,20
-48.6912,-26.8969,4.24,20
-48.6916,-26.8975,13.81,20
-48.6908,-26.8976,13.81,20
-48.6921,-26.8969,4.24,20
-48.6903,-26.897,4.24,20
-48.6894,-26.897,4.24,20
-48.6899,-26.8968,4.24,20
-48.6899,-26.8976,13.81,20
-48.6903,-26.8974,13.81,20
-48.6895,-26.8975,13.81,20
-48.6934,-26.8974,13.81,20
-48.6925,-26.8975,13.81,20
-48.6921,-26.8973,13.81,20
-48.693,-26.8977,13.81,20
-48.6943,-26.8986,13.23,20
-48.6943,-26.899,13.23,20
-48.6886,-26.8971,4.24,20
-48.689,-26.8969,4.24,20
-48.6886,-26.8975,13.81,20
-48.689,-26.8977,13.81,20
-48.6747,-26.9013,3.595,20
-48.6743,-26.9011,3.595,20
-48.6773,-26.8999,12.46,20
-48.6769,-26.8997,12.46,20
-48.6778,-26.9001,12.46,20
-48.673,-26.9002,3.595,20
-48.6729,-26.8998,3.595,20
-48.6738,-26.9005,3.595,20
-48.6734,-26.9004,3.595,20
-48.6739,-26.9009,3.595,20
-48.6743,-26.9007,3.595,20
-48.6755,-26.8988,12.46,20
-48.6755,-26.8983,12.46,20
-48.676,-26.8989,12.46,20
-48.6742,-26.899,5.88,20
-48.6738,-26.8989,5.88,20
-48.6746,-26.8976,12.46,20
-48.6751,-26.8982,12.46,20
-48.6746,-26.898,12.46,20
-48.6764,-26.8995,12.46,20
-48.676,-26.9002,5.88,20
-48.6756,-26.9,5.88,20
-48.6769,-26.8993,12.46,20
-48.6764,-26.8991,12.46,20
-48.6747,-26.8996,5.88,20
-48.6751,-26.8994,5.88,20
-48.6747,-26.8992,5.88,20
-48.6751,-26.8998,5.88,20
-48.6816,-26.8979,11.13,20
-48.682,-26.8977,11.13,20
-48.6807,-26.898,11.13,20
-48.6799,-26.8981,11.13,20
-48.6803,-26.8978,11.13,20
-48.6812,-26.8978,11.13,20
-48.679,-26.8981,11.13,20
-48.6794,-26.8979,11.13,20
-48.6786,-26.8979,11.13,20
-48.6777,-26.898,11.13,20
-48.6781,-26.8982,11.13,20
-48.6773,-26.8982,11.13,20
-48.6916,-26.9095,8.32,20
-48.6887,-26.9124,6.37,20
-48.6887,-26.9128,6.37,20
-48.6886,-26.9115,5.92,20
-48.6891,-26.9121,6.37,20
-48.6886,-26.9119,6.145,20
-48.6878,-26.9116,5.92,20
-48.6873,-26.9114,5.92,20
-48.6882,-26.9118,5.92,20
-48.6887,-26.9136,6.37,20
-48.6891,-26.9134,6.37,20
-48.6887,-26.9132,6.37,20
-48.6887,-26.914,6.37,20
-48.6891,-26.9125,6.37,20
-48.6891,-26.913,6.37,20
-48.6912,-26.9109,9.2,20
-48.6917,-26.9111,9.2,20
-48.6908,-26.9112,9.2,20
-48.6921,-26.9096,8.32,20
-48.6912,-26.9097,8.32,20
-48.6908,-26.9095,8.32,20
-48.6926,-26.9111,9.2,20
-48.693,-26.9112,9.2,20
-48.6921,-26.9113,9.2,20
-48.6869,-26.9112,5.92,20
-48.694,-26.9034,13.08,20
-48.6945,-26.9032,13.23,20
-48.6936,-26.9033,13.08,20
-48.694,-26.903,10.06,20
-48.6941,-26.9039,13.08,20
-48.6936,-26.9037,13.08,20
-48.6944,-26.9024,13.23,20
-48.6945,-26.9028,13.23,20
-48.6936,-26.9024,10.06,20
-48.694,-26.9022,11.09,20
-48.6931,-26.9022,13.15,20
-48.6936,-26.902,11.09,20
-48.6936,-26.9028,10.06,20
-48.694,-26.9026,10.06,20
-48.6941,-26.9043,13.08,20
-48.6941,-26.9047,13.08,20
-48.6936,-26.9041,13.08,20
-48.6936,-26.9045,13.08,20
-48.6909,-26.9022,13.15,20
-48.6914,-26.9024,13.15,20
-48.6905,-26.9024,13.15,20
-48.6896,-26.902,13.15,20
-48.6901,-26.9022,13.15,20
-48.6892,-26.9023,13.15,20
-48.6923,-26.9023,13.15,20
-48.6927,-26.9021,13.15,20
-48.6918,-26.9021,13.15,20
-48.6939,-26.9005,10.06,20
-48.6944,-26.9003,13.23,20
-48.694,-26.9009,10.06,20
-48.6944,-26.9007,13.23,20
-48.6943,-26.8994,13.23,20
-48.6944,-26.8999,13.23,20
-48.6944,-26.9015,13.23,20
-48.694,-26.9014,10.06,20
-48.6944,-26.9011,13.23,20
-48.6944,-26.902,13.23,20
-48.694,-26.9018,10.06,20
-48.6941,-26.9059,6.13,20
-48.6933,-26.906,6.13,20
-48.6924,-26.9061,6.13,20
-48.6928,-26.9058,6.13,20
-48.6937,-26.9058,6.13,20
-48.6915,-26.9061,6.13,20
-48.6919,-26.9059,6.13,20
-48.6911,-26.9059,6.13,20
-48.6906,-26.9062,6.13,20
-48.6776,-26.9087,5.66,20
-48.6776,-26.9082,5.66,20
-48.6776,-26.9091,5.66,20
-48.6776,-26.9095,5.66,20
-48.6777,-26.9099,5.66,20
-48.6776,-26.9074,4.46,20
-48.6775,-26.9057,4.46,20
-48.6775,-26.9062,4.46,20
-48.6775,-26.9066,4.46,20
-48.6776,-26.907,4.46,20
-48.6773,-26.9114,5.66,20
-48.6773,-26.9118,5.66,20
-48.6759,-26.9104,5.22,20
-48.6755,-26.9103,5.22,20
-48.6759,-26.9109,5.22,20
-48.6764,-26.9106,5.22,20
-48.6755,-26.9107,5.22,20
-48.6772,-26.9093,5.66,20
-48.6772,-26.9097,5.66,20
-48.6746,-26.9103,5.22,20
-48.6742,-26.9101,5.22,20
-48.6751,-26.9105,5.22,20
-48.6764,-26.911,5.22,20
-48.6772,-26.9106,5.66,20
-48.6777,-26.9103,5.66,20
-48.6772,-26.9102,5.66,20
-48.6773,-26.911,5.44,20
-48.6768,-26.9108,5.22,20
-48.7143,-26.8829,19.21,20
-48.7143,-26.8833,19.21,20
-48.7139,-26.8827,19.21,20
-48.7139,-26.8831,19.21,20
-48.7139,-26.884,19.21,20
-48.7143,-26.8837,19.21,20
-48.7139,-26.8836,19.21,20
-48.7139,-26.8844,19.21,20
-48.7143,-26.8842,19.21,20
-48.714,-26.8857,19.21,20
-48.714,-26.8861,19.21,20
-48.7139,-26.8848,19.21,20
-48.7139,-26.8852,19.21,20
-48.714,-26.8869,19.21,20
-48.714,-26.8865,19.21,20
-48.714,-26.8873,19.21,20
-48.6975,-26.8892,3.81,20
-48.6979,-26.889,3.81,20
-48.697,-26.889,3.81,20
-48.6953,-26.89,10.61,20
-48.6958,-26.8897,10.61,20
-48.6953,-26.8896,10.61,20
-48.6953,-26.8904,10.61,20
-48.6958,-26.8902,10.61,20
-48.6962,-26.8891,3.81,20
-48.6966,-26.8893,3.81,20
-48.6957,-26.8893,10.61,20
-48.6958,-26.891,10.61,20
-48.6954,-26.8908,10.61,20
-48.6958,-26.8906,10.61,20
-48.6958,-26.8914,10.61,20
-48.6954,-26.8912,10.61,20
-48.6953,-26.8891,10.61,20
-48.6978,-26.886,3.95,20
-48.6978,-26.8865,3.95,20
-48.6954,-26.8929,10.61,20
-48.6959,-26.8927,10.61,20
-48.6954,-26.8925,10.61,20
-48.6954,-26.8933,10.61,20
-48.6959,-26.8931,10.61,20
-48.6958,-26.8918,10.61,20
-48.6958,-26.8922,10.61,20
-48.6959,-26.8939,10.61,20
-48.6955,-26.8937,10.61,20
-48.6959,-26.8935,10.61,20
-48.6954,-26.8916,10.61,20
-48.6954,-26.8921,10.61,20
-48.6983,-26.8862,3.95,20
-48.6987,-26.8868,3.95,20
-48.6983,-26.8866,3.95,20
-48.7141,-26.8907,19.21,20
-48.7141,-26.8911,19.21,20
-48.7141,-26.8886,19.21,20
-48.7141,-26.889,19.21,20
-48.714,-26.8877,19.21,20
-48.714,-26.8882,19.21,20
-48.7141,-26.8898,19.21,20
-48.7141,-26.8894,19.21,20
-48.7141,-26.8902,19.21,20
-48.7001,-26.9014,16.15,20
-48.7022,-26.8981,4.72,20
-48.7022,-26.8985,4.72,20
-48.7021,-26.8973,4.72,20
-48.7021,-26.8977,4.72,20
-48.7022,-26.899,4.72,20
-48.6582,-26.904,6.93,20
-48.6586,-26.9034,6.93,20
-48.6565,-26.9037,7.05,20
-48.6569,-26.9035,7.05,20
-48.656,-26.904,7.05,20
-48.6959,-26.8816,7.88,20
-48.6955,-26.8814,7.88,20
-48.6955,-26.8822,7.88,20
-48.6959,-26.882,7.88,20
-48.6955,-26.8818,7.88,20
-48.6955,-26.8826,7.88,20
-48.6959,-26.8824,7.88,20
-48.6956,-26.8839,7.88,20
-48.6956,-26.8843,7.88,20
-48.696,-26.8832,7.88,20
-48.6955,-26.8831,7.88,20
-48.696,-26.8828,7.88,20
-48.696,-26.8837,7.88,20
-48.6955,-26.8835,7.88,20
-48.6953,-26.9142,21.99,20
-48.6957,-26.914,21.99,20
-48.6948,-26.9141,21.99,20
-48.6953,-26.9138,21.99,20
-48.6931,-26.915,6.05,20
-48.6936,-26.9148,6.05,20
-48.6931,-26.9146,6.05,20
-48.6931,-26.9154,6.05,20
-48.6936,-26.9152,6.05,20
-48.6944,-26.9139,21.99,20
-48.6935,-26.9139,6.05,20
-48.694,-26.9137,21.99,20
-48.6935,-26.9143,6.05,20
-48.6936,-26.9156,6.05,20
-48.6922,-26.913,21.99,20
-48.6917,-26.9128,21.99,20
-48.6926,-26.9132,21.99,20
-48.6909,-26.9128,21.99,20
-48.6913,-26.9126,21.99,20
-48.6909,-26.9124,21.99,20
-48.6931,-26.9138,6.05,20
-48.6931,-26.9142,6.05,20
-48.6771,-26.9183,11.91,20
-48.6775,-26.9181,11.91,20
-48.6771,-26.9179,11.91,20
-48.6771,-26.9187,11.91,20
-48.6775,-26.9185,11.91,20
-48.6771,-26.9192,11.91,20
-48.6775,-26.9189,11.91,20
-48.6775,-26.9172,11.91,20
-48.6775,-26.9177,11.91,20
-48.7003,-26.9089,18.825,20
-48.7008,-26.9087,18.825,20
-48.7003,-26.9085,18.825,20
-48.7004,-26.9093,18.825,20
-48.7008,-26.9091,18.825,20
-48.7008,-26.9082,18.825,20
-48.7003,-26.9076,18.825,20
-48.7003,-26.9081,18.825,20
-48.7008,-26.9099,19.06,20
-48.7004,-26.9097,19.06,20
-48.7008,-26.9095,19.06,20
-48.7008,-26.9103,19.06,20
-48.7004,-26.9102,19.06,20
-48.6942,-26.9093,8.32,20
-48.6947,-26.9095,8.32,20
-48.6938,-26.9095,8.32,20
-48.6929,-26.9096,8.32,20
-48.6934,-26.9093,8.32,20
-48.6925,-26.9094,8.32,20
-48.6951,-26.9092,8.32,20
-48.6979,-26.9149,21.99,20
-48.6975,-26.9147,21.99,20
-48.6966,-26.9144,21.99,20
-48.6962,-26.9142,21.99,20
-48.697,-26.9145,21.99,20
-48.7004,-26.9118,19.06,20
-48.7009,-26.9116,19.06,20
-48.7004,-26.9114,19.06,20
-48.7005,-26.9122,19.06,20
-48.7009,-26.912,19.06,20
-48.7008,-26.9108,19.06,20
-48.7009,-26.9112,19.06,20
-48.7004,-26.9106,19.06,20
-48.7004,-26.911,19.06,20
-48.7009,-26.9128,19.06,20
-48.7005,-26.9127,19.06,20
-48.7009,-26.9124,19.06,20
-48.7009,-26.9133,19.06,20
-48.7005,-26.9131,19.06,20
-48.6947,-26.9111,9.2,20
-48.6952,-26.9109,9.2,20
-48.6939,-26.9112,9.2,20
-48.6943,-26.911,9.2,20
-48.6934,-26.911,9.2,20
-48.6948,-26.9136,21.99,20
-48.6935,-26.9135,18.005,20
-48.6931,-26.9133,21.99,20
-48.7001,-26.9031,17.135,20
-48.7001,-26.9026,17.135,20
-48.7002,-26.9035,17.135,20
-48.7001,-26.9018,17.135,20
-48.7001,-26.9022,17.135,20
-48.7002,-26.9039,17.135,20
-48.7002,-26.9043,17.135,20
-48.7002,-26.906,14.93142857142857,20
-48.7002,-26.9056,14.93142857142857,20
-48.7003,-26.9064,14.93142857142857,20
-48.7002,-26.9047,14.93142857142857,20
-48.7002,-26.9051,14.93142857142857,20
-48.7003,-26.9068,14.93142857142857,20
-48.7003,-26.9072,14.93142857142857,20
-48.7005,-26.9147,19.45,20
-48.701,-26.9145,19.45,20
-48.7005,-26.9143,19.45,20
-48.7006,-26.9152,19.45,20
-48.701,-26.9149,19.45,20
-48.7009,-26.9137,19.45,20
-48.701,-26.9141,19.45,20
-48.7005,-26.9135,19.06,20
-48.7005,-26.9139,19.45,20
-48.701,-26.9158,19.45,20
-48.7006,-26.9156,19.45,20
-48.701,-26.9153,19.45,20
-48.7003,-26.9208,8.92,20
-48.6999,-26.9202,8.92,20
-48.6994,-26.92,8.92,20
-48.6999,-26.9206,8.92,20
-48.7008,-26.9214,7.245,20
-48.7008,-26.9218,7.245,20
-48.7003,-26.9212,7.245,20
-48.6994,-26.9196,8.92,20
-48.6594,-26.9123,8.38,20
-48.6598,-26.9117,8.38,20
-48.6594,-26.9115,8.38,20
-48.6594,-26.9119,8.38,20
-48.6578,-26.9055,6.93,20
-48.6574,-26.9062,6.93,20
-48.6579,-26.9059,6.93,20
-48.6583,-26.9049,6.93,20
-48.6582,-26.9044,6.93,20
-48.6578,-26.9051,6.93,20
-48.6587,-26.9038,6.93,20
-48.6602,-26.9098,7.18,20
-48.6602,-26.9102,8.38,20
-48.6597,-26.9096,5.98,20
-48.6597,-26.9092,5.98,20
-48.6598,-26.9108,8.38,20
-48.6602,-26.9106,8.38,20
-48.6598,-26.9112,8.38,20
-48.6588,-26.9088,5.98,20
-48.6584,-26.9086,5.98,20
-48.6588,-26.9084,5.98,20
-48.6593,-26.909,5.98,20
-48.6718,-26.9161,4.91,20
-48.6773,-26.9122,5.66,20
-48.6718,-26.9178,4.91,20
-48.6722,-26.9176,4.91,20
-48.6718,-26.9174,4.91,20
-48.6718,-26.9182,4.91,20
-48.6723,-26.918,4.91,20
-48.677,-26.9154,11.91,20
-48.677,-26.9158,11.91,20
-48.6774,-26.9156,11.91,20
-48.677,-26.9171,11.91,20
-48.677,-26.9175,11.91,20
-48.6774,-26.9164,11.91,20
-48.677,-26.9162,11.91,20
-48.6774,-26.916,11.91,20
-48.6775,-26.9168,11.91,20
-48.677,-26.9166,11.91,20
-48.6718,-26.9166,4.91,20
-48.6718,-26.917,4.91,20
-48.6973,-26.8718,5.75,20
-48.6974,-26.8727,5.75,20
-48.6973,-26.8723,5.75,20
-48.6974,-26.8731,5.75,20
-48.6974,-26.8744,5.75,20
-48.6974,-26.8735,5.75,20
-48.6974,-26.8739,5.75,20
-48.6548,-26.9047,7.05,20
-48.6543,-26.9053,7.05,20
-48.6548,-26.9051,7.05,20
-48.6544,-26.9057,7.05,20
-48.6552,-26.9044,7.05,20
-48.6556,-26.9042,7.05,20
-48.6539,-26.906,7.05,20
-48.7012,-26.9224,7.245,20
-48.7008,-26.9223,7.245,20
-48.7098,-26.9411,14.02,20
-48.708,-26.9404,14.02,20
-48.7075,-26.9402,14.02,20
-48.7071,-26.9401,14.02,20
-48.7066,-26.9399,14.02,20
-48.7089,-26.9408,14.02,20
-48.7084,-26.9406,14.02,20
-48.7093,-26.941,14.02,20
-48.7058,-26.9395,14.02,20
-48.7053,-26.9393,14.02,20
-48.7062,-26.9397,14.02,20
-48.7053,-26.9397,14.02,20
-48.6871,-26.9677,5.59,20
-48.6862,-26.9677,5.59,20
-48.6866,-26.9675,5.59,20
-48.6866,-26.9679,5.59,20
-48.6858,-26.9679,5.59,20
-48.6849,-26.968,5.59,20
-48.6853,-26.9678,5.59,20
-48.6853,-26.9682,5.59,20
-48.7516,-26.887,34.55,20
-48.7511,-26.8869,34.55,20
-48.7503,-26.8869,34.55,20
-48.7498,-26.8867,34.55,20
-48.752,-26.8876,34.55,20
-48.7525,-26.8874,34.55,20
-48.7516,-26.8875,34.55,20
-48.752,-26.8872,34.55,20
-48.7511,-26.8873,34.55,20
-48.7507,-26.8871,34.55,20
-48.7463,-26.8861,34.55,20
-48.7467,-26.8863,34.55,20
-48.7459,-26.8863,34.55,20
-48.745,-26.886,34.55,20
-48.7454,-26.8862,34.55,20
-48.7446,-26.8862,34.55,20
-48.7489,-26.8864,34.55,20
-48.7485,-26.8862,34.55,20
-48.7494,-26.8865,34.55,20
-48.7476,-26.8862,34.55,20
-48.7472,-26.8861,34.55,20
-48.7481,-26.8864,34.55,20
-48.7398,-26.8863,34.55,20
-48.7402,-26.8861,34.55,20
-48.738,-26.8868,34.55,20
-48.7389,-26.8864,34.55,20
-48.7393,-26.8861,34.55,20
-48.7393,-26.8866,34.55,20
-48.7385,-26.8866,34.55,20
-48.7424,-26.8862,34.55,20
-48.7428,-26.8859,34.55,20
-48.7419,-26.886,34.55,20
-48.7411,-26.886,34.55,20
-48.7415,-26.8858,34.55,20
-48.7406,-26.8858,34.55,20
-48.7437,-26.8863,34.55,20
-48.7441,-26.886,34.55,20
-48.7432,-26.8861,34.55,20
-48.7415,-26.8862,34.55,20
-48.7533,-26.8878,34.55,20
-48.7529,-26.8876,34.55,20
-48.6438,-26.9549,7.09,20
-48.6438,-26.9553,7.09,20
-48.6434,-26.9552,7.09,20
-48.6425,-26.9552,7.09,20
-48.6429,-26.955,7.09,20
-48.6421,-26.955,7.09,20
-48.6447,-26.9557,7.09,20
-48.6443,-26.9555,7.09,20
-48.6443,-26.9563,7.09,20
-48.6447,-26.9561,7.09,20
-48.6406,-26.9507,4.85,20
-48.6406,-26.9511,4.85,20
-48.6406,-26.9516,4.85,20
-48.6402,-26.9514,4.85,20
-48.6402,-26.9518,4.85,20
-48.6412,-26.9551,7.09,20
-48.6416,-26.9548,7.09,20
-48.6407,-26.9549,7.09,20
-48.6403,-26.9551,7.09,20
-48.8179,-27.0001,19.87,16
-48.8184,-26.9998,19.87,16
-48.8196,-26.9987,19.87,16
-48.8201,-26.9985,19.87,16
-48.8209,-26.998,19.87,16
-48.8214,-26.9982,19.87,16
-48.8205,-26.9982,19.87,16
-48.8188,-26.9992,19.87,16
-48.8192,-26.9989,19.87,16
-48.818,-27.0005,19.87,16
-48.8184,-27.0002,19.87,16
-48.818,-27.0009,19.87,16
-48.8188,-26.9996,19.87,16
-48.8192,-26.9994,19.87,16
-48.8257,-26.9975,19.87,16
-48.8262,-26.9977,19.87,16
-48.8253,-26.9977,19.87,16
-48.8244,-26.9973,19.87,16
-48.8248,-26.9975,19.87,16
-48.824,-26.9976,19.87,16
-48.827,-26.9976,19.87,16
-48.8275,-26.9974,19.87,16
-48.8266,-26.9974,19.87,16
-48.8231,-26.9976,19.87,16
-48.8288,-26.9975,19.87,16
-48.8279,-26.9975,19.87,16
-48.8283,-26.9973,19.87,16
-48.8231,-26.9981,19.87,16
-48.8235,-26.9978,19.87,16
-48.8222,-26.9981,19.87,16
-48.8227,-26.9979,19.87,16
-48.8218,-26.9979,19.87,16
-48.6857,-26.9017,4.295,16
-48.6857,-26.9013,4.295,16
-48.6861,-26.9018,4.295,16
-48.6887,-26.9017,11.74,16
-48.6887,-26.9021,11.8075,16
-48.6887,-26.9008,11.74,16
-48.6887,-26.9013,11.74,16
-48.687,-26.9022,1.77,16
-48.6817,-26.9009,4.83,16
-48.6826,-26.9008,5.498333333333334,16
-48.683,-26.9006,5.626,16
-48.6821,-26.9006,4.83,16
-48.6808,-26.9009,4.83,16
-48.6804,-26.9007,4.83,16
-48.6813,-26.9007,4.83,16
-48.6852,-26.9011,5.626,16
-48.6848,-26.9009,5.626,16
-48.6839,-26.9005,5.626,16
-48.6839,-26.9009,5.626,16
-48.6843,-26.9007,5.626,16
-48.6835,-26.9008,5.626,16
-48.6888,-26.9029,12.68,16
-48.6888,-26.9025,12.72,16
-48.6888,-26.9034,12.68,16
-48.6866,-26.9037,1.77,16
-48.687,-26.9035,1.77,16
-48.6866,-26.9033,1.77,16
-48.6866,-26.9041,1.77,16
-48.6871,-26.9039,1.77,16
-48.687,-26.9026,1.77,16
-48.687,-26.903,1.77,16
-48.6888,-26.9046,12.68,16
-48.6888,-26.905,12.68,16
-48.6888,-26.9038,12.68,16
-48.6888,-26.9042,12.68,16
-48.6823,-26.9052,5.95,16
-48.6827,-26.905,5.95,16
-48.6823,-26.9056,5.95,16
-48.6912,-26.8973,11.935,16
-48.6916,-26.8975,11.935,16
-48.6908,-26.8976,11.935,16
-48.6899,-26.8976,11.935,16
-48.6903,-26.8974,11.935,16
-48.6895,-26.8975,11.935,16
-48.6934,-26.8974,11.935,16
-48.6925,-26.8975,11.935,16
-48.6921,-26.8973,11.935,16
-48.693,-26.8977,11.935,16
-48.6886,-26.8975,11.935,16
-48.689,-26.8977,11.935,16
-48.6799,-26.8989,13.96,16
-48.679,-26.8989,13.96,16
-48.6795,-26.8987,13.96,16
-48.6782,-26.899,13.96,16
-48.6786,-26.8988,13.96,16
-48.6777,-26.8988,13.96,16
-48.6768,-26.8989,13.96,16
-48.6773,-26.8991,13.96,16
-48.6775,-26.9045,6.75,16
-48.6775,-26.9049,6.75,16
-48.6778,-26.9026,4.77,16
-48.6774,-26.9024,4.77,16
-48.6779,-26.903,4.77,16
-48.6778,-26.9022,4.77,16
-48.6779,-26.9038,6.7075,16
-48.6779,-26.9034,6.7075,16
-48.6779,-26.9043,6.51,16
-48.6713,-26.904,4.91,16
-48.6718,-26.9046,4.91,16
-48.6714,-26.9045,4.91,16
-48.6816,-26.8988,13.96,16
-48.6821,-26.8985,13.96,16
-48.6812,-26.8986,13.96,16
-48.6803,-26.8987,13.96,16
-48.6808,-26.8988,13.96,16
-48.689,-26.9088,13.7,16
-48.6885,-26.9086,13.7,16
-48.689,-26.9084,13.7,16
-48.6899,-26.9096,12.78,16
-48.689,-26.9096,12.78,16
-48.6894,-26.9094,12.78,16
-48.6911,-26.9076,8.94,16
-48.692,-26.9075,8.94,16
-48.6924,-26.9073,8.94,16
-48.6916,-26.9074,8.94,16
-48.6907,-26.9074,8.94,16
-48.6916,-26.9095,12.78,16
-48.6885,-26.9069,13.15,16
-48.6889,-26.9059,12.68,16
-48.6889,-26.9054,12.68,16
-48.6889,-26.9063,12.68,16
-48.6885,-26.9078,13.15,16
-48.6889,-26.9075,13.15,16
-48.6885,-26.9073,13.15,16
-48.6885,-26.9082,13.7,16
-48.6889,-26.9079,13.15,16
-48.6889,-26.9067,12.68,16
-48.6889,-26.9071,13.15,16
-48.6887,-26.9124,9.285,16
-48.6887,-26.9128,9.285,16
-48.6891,-26.9121,11.95,16
-48.6886,-26.9119,9.285,16
-48.6887,-26.9136,9.285,16
-48.6891,-26.9134,9.285,16
-48.6887,-26.9132,9.285,16
-48.6887,-26.914,9.285,16
-48.69,-26.9125,17.28,16
-48.6891,-26.9125,9.285,16
-48.6895,-26.9123,17.28,16
-48.6891,-26.913,9.285,16
-48.6912,-26.9109,2.945,16
-48.6908,-26.9108,3.75,16
-48.6912,-26.9105,4.63,16
-48.6917,-26.9111,2.945,16
-48.6908,-26.9112,3.0975,16
-48.6921,-26.9096,12.78,16
-48.6921,-26.9105,4.63,16
-48.6917,-26.9103,4.63,16
-48.6912,-26.9097,12.78,16
-48.6903,-26.9097,12.78,16
-48.6908,-26.9095,12.78,16
-48.6908,-26.9103,4.19,16
-48.6926,-26.9111,2.945,16
-48.6921,-26.9113,2.945,16
-48.6908,-26.9116,3.25,16
-48.6904,-26.9122,17.28,16
-48.6908,-26.912,3.25,16
-48.69,-26.9121,17.28,16
-48.6945,-26.9032,13.11,16
-48.6945,-26.9036,13.11,16
-48.6944,-26.9024,13.11,16
-48.6945,-26.9028,13.11,16
-48.6923,-26.9031,8.395,16
-48.6923,-26.9036,8.395,16
-48.694,-26.9022,10.895,16
-48.6931,-26.9022,10.895,16
-48.6936,-26.902,10.895,16
-48.6949,-26.9034,13.11,16
-48.6909,-26.9022,10.895,16
-48.6914,-26.9024,10.895,16
-48.6905,-26.9024,10.895,16
-48.6922,-26.9015,8.395,16
-48.6896,-26.902,10.895,16
-48.6901,-26.9022,10.895,16
-48.6892,-26.9023,10.895,16
-48.6923,-26.9023,9.645,16
-48.6927,-26.9021,10.895,16
-48.6918,-26.9021,10.895,16
-48.6922,-26.9019,8.395,16
-48.6923,-26.9027,8.395,16
-48.6944,-26.9003,13.11,16
-48.6944,-26.9007,13.11,16
-48.6943,-26.8994,13.11,16
-48.6944,-26.8999,13.11,16
-48.6944,-26.9015,13.11,16
-48.6944,-26.9011,13.11,16
-48.6944,-26.902,11.05,16
-48.6933,-26.9073,8.94,16
-48.6937,-26.9074,8.94,16
-48.6929,-26.9075,8.94,16
-48.6923,-26.904,5.766666666666667,16
-48.6914,-26.904,0.51,16
-48.6919,-26.9038,0.51,16
-48.6923,-26.9044,8.395,16
-48.691,-26.9038,0.51,16
-48.6905,-26.9037,0.51,16
-48.6923,-26.9048,8.395,16
-48.6776,-26.9087,5.722,16
-48.6776,-26.9082,6.75,16
-48.6776,-26.9091,5.722,16
-48.6794,-26.9102,8.52,16
-48.6798,-26.91,8.52,16
-48.679,-26.91,8.52,16
-48.6776,-26.9095,5.215,16
-48.6781,-26.9101,8.52,16
-48.6777,-26.9099,5.215,16
-48.6828,-26.9062,5.95,16
-48.6828,-26.9058,5.95,16
-48.6828,-26.9067,5.95,16
-48.6832,-26.9064,5.95,16
-48.6758,-26.9075,11.755,16
-48.6758,-26.9079,11.755,16
-48.6763,-26.9077,11.755,16
-48.6754,-26.9078,11.755,16
-48.6745,-26.9074,11.755,16
-48.6741,-26.9072,11.755,16
-48.675,-26.9076,11.755,16
-48.6767,-26.9083,11.755,16
-48.6763,-26.9081,11.755,16
-48.6776,-26.9074,6.75,16
-48.6772,-26.9081,11.755,16
-48.6776,-26.9078,6.75,16
-48.6767,-26.9079,11.755,16
-48.6793,-26.9056,4.205,16
-48.6784,-26.9057,4.205,16
-48.6788,-26.9054,4.205,16
-48.6797,-26.9054,4.205,16
-48.6775,-26.9057,6.184444444444444,16
-48.6779,-26.9055,4.205,16
-48.6775,-26.9053,6.75,16
-48.6775,-26.9062,6.75,16
-48.6779,-26.9047,6.75,16
-48.6779,-26.9051,6.75,16
-48.6801,-26.9056,4.205,16
-48.6775,-26.9066,6.75,16
-48.6776,-26.907,6.75,16
-48.6773,-26.9114,5.185,16
-48.6773,-26.9118,5.185,16
-48.6785,-26.9103,8.52,16
-48.6807,-26.9099,8.52,16
-48.6803,-26.9102,8.52,16
-48.6772,-26.9093,5.215,16
-48.6772,-26.9097,5.215,16
-48.6772,-26.9106,5.185,16
-48.6777,-26.9103,6.296666666666667,16
-48.6772,-26.9102,5.876,16
-48.6773,-26.911,5.185,16
-48.7062,-26.8878,7.08,16
-48.7061,-26.887,7.08,16
-48.7062,-26.8874,7.08,16
-48.7152,-26.8829,21.15,16
-48.7147,-26.8827,21.15,16
-48.7156,-26.8826,21.15,16
-48.7152,-26.8824,21.15,16
-48.7139,-26.8827,21.15,16
-48.7143,-26.8825,21.15,16
-48.716,-26.8828,21.15,16
-48.7005,-26.8876,10.66,16
-48.7009,-26.8873,10.66,16
-48.7005,-26.8871,10.66,16
-48.7005,-26.888,6.93,16
-48.7009,-26.8877,8.795,16
-48.7001,-26.8878,6.93,16
-48.6987,-26.8872,11.84,16
-48.6974,-26.8863,11.84,16
-48.6978,-26.886,11.84,16
-48.6974,-26.8859,11.84,16
-48.6978,-26.8865,11.84,16
-48.7002,-26.8911,18.29,16
-48.7002,-26.8915,18.29,16
-48.7002,-26.8924,18.29,16
-48.7006,-26.8921,18.29,16
-48.7002,-26.892,18.29,16
-48.7002,-26.8928,18.29,16
-48.7007,-26.8926,18.29,16
-48.7006,-26.8913,18.29,16
-48.7006,-26.8917,18.29,16
-48.7003,-26.8834,10.66,16
-48.7004,-26.8838,10.66,16
-48.7009,-26.8865,10.66,16
-48.7009,-26.8869,10.66,16
-48.7027,-26.888,6.93,16
-48.7018,-26.8881,6.93,16
-48.7022,-26.8879,6.93,16
-48.7014,-26.8879,6.93,16
-48.7061,-26.8853,7.08,16
-48.7061,-26.8862,7.08,16
-48.7061,-26.8857,7.08,16
-48.7061,-26.8866,7.08,16
-48.7004,-26.8846,10.66,16
-48.7004,-26.8842,10.66,16
-48.7004,-26.885,10.66,16
-48.7008,-26.8848,10.66,16
-48.7004,-26.8863,10.66,16
-48.7005,-26.8867,10.66,16
-48.7009,-26.8856,10.66,16
-48.7004,-26.8855,10.66,16
-48.7008,-26.8852,10.66,16
-48.7009,-26.8861,10.66,16
-48.7004,-26.8859,10.66,16
-48.6987,-26.8868,11.84,16
-48.6983,-26.8866,11.84,16
-48.7113,-26.8961,15.21,16
-48.7113,-26.8965,15.21,16
-48.7112,-26.8952,15.21,16
-48.7112,-26.8957,15.21,16
-48.7113,-26.8973,15.21,16
-48.7113,-26.8969,15.21,16
-48.7113,-26.8977,15.21,16
-48.7114,-26.899,15.21,16
-48.7114,-26.8994,15.21,16
-48.7113,-26.8982,15.21,16
-48.7113,-26.8986,15.21,16
-48.7114,-26.9003,15.21,16
-48.7114,-26.8998,15.21,16
-48.7114,-26.9007,15.21,16
-48.715,-26.8914,20.77,16
-48.7159,-26.8914,20.77,16
-48.7163,-26.8912,20.77,16
-48.7155,-26.8912,20.77,16
-48.7137,-26.8913,20.77,16
-48.7146,-26.8913,20.77,16
-48.7141,-26.8911,20.77,16
-48.7181,-26.891,20.77,16
-48.7185,-26.8908,13.86,16
-48.7194,-26.8908,13.86,16
-48.7198,-26.8905,13.86,16
-48.7189,-26.8906,13.86,16
-48.7172,-26.8911,20.77,16
-48.7176,-26.8909,20.77,16
-48.7168,-26.8913,20.77,16
-48.7119,-26.8906,20.77,16
-48.7115,-26.8904,20.77,16
-48.7124,-26.8908,20.77,16
-48.7115,-26.8908,20.77,16
-48.7111,-26.8902,20.77,16
-48.7111,-26.8906,20.77,16
-48.7133,-26.8911,20.77,16
-48.7137,-26.8909,20.77,16
-48.7128,-26.891,20.77,16
-48.7199,-26.893,22.342,16
-48.7195,-26.8937,14.62,16
-48.7199,-26.8934,22.342,16
-48.7112,-26.8944,15.21,16
-48.7108,-26.8942,15.21,16
-48.7112,-26.894,15.21,16
-48.7112,-26.8948,15.21,16
-48.7004,-26.897,18.29,16
-48.7004,-26.8974,18.29,16
-48.7008,-26.8963,18.29,16
-48.7003,-26.8961,18.29,16
-48.7008,-26.8959,18.29,16
-48.7008,-26.8967,18.29,16
-48.7004,-26.8966,18.29,16
-48.7008,-26.898,18.29,16
-48.7009,-26.8984,18.29,16
-48.7008,-26.8972,18.29,16
-48.7008,-26.8976,18.29,16
-48.7003,-26.8941,18.29,16
-48.7003,-26.8945,18.29,16
-48.7007,-26.8934,18.29,16
-48.7002,-26.8932,18.29,16
-48.7007,-26.893,18.29,16
-48.7007,-26.8938,18.29,16
-48.7003,-26.8936,18.29,16
-48.7003,-26.8953,18.29,16
-48.7007,-26.8951,18.29,16
-48.7003,-26.8949,18.29,16
-48.7003,-26.8957,18.29,16
-48.7008,-26.8955,18.29,16
-48.7007,-26.8942,18.29,16
-48.7007,-26.8947,18.29,16
-48.7009,-26.8992,18.29,16
-48.7009,-26.8988,18.29,16
-48.7001,-26.9014,14.93,16
-48.6578,-26.903,11.296666666666667,16
-48.6578,-26.9038,11.4,16
-48.6578,-26.9043,11.4,16
-48.6574,-26.9041,11.4,16
-48.6586,-26.9034,11.3225,16
-48.6582,-26.9032,11.3225,16
-48.6565,-26.9037,4.67,16
-48.6569,-26.9035,4.67,16
-48.656,-26.904,4.67,16
-48.6933,-26.883,3.885,16
-48.6933,-26.8826,3.885,16
-48.6933,-26.8834,4.6466666666666665,16
-48.6933,-26.8817,3.885,16
-48.6933,-26.8821,3.885,16
-48.6934,-26.8838,6.17,16
-48.6925,-26.8839,6.17,16
-48.6929,-26.8836,6.17,16
-48.6921,-26.8841,6.17,16
-48.6959,-26.8811,12.57,16
-48.6959,-26.8816,10.815,16
-48.6955,-26.881,12.57,16
-48.6946,-26.881,7.705,16
-48.6955,-26.8814,10.815,16
-48.6946,-26.8814,7.705,16
-48.6959,-26.8803,12.57,16
-48.6954,-26.8801,12.57,16
-48.6959,-26.8799,12.57,16
-48.6959,-26.8807,12.57,16
-48.6954,-26.8805,12.57,16
-48.6955,-26.8822,10.815,16
-48.6959,-26.882,10.815,16
-48.6955,-26.8818,10.815,16
-48.6955,-26.8826,10.815,16
-48.6959,-26.8824,10.815,16
-48.6945,-26.8789,7.705,16
-48.6945,-26.8793,7.705,16
-48.6933,-26.8813,3.885,16
-48.6945,-26.8802,7.705,16
-48.6945,-26.8798,7.705,16
-48.6946,-26.8806,7.705,16
-48.6956,-26.8839,10.815,16
-48.6956,-26.8843,10.815,16
-48.696,-26.8832,10.815,16
-48.6955,-26.8831,10.815,16
-48.696,-26.8828,10.815,16
-48.696,-26.8837,10.815,16
-48.6955,-26.8835,10.815,16
-48.6965,-26.8851,11.84,16
-48.6969,-26.8857,11.84,16
-48.6965,-26.8855,11.84,16
-48.696,-26.8849,11.84,16
-48.6956,-26.8847,11.84,16
-48.6916,-26.8848,6.17,16
-48.6916,-26.8843,6.17,16
-48.6953,-26.9142,22.63,16
-48.6957,-26.914,22.63,16
-48.6948,-26.9141,17.933333333333334,16
-48.6953,-26.9138,17.933333333333334,16
-48.6931,-26.915,6.37,16
-48.6936,-26.9148,6.37,16
-48.6931,-26.9146,6.37,16
-48.6931,-26.9154,6.37,16
-48.6936,-26.9152,6.37,16
-48.6944,-26.9139,17.933333333333334,16
-48.6935,-26.9139,6.37,16
-48.694,-26.9137,17.933333333333334,16
-48.6935,-26.9143,6.37,16
-48.6936,-26.9156,6.37,16
-48.6888,-26.9153,12.4,16
-48.6888,-26.9157,12.4,16
-48.6887,-26.9144,12.4,16
-48.6887,-26.9149,12.4,16
-48.6922,-26.913,17.933333333333334,16
-48.6917,-26.9128,17.933333333333334,16
-48.6926,-26.9132,17.933333333333334,16
-48.6909,-26.9128,17.933333333333334,16
-48.6913,-26.9126,17.933333333333334,16
-48.6904,-26.9127,17.28,16
-48.6909,-26.9124,12.06,16
-48.6931,-26.9138,6.37,16
-48.6931,-26.9142,6.37,16
-48.6742,-26.9246,9.4,16
-48.6742,-26.925,9.4,16
-48.6747,-26.9243,9.4,16
-48.6827,-26.9169,12.28,16
-48.6831,-26.9171,12.28,16
-48.6823,-26.9172,12.28,16
-48.6814,-26.9172,12.28,16
-48.6818,-26.917,12.28,16
-48.681,-26.917,12.28,16
-48.6774,-26.9143,4.91,16
-48.6774,-26.9147,4.91,16
-48.6836,-26.9169,12.28,16
-48.6797,-26.9173,12.28,16
-48.6788,-26.9174,12.28,16
-48.6792,-26.9171,12.28,16
-48.6801,-26.9167,4.2,16
-48.6796,-26.9165,4.2,16
-48.6801,-26.9171,12.28,16
-48.6779,-26.9174,12.28,16
-48.6783,-26.9172,12.28,16
-48.6788,-26.9165,4.2,16
-48.6792,-26.9167,4.2,16
-48.6783,-26.9168,4.2,16
-48.6805,-26.9173,12.28,16
-48.6953,-26.9266,11.25,16
-48.6953,-26.9262,11.25,16
-48.6953,-26.9282,5.745,16
-48.6958,-26.928,5.745,16
-48.6962,-26.9269,11.25,16
-48.6957,-26.9268,11.25,16
-48.6962,-26.9274,7.58,16
-48.6966,-26.9271,6.54,16
-48.7034,-26.9102,15.11,16
-48.703,-26.91,15.11,16
-48.7034,-26.9098,15.11,16
-48.7035,-26.9106,15.11,16
-48.703,-26.9104,15.11,16
-48.703,-26.9092,15.11,16
-48.703,-26.9096,15.11,16
-48.7034,-26.9093,15.11,16
-48.7035,-26.911,15.11,16
-48.7035,-26.9114,15.11,16
-48.703,-26.9108,15.11,16
-48.703,-26.9112,15.11,16
-48.7114,-26.913,33.83,16
-48.7035,-26.9131,15.11,16
-48.7035,-26.9127,15.11,16
-48.7036,-26.9135,15.11,16
-48.7031,-26.9121,15.11,16
-48.7035,-26.9118,15.11,16
-48.7031,-26.9117,15.11,16
-48.7035,-26.9123,15.11,16
-48.7036,-26.9139,15.11,16
-48.7036,-26.9143,15.11,16
-48.7154,-26.9036,22.585,16
-48.7159,-26.9033,25.492,16
-48.7154,-26.9031,8.05,16
-48.7155,-26.904,25.492,16
-48.7159,-26.9037,17.76,16
-48.715,-26.9038,8.05,16
-48.7163,-26.9027,17.76,16
-48.7167,-26.9024,17.76,16
-48.7158,-26.9025,22.585,16
-48.7163,-26.9022,25.492,16
-48.7163,-26.9031,17.76,16
-48.7159,-26.9029,25.492,16
-48.7154,-26.9027,8.05,16
-48.7155,-26.9044,23.282857142857146,16
-48.7159,-26.9041,17.76,16
-48.7155,-26.9048,17.76,16
-48.7163,-26.9035,17.76,16
-48.7146,-26.9044,8.05,16
-48.715,-26.9042,8.05,16
-48.7146,-26.9049,33.4,16
-48.715,-26.9046,25.28875,16
-48.7138,-26.907,33.4,16
-48.7138,-26.9074,27.75142857142857,16
-48.713,-26.9091,33.4,16
-48.7134,-26.9089,27.75142857142857,16
-48.713,-26.9096,27.75142857142857,16
-48.7135,-26.9093,25.492,16
-48.7139,-26.9083,25.492,16
-48.7134,-26.9081,33.4,16
-48.7138,-26.9078,27.75142857142857,16
-48.7134,-26.9085,27.75142857142857,16
-48.7142,-26.9063,33.4,16
-48.7147,-26.9061,27.75142857142857,16
-48.7142,-26.9059,33.4,16
-48.7142,-26.9068,27.75142857142857,16
-48.7147,-26.9065,25.492,16
-48.7151,-26.9055,23.282857142857146,16
-48.7146,-26.9053,33.4,16
-48.7151,-26.905,23.282857142857146,16
-48.7146,-26.9057,27.75142857142857,16
-48.7143,-26.9072,27.75142857142857,16
-48.7143,-26.9076,25.492,16
-48.7003,-26.9089,13.276666666666666,16
-48.7008,-26.9087,13.276666666666666,16
-48.7003,-26.9085,13.276666666666666,16
-48.7004,-26.9093,13.276666666666666,16
-48.7008,-26.9091,13.276666666666666,16
-48.7008,-26.9082,13.276666666666666,16
-48.7003,-26.9076,13.276666666666666,16
-48.7003,-26.9081,13.276666666666666,16
-48.6942,-26.9093,12.78,16
-48.6947,-26.9095,12.78,16
-48.6938,-26.9095,12.78,16
-48.6929,-26.9096,12.78,16
-48.6934,-26.9093,12.78,16
-48.6925,-26.9094,12.78,16
-48.6951,-26.9092,12.78,16
-48.6979,-26.9149,22.63,16
-48.6975,-26.9147,22.63,16
-48.6966,-26.9144,22.63,16
-48.6962,-26.9142,22.63,16
-48.697,-26.9145,22.63,16
-48.6939,-26.912,5.42,16
-48.6939,-26.9124,5.42,16
-48.6939,-26.9112,5.42,16
-48.6939,-26.9116,5.42,16
-48.6948,-26.9136,17.933333333333334,16
-48.6939,-26.9129,5.42,16
-48.6935,-26.9135,15.0425,16
-48.6939,-26.9133,5.42,16
-48.6931,-26.9133,17.933333333333334,16
-48.7001,-26.9031,11.41,16
-48.7001,-26.9026,11.41,16
-48.7002,-26.9035,11.41,16
-48.7001,-26.9018,11.41,16
-48.7001,-26.9022,11.41,16
-48.7002,-26.9039,11.41,16
-48.7002,-26.9043,11.41,16
-48.7002,-26.906,13.276666666666666,16
-48.7002,-26.9056,13.276666666666666,16
-48.7003,-26.9064,13.276666666666666,16
-48.7002,-26.9047,11.93,16
-48.7002,-26.9051,13.276666666666666,16
-48.7003,-26.9068,13.276666666666666,16
-48.7003,-26.9072,13.276666666666666,16
-48.7094,-26.9184,28.451666666666668,16
-48.7098,-26.9181,26.34,16
-48.7094,-26.9188,28.451666666666668,16
-48.7098,-26.9173,28.451666666666668,16
-48.7094,-26.9179,32.675,16
-48.7098,-26.9177,28.451666666666668,16
-48.709,-26.9194,28.451666666666668,16
-48.7094,-26.9192,26.34,16
-48.709,-26.919,32.675,16
-48.709,-26.9199,28.01,16
-48.7086,-26.9197,34.69,16
-48.7102,-26.9158,33.83,16
-48.711,-26.9145,29.55,16
-48.7106,-26.9152,29.55,16
-48.711,-26.9149,29.55,16
-48.7102,-26.9166,29.55,16
-48.7106,-26.9164,26.34,16
-48.7102,-26.9162,29.55,16
-48.7102,-26.9171,26.34,16
-48.7098,-26.9169,33.83,16
-48.7106,-26.9156,29.55,16
-48.711,-26.9153,26.34,16
-48.7106,-26.916,29.55,16
-48.7082,-26.9212,28.01,16
-48.7086,-26.9209,26.34,16
-48.7082,-26.9216,28.01,16
-48.709,-26.9203,26.34,16
-48.7086,-26.9201,28.01,16
-48.7082,-26.9207,34.69,16
-48.7086,-26.9205,28.01,16
-48.7126,-26.911,29.55,16
-48.7126,-26.9106,29.55,16
-48.7127,-26.9115,26.34,16
-48.7122,-26.9113,29.55,16
-48.713,-26.91,27.75142857142857,16
-48.7131,-26.9104,26.34,16
-48.7126,-26.9102,33.4,16
-48.7118,-26.9119,33.83,16
-48.7122,-26.9117,29.55,16
-48.7118,-26.9124,29.55,16
-48.7122,-26.9121,29.55,16
-48.7114,-26.9138,29.55,16
-48.7114,-26.9134,29.55,16
-48.7114,-26.9143,26.34,16
-48.711,-26.9141,33.83,16
-48.7118,-26.9128,29.55,16
-48.7118,-26.9132,26.34,16
-48.7036,-26.916,15.11,16
-48.7036,-26.9156,15.11,16
-48.7037,-26.9164,15.11,16
-48.7036,-26.9148,15.11,16
-48.7036,-26.9152,15.11,16
-48.6668,-26.9125,15.79,16
-48.6664,-26.9123,15.79,16
-48.6668,-26.9129,15.79,16
-48.6659,-26.9113,15.79,16
-48.6664,-26.9119,15.79,16
-48.6659,-26.9117,15.79,16
-48.6612,-26.913,9.08,16
-48.6607,-26.9137,9.08,16
-48.6612,-26.9135,9.08,16
-48.6608,-26.9141,9.08,16
-48.6616,-26.9128,9.08,16
-48.6646,-26.9103,15.79,16
-48.6645,-26.9099,15.79,16
-48.665,-26.9105,15.79,16
-48.6655,-26.9111,15.79,16
-48.665,-26.9109,15.79,16
-48.6599,-26.9154,9.08,16
-48.6603,-26.9148,9.08,16
-48.6603,-26.9144,9.08,16
-48.6599,-26.915,9.08,16
-48.6693,-26.9077,12.5925,16
-48.6693,-26.9081,12.5925,16
-48.6693,-26.9073,12.5925,16
-48.6693,-26.9086,12.5925,16
-48.6693,-26.909,12.5925,16
-48.6727,-26.9067,11.755,16
-48.6718,-26.9051,4.91,16
-48.6718,-26.9055,4.91,16
-48.6732,-26.9073,5.1,16
-48.6736,-26.907,9.536666666666667,16
-48.6728,-26.9071,5.1,16
-48.6732,-26.9068,11.755,16
-48.6719,-26.9071,5.1,16
-48.6723,-26.9073,5.1,16
-48.6714,-26.9049,4.91,16
-48.6698,-26.9108,12.5925,16
-48.6694,-26.9106,12.5925,16
-48.6698,-26.9104,12.5925,16
-48.6698,-26.9112,12.5925,16
-48.6694,-26.9111,12.5925,16
-48.6694,-26.9098,12.5925,16
-48.6698,-26.9096,12.5925,16
-48.6693,-26.9094,12.5925,16
-48.6694,-26.9102,12.5925,16
-48.6698,-26.91,12.5925,16
-48.6699,-26.9117,12.5925,16
-48.6699,-26.9121,12.5925,16
-48.6654,-26.9107,15.79,16
-48.6614,-26.9061,9.51,16
-48.6609,-26.9059,9.51,16
-48.6614,-26.9065,9.51,16
-48.6618,-26.9063,9.51,16
-48.6592,-26.9073,6.83,16
-48.6605,-26.9058,9.51,16
-48.66,-26.9056,9.51,16
-48.6578,-26.9055,4.99,16
-48.657,-26.9056,6.96,16
-48.6574,-26.9062,4.99,16
-48.6579,-26.9059,4.99,16
-48.6583,-26.9049,4.99,16
-48.6587,-26.9046,10.6,16
-48.6582,-26.9044,10.6,16
-48.6578,-26.9051,4.99,16
-48.6565,-26.9054,6.96,16
-48.6565,-26.9058,6.96,16
-48.6574,-26.9066,4.99,16
-48.6566,-26.9066,6.96,16
-48.6561,-26.9065,6.96,16
-48.6566,-26.9062,6.96,16
-48.6561,-26.9069,6.96,16
-48.6604,-26.9045,11.3225,16
-48.66,-26.9043,11.3225,16
-48.6591,-26.904,11.3225,16
-48.6587,-26.9038,11.3225,16
-48.6591,-26.9036,11.3225,16
-48.6595,-26.9042,11.3225,16
-48.6609,-26.9051,11.4,16
-48.6613,-26.9049,11.4,16
-48.6609,-26.9047,11.3225,16
-48.6596,-26.905,9.51,16
-48.6591,-26.9048,9.51,16
-48.6596,-26.9054,9.51,16
-48.66,-26.9052,9.51,16
-48.6632,-26.9081,15.79,16
-48.6636,-26.9087,15.79,16
-48.6632,-26.9085,15.79,16
-48.6627,-26.9079,15.79,16
-48.6641,-26.9093,15.79,16
-48.6636,-26.9091,15.79,16
-48.6641,-26.9097,15.79,16
-48.6579,-26.9084,9.5325,16
-48.6575,-26.9083,9.5325,16
-48.6588,-26.9075,6.83,16
-48.6584,-26.9082,9.5325,16
-48.6588,-26.908,6.83,16
-48.6579,-26.908,9.5325,16
-48.6571,-26.9081,9.5325,16
-48.6566,-26.9079,11.003333333333332,16
-48.6584,-26.9086,8.992,16
-48.6588,-26.9084,6.83,16
-48.6584,-26.909,6.83,16
-48.6739,-26.9162,7.505,16
-48.6773,-26.9122,5.185,16
-48.6773,-26.9127,5.185,16
-48.6769,-26.9146,4.91,16
-48.6773,-26.9135,5.185,16
-48.6773,-26.9131,5.185,16
-48.6774,-26.9139,4.91,16
-48.6766,-26.916,7.505,16
-48.6757,-26.9161,7.505,16
-48.6761,-26.9159,7.505,16
-48.677,-26.9154,4.91,16
-48.6774,-26.9152,4.91,16
-48.677,-26.915,4.91,16
-48.677,-26.9158,6.64,16
-48.6774,-26.9156,4.91,16
-48.6748,-26.9162,7.505,16
-48.6752,-26.9159,7.505,16
-48.6744,-26.916,7.505,16
-48.6774,-26.9164,4.91,16
-48.677,-26.9162,4.91,16
-48.6774,-26.916,4.91,16
-48.6779,-26.9166,4.2,16
-48.677,-26.9166,4.91,16
-48.7274,-26.8578,24.2725,16
-48.7274,-26.8582,24.2725,16
-48.7275,-26.8591,24.2725,16
-48.7279,-26.8588,24.2725,16
-48.7274,-26.8586,24.2725,16
-48.7279,-26.8592,24.2725,16
-48.7274,-26.857,24.2725,16
-48.7274,-26.8574,24.2725,16
-48.7279,-26.8584,24.2725,16
-48.7269,-26.8551,24.2725,16
-48.7269,-26.8547,24.2725,16
-48.7269,-26.8555,24.2725,16
-48.7274,-26.8561,24.2725,16
-48.7269,-26.856,24.2725,16
-48.7273,-26.8557,24.2725,16
-48.7274,-26.8566,24.2725,16
-48.7269,-26.8564,24.2725,16
-48.7279,-26.8601,24.2725,16
-48.7279,-26.8597,24.2725,16
-48.7279,-26.8605,24.2725,16
-48.7284,-26.8611,24.2725,16
-48.728,-26.8609,24.2725,16
-48.7284,-26.8607,24.2725,16
-48.7284,-26.8615,24.2725,16
-48.7254,-26.85,24.2725,16
-48.7259,-26.8506,24.2725,16
-48.7254,-26.8504,24.2725,16
-48.7249,-26.849,24.2725,16
-48.7254,-26.8496,24.2725,16
-48.7249,-26.8494,24.2725,16
-48.7263,-26.8512,24.2725,16
-48.7259,-26.851,24.2725,16
-48.7263,-26.8516,24.2725,16
-48.7259,-26.8514,24.2725,16
-48.7236,-26.848,24.2725,16
-48.7231,-26.8478,24.2725,16
-48.724,-26.8482,24.2725,16
-48.7245,-26.8488,24.2725,16
-48.724,-26.8486,24.2725,16
-48.7245,-26.8492,24.2725,16
-48.7264,-26.8528,24.2725,16
-48.7264,-26.8533,24.2725,16
-48.7263,-26.852,24.2725,16
-48.7268,-26.8526,24.2725,16
-48.7264,-26.8524,24.2725,16
-48.7268,-26.8539,24.2725,16
-48.7264,-26.8537,24.2725,16
-48.7269,-26.8543,24.2725,16
-48.7268,-26.853,24.2725,16
-48.7268,-26.8534,24.2725,16
-48.7299,-26.8658,24.2725,16
-48.7299,-26.8662,24.2725,16
-48.7298,-26.865,24.2725,16
-48.7303,-26.8656,10.35,16
-48.7299,-26.8654,24.2725,16
-48.7294,-26.8648,24.2725,16
-48.7294,-26.8652,24.2725,16
-48.7299,-26.8671,24.2725,16
-48.7304,-26.8668,10.35,16
-48.7299,-26.8666,24.2725,16
-48.7299,-26.8675,24.2725,16
-48.7304,-26.8672,10.35,16
-48.7303,-26.866,10.35,16
-48.7303,-26.8664,10.35,16
-48.7289,-26.8629,24.2725,16
-48.7294,-26.8635,24.2725,16
-48.7289,-26.8634,24.2725,16
-48.7289,-26.8621,24.2725,16
-48.7284,-26.8619,24.2725,16
-48.7289,-26.8625,24.2725,16
-48.7284,-26.8623,24.2725,16
-48.7294,-26.864,24.2725,16
-48.7294,-26.8644,24.2725,16
-48.7289,-26.8638,24.2725,16
-48.73,-26.8687,24.2725,16
-48.7296,-26.8694,22.65,16
-48.73,-26.8692,24.2725,16
-48.7304,-26.8681,10.35,16
-48.73,-26.8679,24.2725,16
-48.7304,-26.8677,10.35,16
-48.7304,-26.8685,10.35,16
-48.73,-26.8683,24.2725,16
-48.7296,-26.8698,22.65,16
-48.73,-26.8696,21.488,16
-48.7296,-26.8702,22.65,16
-48.7304,-26.8689,10.35,16
-48.7304,-26.8693,10.35,16
-48.7195,-26.8447,24.2725,16
-48.72,-26.8449,24.2725,16
-48.7204,-26.8455,24.2725,16
-48.7204,-26.8451,24.2725,16
-48.7213,-26.8458,24.2725,16
-48.7209,-26.8457,24.2725,16
-48.7213,-26.8463,24.2725,16
-48.7231,-26.8474,24.2725,16
-48.7227,-26.8472,24.2725,16
-48.7222,-26.8466,24.2725,16
-48.7218,-26.8464,24.2725,16
-48.7222,-26.847,24.2725,16
-48.726,-26.879,24.2725,16
-48.7256,-26.8797,24.2725,16
-48.726,-26.8795,24.2725,16
-48.7264,-26.8784,24.2725,16
-48.7264,-26.878,24.2725,16
-48.726,-26.8786,24.2725,16
-48.7256,-26.8801,24.2725,16
-48.7268,-26.8765,24.2725,16
-48.7272,-26.8762,24.2725,16
-48.7268,-26.8769,24.2725,16
-48.7276,-26.8756,24.2725,16
-48.7272,-26.8754,24.2725,16
-48.7276,-26.8752,24.2725,16
-48.7272,-26.8758,24.2725,16
-48.7268,-26.8773,24.2725,16
-48.7264,-26.8775,24.2725,16
-48.7251,-26.8803,24.2725,16
-48.7248,-26.8818,24.2725,16
-48.7243,-26.8825,24.2725,16
-48.7248,-26.8822,24.2725,16
-48.7252,-26.8812,24.2725,16
-48.7252,-26.8808,24.2725,16
-48.7247,-26.8814,24.2725,16
-48.7292,-26.8717,24.2725,16
-48.7288,-26.8715,22.65,16
-48.7284,-26.8722,16.16,16
-48.7288,-26.872,22.65,16
-48.7292,-26.8709,22.65,16
-48.7296,-26.8706,24.2725,16
-48.7292,-26.8705,16.16,16
-48.7292,-26.8713,22.65,16
-48.7284,-26.8726,22.65,16
-48.7288,-26.8724,24.2725,16
-48.7284,-26.873,22.65,16
-48.728,-26.8745,24.2725,16
-48.7185,-26.8793,21.15,16
-48.7177,-26.8794,21.15,16
-48.7181,-26.8791,21.15,16
-48.7177,-26.8798,21.15,16
-48.719,-26.8791,21.15,16
-48.7194,-26.8788,21.15,16
-48.7185,-26.8789,21.15,16
-48.7173,-26.8813,21.15,16
-48.7173,-26.8817,21.15,16
-48.7169,-26.8815,21.15,16
-48.7173,-26.8804,21.15,16
-48.7177,-26.8802,21.15,16
-48.7173,-26.8808,21.15,16
-48.7169,-26.8823,21.15,16
-48.7173,-26.8821,21.15,16
-48.7169,-26.8819,21.15,16
-48.7169,-26.8827,21.15,16
-48.7165,-26.8826,21.15,16
-48.7203,-26.8788,21.15,16
-48.7207,-26.8785,21.15,16
-48.7198,-26.8786,21.15,16
-48.7203,-26.8783,21.15,16
-48.7276,-26.8743,16.16,16
-48.7276,-26.8747,24.2725,16
-48.728,-26.8737,22.65,16
-48.7284,-26.8734,24.2725,16
-48.728,-26.8733,16.16,16
-48.728,-26.8741,22.65,16
-48.724,-26.884,24.2725,16
-48.7239,-26.8836,24.2725,16
-48.724,-26.8844,24.2725,16
-48.7235,-26.8842,24.2725,16
-48.7244,-26.8829,24.2725,16
-48.7244,-26.8833,24.2725,16
-48.7235,-26.8846,24.2725,16
-48.7231,-26.8853,24.2725,16
-48.7236,-26.885,24.2725,16
-48.7223,-26.8874,24.2725,16
-48.7219,-26.8881,24.2725,16
-48.7223,-26.8878,24.2725,16
-48.7215,-26.8896,24.2725,16
-48.722,-26.8893,8.36,16
-48.7215,-26.8892,24.2725,16
-48.7215,-26.89,24.2725,16
-48.722,-26.8897,8.36,16
-48.7224,-26.8887,8.36,16
-48.7219,-26.8885,24.2725,16
-48.7224,-26.8883,18.968333333333334,16
-48.7224,-26.8891,8.36,16
-48.7219,-26.8889,18.968333333333334,16
-48.7227,-26.8868,24.2725,16
-48.7227,-26.8864,24.2725,16
-48.7228,-26.8872,18.968333333333334,16
-48.7231,-26.8857,24.2725,16
-48.7232,-26.8861,24.2725,16
-48.7228,-26.8876,8.36,16
-48.7228,-26.888,8.36,16
-48.6958,-26.8786,12.57,16
-48.6945,-26.8785,7.705,16
-48.6954,-26.8793,12.57,16
-48.6958,-26.8791,12.57,16
-48.6954,-26.8789,12.57,16
-48.6954,-26.8797,12.57,16
-48.6958,-26.8795,12.57,16
-48.6548,-26.9047,4.67,16
-48.6543,-26.9053,4.67,16
-48.6548,-26.9051,4.67,16
-48.6544,-26.9057,4.67,16
-48.6552,-26.9044,4.67,16
-48.6556,-26.9042,4.67,16
-48.6544,-26.9074,10.005,16
-48.6548,-26.9072,11.003333333333332,16
-48.6544,-26.907,7.01,16
-48.6544,-26.9078,7.01,16
-48.6549,-26.9076,11.003333333333332,16
-48.6548,-26.9063,7.01,16
-48.6544,-26.9062,7.01,16
-48.6539,-26.906,4.67,16
-48.6544,-26.9066,7.01,16
-48.6544,-26.9082,7.01,16
-48.6557,-26.9075,11.003333333333332,16
-48.6562,-26.9073,6.96,16
-48.6553,-26.9073,11.003333333333332,16
-48.6562,-26.9077,9.9925,16
-48.6553,-26.9078,11.003333333333332,16
-48.654,-26.9085,7.01,16
-48.6863,-26.9464,31.615,16
-48.6868,-26.9461,31.615,16
-48.6859,-26.9466,31.615,16
-48.6872,-26.9459,31.615,16
-48.6876,-26.9457,29.403333333333336,16
-48.6851,-26.9471,31.615,16
-48.6855,-26.9469,31.615,16
-48.6893,-26.9447,29.403333333333336,16
-48.6898,-26.9445,29.403333333333336,16
-48.6889,-26.945,29.403333333333336,16
-48.6902,-26.9443,29.403333333333336,16
-48.6906,-26.944,29.403333333333336,16
-48.6881,-26.9454,29.403333333333336,16
-48.6885,-26.9452,29.403333333333336,16
-48.6956,-26.9366,5.43,16
-48.696,-26.9364,5.43,16
-48.6956,-26.9362,5.43,16
-48.6957,-26.9395,29.066,16
-48.6961,-26.9393,29.066,16
-48.6953,-26.9398,29.066,16
-48.6966,-26.9386,29.066,16
-48.697,-26.9384,29.066,16
-48.6961,-26.9389,29.066,16
-48.6923,-26.9431,29.403333333333336,16
-48.6923,-26.9427,29.066,16
-48.6919,-26.9433,29.403333333333336,16
-48.6932,-26.9422,29.066,16
-48.6936,-26.9419,29.066,16
-48.6932,-26.9418,29.066,16
-48.6928,-26.9424,29.066,16
-48.6911,-26.9438,29.403333333333336,16
-48.6915,-26.9435,29.403333333333336,16
-48.694,-26.9413,29.066,16
-48.6945,-26.9411,29.066,16
-48.6936,-26.9415,29.066,16
-48.6949,-26.9404,29.066,16
-48.6953,-26.9402,29.066,16
-48.6944,-26.9406,29.066,16
-48.6808,-26.9495,31.615,16
-48.6803,-26.9501,31.615,16
-48.6808,-26.9499,31.615,16
-48.6812,-26.9492,31.615,16
-48.6816,-26.949,31.615,16
-48.6804,-26.9505,31.615,16
-48.6799,-26.9508,31.615,16
-48.6833,-26.948,31.615,16
-48.6838,-26.9478,31.615,16
-48.6829,-26.9483,31.615,16
-48.6842,-26.9476,31.615,16
-48.6846,-26.9473,31.615,16
-48.682,-26.9487,31.615,16
-48.6825,-26.9485,31.615,16
-48.6795,-26.9522,31.615,16
-48.6796,-26.9527,31.615,16
-48.68,-26.9516,31.615,16
-48.6795,-26.9514,31.615,16
-48.6799,-26.9512,31.615,16
-48.6795,-26.9518,31.615,16
-48.6796,-26.9535,31.615,16
-48.6791,-26.9533,31.615,16
-48.6796,-26.9531,31.615,16
-48.6796,-26.9539,31.615,16
-48.6792,-26.9537,31.615,16
-48.7041,-26.9306,29.066,16
-48.7046,-26.9304,29.066,16
-48.7042,-26.931,29.066,16
-48.705,-26.9297,26.34,16
-48.705,-26.9293,26.34,16
-48.7046,-26.93,29.066,16
-48.7037,-26.9313,29.066,16
-48.7033,-26.9319,29.066,16
-48.7037,-26.9317,29.066,16
-48.7054,-26.9287,26.34,16
-48.7029,-26.9338,10.09,16
-48.7025,-26.9336,10.09,16
-48.7047,-26.935,10.09,16
-48.7043,-26.9348,10.09,16
-48.7034,-26.9344,10.09,16
-48.7038,-26.9342,10.09,16
-48.7034,-26.934,10.09,16
-48.7038,-26.9346,10.09,16
-48.698,-26.9285,11.25,16
-48.6975,-26.9283,11.25,16
-48.6971,-26.9277,11.25,16
-48.6962,-26.9278,5.745,16
-48.6966,-26.9275,11.25,16
-48.6971,-26.9281,11.25,16
-48.697,-26.9269,6.54,16
-48.698,-26.9289,11.25,16
-48.7016,-26.9333,29.066,16
-48.702,-26.9331,29.066,16
-48.7016,-26.9337,21.95,16
-48.7021,-26.9335,21.95,16
-48.7029,-26.9322,29.066,16
-48.7025,-26.9328,29.066,16
-48.7029,-26.9326,29.066,16
-48.7074,-26.9229,28.01,16
-48.707,-26.9235,34.69,16
-48.7074,-26.9233,28.01,16
-48.7078,-26.9222,28.01,16
-48.7082,-26.922,26.34,16
-48.7078,-26.9218,34.69,16
-48.7078,-26.9226,28.01,16
-48.707,-26.924,28.01,16
-48.7074,-26.9237,28.01,16
-48.707,-26.9244,28.01,16
-48.7078,-26.9231,26.34,16
-48.705,-26.9289,26.34,16
-48.7054,-26.9278,26.34,16
-48.7058,-26.9276,26.34,16
-48.7054,-26.9282,26.34,16
-48.7058,-26.928,26.34,16
-48.7066,-26.9259,26.34,16
-48.7062,-26.9261,26.34,16
-48.7066,-26.925,28.01,16
-48.707,-26.9248,26.34,16
-48.7066,-26.9246,34.69,16
-48.7066,-26.9254,28.01,16
-48.7062,-26.9269,26.34,16
-48.7062,-26.9265,26.34,16
-48.7058,-26.9272,26.34,16
-48.7052,-26.9352,10.09,16
-48.6982,-26.9368,29.066,16
-48.6987,-26.9366,29.066,16
-48.6983,-26.9373,29.066,16
-48.6987,-26.937,5.575,16
-48.6978,-26.9371,25.126666666666665,16
-48.6991,-26.936,29.066,16
-48.6995,-26.9357,22.354285714285716,16
-48.6991,-26.9364,22.354285714285716,16
-48.6995,-26.9361,5.575,16
-48.6969,-26.9367,5.43,16
-48.6965,-26.9365,5.43,16
-48.6974,-26.9369,5.43,16
-48.6991,-26.9368,5.575,16
-48.6974,-26.9377,29.066,16
-48.6978,-26.9375,29.066,16
-48.6974,-26.9382,29.066,16
-48.697,-26.938,29.066,16
-48.7021,-26.9339,10.09,16
-48.6999,-26.9351,29.066,16
-48.7004,-26.9348,29.066,16
-48.6999,-26.9355,22.354285714285716,16
-48.7008,-26.9342,29.066,16
-48.7012,-26.9339,29.066,16
-48.7008,-26.9346,29.066,16
-48.7012,-26.9344,29.066,16
-48.6825,-26.9625,31.615,16
-48.6821,-26.9623,31.615,16
-48.6825,-26.9629,31.615,16
-48.683,-26.9635,31.615,16
-48.683,-26.9631,31.615,16
-48.683,-26.9639,39.97,16
-48.6835,-26.9654,39.97,16
-48.684,-26.966,39.97,16
-48.6835,-26.9658,39.97,16
-48.6835,-26.9645,39.97,16
-48.683,-26.9644,39.97,16
-48.6835,-26.9641,39.97,16
-48.6835,-26.965,39.97,16
-48.684,-26.9664,39.97,16
-48.684,-26.9668,39.97,16
-48.6835,-26.9662,39.97,16
-48.6835,-26.9666,39.97,16
-48.6812,-26.9611,31.615,16
-48.6811,-26.9607,31.615,16
-48.6807,-26.9601,31.615,16
-48.6807,-26.9605,31.615,16
-48.6816,-26.9613,31.615,16
-48.6821,-26.9619,31.615,16
-48.6816,-26.9617,31.615,16
-48.6796,-26.9552,31.615,16
-48.6797,-26.9556,31.615,16
-48.6796,-26.9543,31.615,16
-48.6796,-26.9547,31.615,16
-48.6797,-26.9564,31.615,16
-48.6797,-26.956,31.615,16
-48.6797,-26.9568,31.615,16
-48.6802,-26.9583,31.615,16
-48.6802,-26.9587,31.615,16
-48.6797,-26.9581,31.615,16
-48.6798,-26.9585,31.615,16
-48.6797,-26.9573,31.615,16
-48.6802,-26.9578,31.615,16
-48.6797,-26.9577,31.615,16
-48.6807,-26.9597,31.615,16
-48.6802,-26.9591,31.615,16
-48.6802,-26.9595,31.615,16
-48.6836,-26.9683,39.97,16
-48.6836,-26.9687,39.97,16
-48.6836,-26.9675,39.97,16
-48.6836,-26.967,39.97,16
-48.6836,-26.9679,39.97,16
-48.6832,-26.9694,39.97,16
-48.6836,-26.9691,39.97,16
-48.6832,-26.9698,39.97,16
-48.6836,-26.9695,39.97,16
-48.6833,-26.971,35.605,16
-48.6828,-26.9717,31.24,16
-48.6833,-26.9714,31.24,16
-48.6832,-26.9702,39.97,16
-48.6832,-26.9706,39.97,16
-48.6829,-26.9721,31.24,16
-48.6833,-26.9719,31.24,16
-48.6829,-26.9725,31.24,16
-48.7179,-26.8988,25.492,16
-48.7175,-26.8986,25.492,16
-48.7175,-26.899,25.492,16
-48.7179,-26.898,25.492,16
-48.7183,-26.8977,25.492,16
-48.7179,-26.8984,25.492,16
-48.7175,-26.8999,17.76,16
-48.7171,-26.8997,25.492,16
-48.7175,-26.8994,25.492,16
-48.7175,-26.9003,17.76,16
-48.7179,-26.9,5.48,16
-48.7171,-26.9001,25.492,16
-48.7187,-26.8958,24.2725,16
-48.7187,-26.8962,24.2725,16
-48.7191,-26.8952,22.342,16
-48.7195,-26.8949,24.2725,16
-48.7191,-26.8947,22.342,16
-48.7191,-26.8956,22.342,16
-48.7183,-26.8969,24.2725,16
-48.7187,-26.8967,24.2725,16
-48.7183,-26.8973,25.492,16
-48.7189,-26.9017,5.48,16
-48.7189,-26.9012,5.48,16
-48.7167,-26.9016,23.282857142857146,16
-48.7171,-26.9014,17.76,16
-48.7167,-26.902,17.76,16
-48.7184,-26.9006,5.48,16
-48.718,-26.9005,5.48,16
-48.7184,-26.9011,5.48,16
-48.7166,-26.8999,4.01,16
-48.7158,-26.9016,8.05,16
-48.7162,-26.9014,22.585,16
-48.7158,-26.9021,8.05,16
-48.7163,-26.9018,25.492,16
-48.7167,-26.9008,25.492,16
-48.7171,-26.9005,23.282857142857146,16
-48.7162,-26.9006,4.01,16
-48.7166,-26.9003,4.01,16
-48.7167,-26.9012,25.492,16
-48.7171,-26.9009,17.76,16
-48.7162,-26.901,6.03,16
-48.7207,-26.8913,22.342,16
-48.7211,-26.8911,24.2725,16
-48.7207,-26.8917,24.2725,16
-48.7224,-26.8903,8.72,16
-48.7216,-26.8904,8.48,16
-48.722,-26.8902,8.48,16
-48.7216,-26.8908,8.36,16
-48.7203,-26.8915,14.62,16
-48.7207,-26.8905,11.67,16
-48.7211,-26.8902,20.07166666666667,16
-48.7202,-26.8903,13.86,16
-48.7207,-26.89,14.113333333333335,16
-48.7207,-26.8909,14.62,16
-48.7211,-26.8906,24.2725,16
-48.7203,-26.8924,22.342,16
-48.7207,-26.8921,24.2725,16
-48.7203,-26.8919,22.342,16
-48.7203,-26.8928,24.2725,16
-48.7199,-26.8926,14.62,16
-48.7237,-26.8901,8.72,16
-48.7229,-26.8901,8.72,16
-48.7233,-26.8899,8.72,16
-48.7224,-26.8899,8.72,16
-48.7195,-26.8941,22.342,16
-48.7199,-26.8939,24.2725,16
-48.7195,-26.8945,22.342,16
-48.7286,-26.9048,13.79,16
-48.7282,-26.9046,13.79,16
-48.7286,-26.9052,13.79,16
-48.729,-26.905,13.79,16
-48.7282,-26.905,13.79,16
-48.7273,-26.9047,13.79,16
-48.7268,-26.9045,13.79,16
-48.7277,-26.9049,13.79,16
-48.7295,-26.9056,13.79,16
-48.7291,-26.9054,13.79,16
-48.7251,-26.9042,13.79,16
-48.7242,-26.9043,13.79,16
-48.7246,-26.904,13.79,16
-48.7255,-26.904,13.79,16
-48.7233,-26.9043,13.79,16
-48.7238,-26.9041,13.79,16
-48.7264,-26.9043,13.79,16
-48.726,-26.9041,13.79,16
-48.7264,-26.9047,13.79,16
-48.7516,-26.887,34.26,16
-48.7511,-26.8869,34.26,16
-48.7503,-26.8869,34.26,16
-48.7498,-26.8867,34.26,16
-48.7516,-26.8875,34.26,16
-48.7511,-26.8873,34.26,16
-48.7507,-26.8871,34.26,16
-48.7463,-26.8861,34.26,16
-48.7467,-26.8863,34.26,16
-48.7459,-26.8863,34.26,16
-48.745,-26.886,34.26,16
-48.7454,-26.8862,34.26,16
-48.7446,-26.8862,34.26,16
-48.7489,-26.8864,34.26,16
-48.7485,-26.8862,34.26,16
-48.7494,-26.8865,34.26,16
-48.7476,-26.8862,34.26,16
-48.7472,-26.8861,34.26,16
-48.7481,-26.8864,34.26,16
-48.7398,-26.8863,34.26,16
-48.7402,-26.8861,34.26,16
-48.738,-26.8868,34.26,16
-48.7389,-26.8864,34.26,16
-48.7393,-26.8861,34.26,16
-48.7393,-26.8866,34.26,16
-48.7385,-26.8866,34.26,16
-48.7424,-26.8862,34.26,16
-48.7428,-26.8859,34.26,16
-48.7419,-26.886,34.26,16
-48.7411,-26.886,34.26,16
-48.7415,-26.8858,34.26,16
-48.7406,-26.8858,34.26,16
-48.7437,-26.8863,34.26,16
-48.7441,-26.886,34.26,16
-48.7432,-26.8861,34.26,16
-48.7415,-26.8862,34.26,16
-48.7439,-26.8925,4.76,16
-48.743,-26.8913,4.76,16
-48.743,-26.8909,4.76,16
-48.7434,-26.8915,4.76,16
-48.7439,-26.8921,4.76,16
-48.7434,-26.8919,4.76,16
-48.6429,-26.9401,3.125,16
-48.642,-26.9402,3.125,16
-48.6424,-26.9404,3.125,16
-48.6416,-26.9404,3.125,16
-48.6406,-26.9507,5.34,16
-48.6406,-26.9511,5.34,16
-48.6406,-26.9516,5.34,16
-48.6402,-26.9514,5.34,16
-48.6402,-26.9518,5.34,16
-48.6739,-26.9265,9.4,16
-48.6739,-26.9269,9.4,16
-48.6743,-26.9258,9.4,16
-48.6743,-26.9254,9.4,16
-48.6743,-26.9262,9.4,16
-48.6739,-26.9277,9.4,16
-48.6739,-26.9273,9.4,16
-48.6739,-26.9281,9.4,16
-48.6743,-26.9266,9.4,16
-48.6739,-26.9286,9.4,16
-48.6735,-26.9284,9.4,16
-48.6518,-26.9323,10.98,16
-48.6513,-26.9321,10.98,16
-48.6513,-26.9312,10.98,16
-48.6518,-26.9318,10.98,16
-48.6513,-26.9317,10.98,16
-48.6362,-26.923,15.78,16
-48.6374,-26.9223,15.78,16
-48.6379,-26.9225,15.78,16
-48.637,-26.9225,15.78,16
-48.6357,-26.9228,15.78,16
-48.6357,-26.9232,15.78,16
-48.6361,-26.9226,15.78,16
-48.6366,-26.9223,15.78,16
-48.6353,-26.9239,15.78,16
-48.6357,-26.9236,15.78,16
-48.6353,-26.9243,15.78,16
-48.64,-26.9213,15.78,16
-48.64,-26.9217,15.78,16
-48.6409,-26.9204,15.78,16
-48.6405,-26.921,15.78,16
-48.6409,-26.9208,15.78,16
-48.64,-26.9209,15.78,16
-48.6383,-26.9218,15.78,16
-48.6396,-26.9223,15.78,16
-48.6401,-26.9221,15.78,16
-48.6392,-26.9222,15.78,16
-48.6383,-26.9222,15.78,16
-48.6387,-26.922,15.78,16
-48.6413,-26.9202,15.78,16
-48.6417,-26.9199,15.78,16
-48.6413,-26.9206,15.78,16
-48.6417,-26.9203,15.78,16
-48.6519,-26.9245,5.6,16
-48.6524,-26.9251,5.6,16
-48.652,-26.9249,5.6,16
-48.6515,-26.9243,5.6,16
-48.6511,-26.9241,5.6,16
-48.6508,-26.9294,10.98,16
-48.6504,-26.9292,10.98,16
-48.6508,-26.929,10.98,16
-48.6508,-26.9298,10.98,16
-48.6508,-26.9302,10.98,16
-48.6513,-26.9308,10.98,16
-48.6508,-26.9306,10.98,16
-48.6874,-26.9007,11.38,22
-48.6869,-26.9005,11.38,22
-48.687,-26.901,11.38,22
-48.687,-26.9018,11.38,22
-48.687,-26.9014,11.38,22
-48.687,-26.9022,11.38,22
-48.6866,-26.9037,11.38,22
-48.687,-26.9035,11.38,22
-48.6866,-26.9033,11.38,22
-48.6866,-26.9041,11.38,22
-48.6871,-26.9039,11.38,22
-48.687,-26.9026,11.38,22
-48.687,-26.903,11.38,22
-48.6866,-26.9045,11.38,22
-48.682,-26.8952,4.46,22
-48.682,-26.8956,4.46,22
-48.6819,-26.8948,4.46,22
-48.682,-26.8965,6.695,22
-48.682,-26.896,4.46,22
-48.6816,-26.8967,8.93,22
-48.6807,-26.8968,8.93,22
-48.6811,-26.8965,8.93,22
-48.6803,-26.8966,8.93,22
-48.6785,-26.8967,8.93,22
-48.6794,-26.8966,8.93,22
-48.6798,-26.8964,8.93,22
-48.6789,-26.8964,8.93,22
-48.6776,-26.8967,8.93,22
-48.6781,-26.8965,8.93,22
-48.6916,-26.9095,8.863333333333333,22
-48.6921,-26.9096,8.863333333333333,22
-48.6912,-26.9097,8.863333333333333,22
-48.6908,-26.9095,8.863333333333333,22
-48.694,-26.9022,6.74,22
-48.6931,-26.9022,6.74,22
-48.6936,-26.902,6.74,22
-48.6909,-26.9022,6.74,22
-48.6914,-26.9024,6.74,22
-48.6905,-26.9024,6.74,22
-48.6923,-26.9023,6.74,22
-48.6927,-26.9021,6.74,22
-48.6918,-26.9021,6.74,22
-48.6987,-26.8872,13.08,22
-48.6974,-26.8863,13.08,22
-48.6978,-26.886,13.08,22
-48.6974,-26.8859,13.08,22
-48.6978,-26.8865,13.08,22
-48.6987,-26.8868,13.08,22
-48.6983,-26.8866,13.08,22
-48.6669,-26.9035,7.34,22
-48.667,-26.9039,7.34,22
-48.6669,-26.9026,7.34,22
-48.6674,-26.9032,7.34,22
-48.6669,-26.9031,7.34,22
-48.6674,-26.9045,7.34,22
-48.667,-26.9043,7.34,22
-48.6674,-26.9049,7.34,22
-48.6674,-26.9037,7.34,22
-48.6674,-26.9041,7.34,22
-48.6586,-26.9034,6.84,22
-48.6951,-26.8841,13.08,22
-48.6951,-26.8845,13.08,22
-48.6956,-26.8843,13.08,22
-48.6965,-26.8851,13.08,22
-48.6969,-26.8857,13.08,22
-48.6965,-26.8855,13.08,22
-48.696,-26.8849,13.08,22
-48.6956,-26.8847,13.08,22
-48.6829,-26.9228,6.41,22
-48.6833,-26.9225,6.41,22
-48.6829,-26.9232,6.41,22
-48.6833,-26.9229,6.41,22
-48.6837,-26.9219,6.41,22
-48.6842,-26.9216,6.41,22
-48.6838,-26.9223,6.41,22
-48.6846,-26.9214,6.41,22
-48.6825,-26.9234,6.41,22
-48.7003,-26.9089,16.812,22
-48.7008,-26.9087,16.812,22
-48.7003,-26.9085,16.812,22
-48.7004,-26.9093,16.812,22
-48.7008,-26.9091,16.812,22
-48.7008,-26.9082,16.812,22
-48.7003,-26.9076,16.812,22
-48.7003,-26.9081,16.812,22
-48.7008,-26.9099,16.5725,22
-48.7004,-26.9097,16.5725,22
-48.7008,-26.9095,16.5725,22
-48.7008,-26.9103,16.5725,22
-48.7004,-26.9102,16.5725,22
-48.6942,-26.9093,10.0025,22
-48.6938,-26.9091,13.42,22
-48.6942,-26.9089,13.42,22
-48.6947,-26.9095,8.863333333333333,22
-48.6938,-26.9095,10.0025,22
-48.6929,-26.9096,8.863333333333333,22
-48.6934,-26.9093,8.863333333333333,22
-48.6925,-26.9094,8.863333333333333,22
-48.6938,-26.9087,13.42,22
-48.6956,-26.9094,8.863333333333333,22
-48.6951,-26.9092,8.863333333333333,22
-48.6938,-26.9099,13.42,22
-48.6938,-26.9104,13.42,22
-48.7004,-26.9118,18.47,22
-48.7009,-26.9116,18.47,22
-48.7004,-26.9114,16.5725,22
-48.7005,-26.9122,18.47,22
-48.7009,-26.912,18.47,22
-48.7008,-26.9108,16.5725,22
-48.7009,-26.9112,16.5725,22
-48.7004,-26.9106,16.5725,22
-48.7004,-26.911,16.5725,22
-48.7009,-26.9128,18.47,22
-48.7005,-26.9127,18.47,22
-48.7009,-26.9124,18.47,22
-48.7009,-26.9133,18.47,22
-48.7005,-26.9131,18.47,22
-48.6939,-26.912,10.175,22
-48.6939,-26.9124,10.175,22
-48.6939,-26.9112,10.175,22
-48.6939,-26.9108,13.42,22
-48.6939,-26.9116,10.175,22
-48.6939,-26.9129,10.175,22
-48.6939,-26.9133,10.175,22
-48.7001,-26.9031,17.77,22
-48.7001,-26.9026,17.77,22
-48.7002,-26.9035,17.77,22
-48.7001,-26.9018,17.77,22
-48.7001,-26.9022,17.77,22
-48.7002,-26.9039,17.77,22
-48.7002,-26.9043,17.77,22
-48.7002,-26.906,16.812,22
-48.7002,-26.9056,16.812,22
-48.7003,-26.9064,16.812,22
-48.7002,-26.9047,16.812,22
-48.7002,-26.9051,16.812,22
-48.7003,-26.9068,16.812,22
-48.7003,-26.9072,16.812,22
-48.7005,-26.9135,18.47,22
-48.6612,-26.913,8.77,22
-48.6607,-26.9137,8.77,22
-48.6612,-26.9135,8.77,22
-48.6608,-26.9141,8.77,22
-48.6616,-26.9128,8.77,22
-48.6599,-26.9154,8.77,22
-48.6603,-26.9148,8.77,22
-48.6603,-26.9144,8.77,22
-48.6599,-26.915,8.77,22
-48.6697,-26.9079,5.08,22
-48.6702,-26.9077,5.08,22
-48.6693,-26.9077,12.1575,22
-48.6702,-26.9081,5.08,22
-48.6693,-26.9081,12.1575,22
-48.6693,-26.9073,12.1575,22
-48.6702,-26.9089,5.08,22
-48.6702,-26.9085,5.08,22
-48.6702,-26.9093,5.08,22
-48.6693,-26.9086,12.1575,22
-48.6693,-26.909,12.1575,22
-48.6658,-26.9079,10.04,22
-48.6653,-26.9078,10.04,22
-48.6698,-26.9108,12.1575,22
-48.6694,-26.9106,12.1575,22
-48.6698,-26.9104,12.1575,22
-48.6698,-26.9112,12.1575,22
-48.6694,-26.9111,12.1575,22
-48.6702,-26.9098,5.08,22
-48.6694,-26.9098,12.1575,22
-48.6698,-26.9096,12.1575,22
-48.6693,-26.9094,12.1575,22
-48.6694,-26.9102,12.1575,22
-48.6698,-26.91,12.1575,22
-48.6699,-26.9117,12.1575,22
-48.6699,-26.9121,12.1575,22
-48.6662,-26.9085,10.04,22
-48.6658,-26.9084,10.04,22
-48.6551,-26.9159,6.91,22
-48.6547,-26.9158,6.91,22
-48.6556,-26.9157,6.91,22
-48.6551,-26.9155,6.91,22
-48.6542,-26.9152,6.91,22
-48.6543,-26.9156,6.91,22
-48.6547,-26.9153,6.91,22
-48.6538,-26.9154,6.91,22
-48.6534,-26.9152,6.91,22
-48.664,-26.9068,10.04,22
-48.6636,-26.9066,10.04,22
-48.6631,-26.906,10.04,22
-48.6631,-26.9064,10.04,22
-48.6604,-26.9045,6.84,22
-48.66,-26.9043,6.84,22
-48.6591,-26.904,6.84,22
-48.6587,-26.9038,6.84,22
-48.6591,-26.9036,6.84,22
-48.6595,-26.9042,6.84,22
-48.6609,-26.9047,6.84,22
-48.6645,-26.9074,10.04,22
-48.6649,-26.9072,10.04,22
-48.6644,-26.907,10.04,22
-48.6649,-26.9076,10.04,22
-48.6699,-26.9125,15.13,22
-48.6699,-26.9129,15.13,22
-48.6535,-26.9202,7.89,22
-48.7393,-26.8976,3.19,22
-48.7384,-26.8977,3.19,22
-48.738,-26.8975,3.19,22
-48.7401,-26.8972,3.19,22
-48.7397,-26.8974,3.19,22
-48.7388,-26.8975,3.19,22
-48.7384,-26.8973,3.19,22
-48.6522,-26.9193,7.89,22
-48.6518,-26.9191,7.89,22
-48.6513,-26.9189,7.89,22
-48.6527,-26.9199,7.89,22
-48.6522,-26.9197,7.89,22
-48.6526,-26.9194,7.89,22
-48.6531,-26.92,7.89,22
-48.6536,-26.9206,7.89,22
-48.6531,-26.9205,7.89,22
-48.6294,-26.9564,2.32,22
-48.6299,-26.9566,2.32,22
-48.6308,-26.9566,2.32,22
-48.6312,-26.9563,2.32,22
-48.6303,-26.9564,2.32,22
-48.6735,-26.9029,6.15,0
-48.673,-26.9027,6.15,0
-48.6713,-26.9028,6.15,0
-48.6722,-26.9027,6.15,0
-48.6726,-26.9025,6.15,0
-48.6717,-26.9025,6.15,0
-48.682,-26.8952,12.96,0
-48.682,-26.8956,12.96,0
-48.6819,-26.8944,12.96,0
-48.6819,-26.8948,12.96,0
-48.6819,-26.8923,12.96,0
-48.6819,-26.8927,12.96,0
-48.6818,-26.8915,12.96,0
-48.6818,-26.8919,12.96,0
-48.6819,-26.8935,12.96,0
-48.6819,-26.8931,12.96,0
-48.6819,-26.894,12.96,0
-48.7027,-26.8897,7.78,0
-48.7028,-26.8901,7.78,0
-48.7023,-26.8899,7.78,0
-48.7028,-26.8905,7.78,0
-48.7028,-26.891,7.78,0
-48.7023,-26.8904,7.78,0
-48.7023,-26.8908,7.78,0
-48.7028,-26.8926,7.78,0
-48.7028,-26.8922,7.78,0
-48.7029,-26.8931,7.78,0
-48.7028,-26.8914,7.78,0
-48.7028,-26.8918,7.78,0
-48.6856,-26.9111,15.29,2
-48.6856,-26.9115,15.29,2
-48.6856,-26.9123,15.29,2
-48.6856,-26.9119,15.29,2
-48.6856,-26.9128,15.29,2
-48.6669,-26.9018,8.82,2
-48.6665,-26.902,8.82,2
-48.6656,-26.9021,8.82,2
-48.666,-26.9019,8.82,2
-48.6651,-26.9019,8.82,2
-48.6638,-26.9022,8.82,2
-48.6643,-26.902,8.82,2
-48.6647,-26.9022,8.82,2
-48.6852,-26.9142,15.29,2
-48.6857,-26.914,15.29,2
-48.6852,-26.9138,15.29,2
-48.6852,-26.9147,15.29,2
-48.6857,-26.9144,15.29,2
-48.6856,-26.9132,15.29,2
-48.6856,-26.9136,15.29,2
-48.6857,-26.9153,15.29,2
-48.6853,-26.9151,15.29,2
-48.6857,-26.9148,15.29,2
-48.6857,-26.9157,15.29,2
-48.6853,-26.9155,15.29,2
-48.6857,-26.9161,15.29,2
-48.6857,-26.9165,15.29,2
-48.6853,-26.9159,15.29,2
-48.6853,-26.9163,15.29,2
-48.662,-26.9117,3.23,2
-48.6615,-26.9116,3.23,2
-48.662,-26.9122,3.23,2
-48.6611,-26.911,3.23,2
-48.6606,-26.9108,3.23,2
-48.6611,-26.9114,3.23,2
-48.7053,-26.8879,7.44,1
-48.7044,-26.8879,7.44,1
-48.7049,-26.8881,7.44,1
-48.704,-26.8882,7.44,1
-48.7031,-26.8878,7.44,1
-48.7036,-26.888,7.44,1
-48.7027,-26.888,7.44,1
-48.7022,-26.8879,7.44,1
-48.73,-26.87,20.2,1
-48.73,-26.8696,20.2,1
-48.73,-26.8704,20.2,1
-48.7272,-26.8762,20.2,1
-48.7272,-26.8767,20.2,1
-48.7276,-26.8756,20.2,1
-48.728,-26.8753,20.2,1
-48.7276,-26.876,20.2,1
-48.7272,-26.8771,20.2,1
-48.7292,-26.8717,20.2,1
-48.7296,-26.8715,20.2,1
-48.7292,-26.8721,20.2,1
-48.7296,-26.8706,20.2,1
-48.7296,-26.8711,20.2,1
-48.7288,-26.8728,20.2,1
-48.7292,-26.8725,20.2,1
-48.7288,-26.8732,20.2,1
-48.728,-26.8745,20.2,1
-48.7284,-26.8743,20.2,1
-48.728,-26.8749,20.2,1
-48.7288,-26.8736,20.2,1
-48.7284,-26.8734,20.2,1
-48.7284,-26.8739,20.2,1
-48.7014,-26.9385,17.79,1
-48.7009,-26.9384,17.79,1
-48.7,-26.938,17.79,1
-48.6996,-26.9378,17.79,1
-48.7,-26.9384,17.79,1
-48.7005,-26.9382,17.79,1
-48.6996,-26.9382,17.79,1
-48.7022,-26.9389,17.79,1
-48.7018,-26.9387,17.79,1
-48.7027,-26.9387,17.79,1
-48.7022,-26.9385,17.79,1
-48.6987,-26.9379,17.79,1
-48.6992,-26.938,17.79,1
-48.7044,-26.9394,17.79,1
-48.7049,-26.9391,17.79,1
-48.704,-26.9392,17.79,1
-48.7049,-26.9396,17.79,1
-48.7036,-26.939,17.79,1
-48.7027,-26.9391,17.79,1
-48.7031,-26.9388,17.79,1
-48.7053,-26.9393,17.79,1
-48.7604,-26.9532,9.81,14
-48.76,-26.953,9.81,14
-48.7595,-26.9524,9.81,14
-48.7591,-26.9522,9.81,14
-48.7595,-26.9528,9.81,14
-48.7599,-26.9526,9.81,14
-48.7609,-26.9534,9.81,14
-48.7577,-26.9513,9.81,14
-48.7573,-26.9511,9.81,14
-48.7577,-26.9517,9.81,14
-48.7582,-26.9514,9.81,14
-48.7573,-26.9515,9.81,14
-48.7586,-26.952,9.81,14
-48.7582,-26.9519,9.81,14
-48.6874,-26.9007,7.77,14
-48.6869,-26.9005,7.77,14
-48.687,-26.901,7.77,14
-48.6874,-26.8999,11.16,14
-48.6878,-26.8997,11.16,14
-48.6873,-26.8995,11.16,14
-48.6874,-26.9003,11.16,14
-48.6887,-26.9021,8.4,14
-48.687,-26.9018,7.77,14
-48.687,-26.9014,7.77,14
-48.687,-26.9022,5.1033333333333335,14
-48.6817,-26.9009,6.715,14
-48.6826,-26.9008,7.61,14
-48.683,-26.9006,7.022,14
-48.6821,-26.9006,6.715,14
-48.6808,-26.9009,6.715,14
-48.6804,-26.9007,6.715,14
-48.6813,-26.9007,6.715,14
-48.6826,-26.9021,17.84,14
-48.6826,-26.9025,17.84,14
-48.6826,-26.9012,17.84,14
-48.6826,-26.9017,17.84,14
-48.6852,-26.9011,7.022,14
-48.6848,-26.9009,7.022,14
-48.6839,-26.9005,7.022,14
-48.6839,-26.9009,7.022,14
-48.6843,-26.9007,7.022,14
-48.6835,-26.9008,7.022,14
-48.6888,-26.9029,4.41,14
-48.6888,-26.9025,4.41,14
-48.6888,-26.9034,4.41,14
-48.6866,-26.9037,5.248,14
-48.687,-26.9035,5.248,14
-48.6866,-26.9033,5.248,14
-48.687,-26.9026,5.248,14
-48.687,-26.903,5.248,14
-48.6888,-26.9038,4.41,14
-48.6827,-26.9033,17.84,14
-48.6827,-26.9029,17.84,14
-48.6827,-26.9037,17.84,14
-48.6823,-26.9052,17.84,14
-48.6827,-26.905,17.84,14
-48.6823,-26.9048,17.84,14
-48.6823,-26.9056,14.18,14
-48.6819,-26.9055,10.52,14
-48.6827,-26.9042,17.84,14
-48.6827,-26.9046,17.84,14
-48.681,-26.9055,10.52,14
-48.6806,-26.9053,10.52,14
-48.6902,-26.8932,15.18,14
-48.6902,-26.8936,15.18,14
-48.6902,-26.8924,15.18,14
-48.6901,-26.892,15.18,14
-48.6902,-26.8928,15.18,14
-48.6878,-26.8992,11.16,14
-48.6757,-26.905,7.58,14
-48.6762,-26.9052,7.58,14
-48.6775,-26.9045,6.215,14
-48.6771,-26.9051,7.58,14
-48.6775,-26.9049,6.67,14
-48.6766,-26.905,7.58,14
-48.6753,-26.9053,7.58,14
-48.6744,-26.9053,7.58,14
-48.6749,-26.9051,7.58,14
-48.6779,-26.9038,6.215,14
-48.6779,-26.9043,6.215,14
-48.6784,-26.8938,8.09,14
-48.6793,-26.8937,8.09,14
-48.6797,-26.8935,8.09,14
-48.6788,-26.8935,8.09,14
-48.6775,-26.8938,8.62,14
-48.6771,-26.8936,8.62,14
-48.678,-26.8936,8.09,14
-48.6819,-26.8935,8.62,14
-48.6815,-26.8938,8.62,14
-48.6806,-26.8934,8.09,14
-48.681,-26.8936,8.09,14
-48.6802,-26.8936,8.09,14
-48.6816,-26.8988,2.8,14
-48.6821,-26.8985,2.8,14
-48.6812,-26.8986,2.8,14
-48.6803,-26.8987,2.8,14
-48.6808,-26.8988,2.8,14
-48.6833,-26.9081,17.84,14
-48.6887,-26.9124,10.11,14
-48.6887,-26.9128,10.11,14
-48.6886,-26.9115,6.09,14
-48.6891,-26.9121,14.7,14
-48.6895,-26.9119,13.85,14
-48.6886,-26.9119,7.43,14
-48.6878,-26.9116,6.09,14
-48.6873,-26.9114,6.09,14
-48.6882,-26.9118,6.09,14
-48.6887,-26.9136,10.11,14
-48.6891,-26.9134,10.11,14
-48.6887,-26.9132,10.11,14
-48.6887,-26.914,10.11,14
-48.69,-26.9125,19.29,14
-48.6891,-26.9125,10.11,14
-48.6895,-26.9123,16.57,14
-48.6891,-26.913,10.11,14
-48.6908,-26.9108,3.535,14
-48.6908,-26.9112,3.535,14
-48.6908,-26.9103,3.535,14
-48.6908,-26.9116,3.535,14
-48.6904,-26.9122,16.57,14
-48.6908,-26.912,3.535,14
-48.69,-26.9121,16.57,14
-48.6869,-26.9112,6.09,14
-48.694,-26.9022,12.39,14
-48.6931,-26.9022,12.39,14
-48.6936,-26.902,12.39,14
-48.6909,-26.9022,12.39,14
-48.6914,-26.9024,12.39,14
-48.6905,-26.9024,12.39,14
-48.6896,-26.902,12.39,14
-48.6901,-26.9022,12.39,14
-48.6892,-26.9023,12.39,14
-48.6923,-26.9023,12.39,14
-48.6927,-26.9021,12.39,14
-48.6918,-26.9021,12.39,14
-48.6954,-26.9052,11.41,14
-48.6945,-26.9053,11.41,14
-48.695,-26.9051,11.41,14
-48.6937,-26.9053,11.41,14
-48.6941,-26.9051,11.41,14
-48.6932,-26.9052,11.41,14
-48.6911,-26.9055,11.41,14
-48.6915,-26.9053,11.41,14
-48.6906,-26.9053,11.41,14
-48.6924,-26.9052,11.41,14
-48.6928,-26.9054,11.41,14
-48.6919,-26.9055,11.41,14
-48.6776,-26.9087,5.4975,14
-48.6776,-26.9082,5.4975,14
-48.6776,-26.9091,6.52,14
-48.6784,-26.9074,12.52,14
-48.6776,-26.9095,6.52,14
-48.6777,-26.9099,6.52,14
-48.6819,-26.9071,12.52,14
-48.6815,-26.907,12.52,14
-48.6824,-26.9073,12.52,14
-48.6828,-26.9062,17.84,14
-48.6828,-26.9058,17.84,14
-48.6828,-26.9067,17.84,14
-48.6832,-26.9064,17.84,14
-48.6806,-26.907,12.52,14
-48.6811,-26.9072,12.52,14
-48.6802,-26.9072,12.52,14
-48.6814,-26.9057,10.52,14
-48.6832,-26.9073,15.18,14
-48.6828,-26.9071,12.52,14
-48.6832,-26.9068,17.84,14
-48.6833,-26.9077,17.84,14
-48.6837,-26.9074,17.84,14
-48.6776,-26.9074,8.316666666666666,14
-48.6776,-26.9078,6.215,14
-48.6793,-26.9056,7.67,14
-48.6784,-26.9057,7.67,14
-48.6788,-26.9054,7.67,14
-48.6797,-26.9054,7.67,14
-48.6775,-26.9057,7.2542857142857144,14
-48.6779,-26.9055,7.67,14
-48.6775,-26.9053,6.215,14
-48.6775,-26.9062,6.215,14
-48.6779,-26.9047,6.215,14
-48.6779,-26.9051,6.67,14
-48.6793,-26.9073,12.52,14
-48.6797,-26.9071,12.52,14
-48.6789,-26.9071,12.52,14
-48.6801,-26.9056,7.67,14
-48.6775,-26.9066,6.215,14
-48.678,-26.9072,12.52,14
-48.6776,-26.907,6.215,14
-48.6773,-26.9114,7.0275,14
-48.6773,-26.9118,7.0275,14
-48.6772,-26.9093,6.52,14
-48.6772,-26.9097,6.52,14
-48.6772,-26.9106,7.0275,14
-48.6777,-26.9103,7.0275,14
-48.6772,-26.9102,6.52,14
-48.6773,-26.911,7.0275,14
-48.704,-26.8882,8.01,14
-48.7059,-26.8939,8.28,14
-48.7064,-26.8937,8.28,14
-48.7059,-26.8935,8.28,14
-48.706,-26.8943,8.28,14
-48.7064,-26.8941,8.28,14
-48.7064,-26.8932,8.28,14
-48.7059,-26.8931,8.28,14
-48.7064,-26.8949,8.28,14
-48.706,-26.8947,8.28,14
-48.7064,-26.8945,8.28,14
-48.7064,-26.8953,8.28,14
-48.706,-26.8952,8.28,14
-48.7107,-26.8921,18.94,14
-48.7107,-26.8926,18.94,14
-48.7001,-26.8882,13.17,14
-48.7001,-26.8886,13.17,14
-48.7005,-26.888,8.44,14
-48.7009,-26.8877,8.44,14
-48.7001,-26.8878,10.805,14
-48.6979,-26.8881,5.91,14
-48.6979,-26.8886,5.91,14
-48.7001,-26.8895,13.17,14
-48.7001,-26.889,13.17,14
-48.7001,-26.8899,13.17,14
-48.6978,-26.886,8.24,14
-48.6974,-26.8859,8.24,14
-48.6978,-26.8865,8.24,14
-48.6979,-26.8873,5.91,14
-48.6978,-26.8869,5.91,14
-48.6979,-26.8877,5.91,14
-48.7002,-26.8911,13.17,14
-48.7002,-26.8915,13.17,14
-48.7006,-26.8905,13.17,14
-48.7001,-26.8903,13.17,14
-48.7006,-26.8909,13.17,14
-48.7002,-26.8907,13.17,14
-48.7002,-26.8924,13.17,14
-48.7006,-26.8921,13.17,14
-48.7002,-26.892,13.17,14
-48.7002,-26.8928,13.17,14
-48.7007,-26.8926,13.17,14
-48.7006,-26.8913,13.17,14
-48.7006,-26.8917,13.17,14
-48.7031,-26.8882,8.44,14
-48.7036,-26.888,8.01,14
-48.7027,-26.888,8.44,14
-48.7018,-26.8881,8.44,14
-48.7022,-26.8879,8.44,14
-48.7014,-26.8879,8.44,14
-48.6983,-26.8862,8.24,14
-48.6983,-26.8866,5.91,14
-48.7113,-26.8961,18.94,14
-48.7113,-26.8965,18.94,14
-48.7112,-26.8952,18.94,14
-48.7112,-26.8957,18.94,14
-48.7113,-26.8973,18.94,14
-48.7113,-26.8969,18.94,14
-48.7113,-26.8977,18.94,14
-48.7065,-26.8966,8.28,14
-48.706,-26.8964,8.28,14
-48.7064,-26.8958,8.28,14
-48.7065,-26.8962,8.28,14
-48.706,-26.8956,8.28,14
-48.706,-26.896,8.28,14
-48.7114,-26.899,18.94,14
-48.7114,-26.8994,18.94,14
-48.7113,-26.8982,18.94,14
-48.7113,-26.8986,18.94,14
-48.7114,-26.9003,18.94,14
-48.7114,-26.8998,18.94,14
-48.7114,-26.9007,18.94,14
-48.7106,-26.8905,18.94,14
-48.7106,-26.8909,18.94,14
-48.7111,-26.8906,18.94,14
-48.7111,-26.8915,18.94,14
-48.7107,-26.8913,18.94,14
-48.7111,-26.8911,18.94,14
-48.7111,-26.8919,18.94,14
-48.7107,-26.8917,18.94,14
-48.7199,-26.893,21.28,14
-48.7195,-26.8937,21.28,14
-48.7199,-26.8934,21.28,14
-48.7107,-26.8934,18.94,14
-48.7112,-26.8932,18.94,14
-48.7107,-26.893,18.94,14
-48.7107,-26.8938,18.94,14
-48.7112,-26.8936,18.94,14
-48.7111,-26.8923,18.94,14
-48.7111,-26.8927,18.94,14
-48.7112,-26.8944,18.94,14
-48.7108,-26.8942,18.94,14
-48.7112,-26.894,18.94,14
-48.7112,-26.8948,18.94,14
-48.7003,-26.8941,16.3,14
-48.7003,-26.8945,16.3,14
-48.7007,-26.8934,13.17,14
-48.7002,-26.8932,13.17,14
-48.7007,-26.893,13.17,14
-48.7007,-26.8938,13.17,14
-48.7003,-26.8936,13.17,14
-48.7007,-26.8942,16.3,14
-48.7005,-26.9003,13.43,14
-48.7001,-26.901,13.43,14
-48.7005,-26.9007,13.43,14
-48.7001,-26.9014,13.43,14
-48.69,-26.8874,15.18,14
-48.69,-26.8878,15.18,14
-48.6895,-26.8872,15.18,14
-48.6896,-26.8876,15.18,14
-48.6895,-26.8868,15.18,14
-48.6896,-26.8884,15.18,14
-48.69,-26.8882,15.18,14
-48.6896,-26.888,15.18,14
-48.6896,-26.8889,15.18,14
-48.69,-26.8886,15.18,14
-48.6901,-26.8903,15.18,14
-48.6901,-26.8907,15.18,14
-48.6896,-26.8901,15.18,14
-48.6901,-26.8895,15.18,14
-48.6896,-26.8893,15.18,14
-48.69,-26.889,15.18,14
-48.6901,-26.8899,15.18,14
-48.6896,-26.8897,15.18,14
-48.6901,-26.8911,15.18,14
-48.6901,-26.8916,15.18,14
-48.6942,-26.8838,6.16,14
-48.6934,-26.8838,6.16,14
-48.6938,-26.8836,6.16,14
-48.6951,-26.8841,6.16,14
-48.6947,-26.8839,6.16,14
-48.6951,-26.8845,6.16,14
-48.6956,-26.8843,6.16,14
-48.6969,-26.8853,8.24,14
-48.6965,-26.8851,7.2,14
-48.6969,-26.8857,8.24,14
-48.696,-26.8849,7.2,14
-48.6956,-26.8847,6.16,14
-48.6919,-26.9182,6.12,14
-48.6924,-26.918,6.12,14
-48.6915,-26.918,6.12,14
-48.6953,-26.9142,14.935,14
-48.6957,-26.914,14.935,14
-48.6948,-26.9141,16.386666666666667,14
-48.6953,-26.9138,16.386666666666667,14
-48.6931,-26.915,10.695,14
-48.6936,-26.9148,10.695,14
-48.6931,-26.9146,10.695,14
-48.6931,-26.9154,10.695,14
-48.6936,-26.9152,10.695,14
-48.6944,-26.9139,16.386666666666667,14
-48.6935,-26.9139,10.695,14
-48.694,-26.9137,16.386666666666667,14
-48.6935,-26.9143,10.695,14
-48.6936,-26.916,16.0,14
-48.6932,-26.9158,16.0,14
-48.6936,-26.9156,10.695,14
-48.6936,-26.9164,16.0,14
-48.6888,-26.9153,10.11,14
-48.6888,-26.9157,10.11,14
-48.6887,-26.9144,10.11,14
-48.6887,-26.9149,10.11,14
-48.6922,-26.913,16.963333333333335,14
-48.6917,-26.9128,16.963333333333335,14
-48.6926,-26.9132,16.963333333333335,14
-48.6909,-26.9128,18.52,14
-48.6913,-26.9126,16.963333333333335,14
-48.6904,-26.9127,19.29,14
-48.6909,-26.9124,11.592,14
-48.6931,-26.9138,5.39,14
-48.6931,-26.9142,10.695,14
-48.6911,-26.9183,6.12,14
-48.6932,-26.9179,6.12,14
-48.6937,-26.9177,16.0,14
-48.6937,-26.9181,11.06,14
-48.6928,-26.9182,6.12,14
-48.6936,-26.9169,16.0,14
-48.6936,-26.9173,16.0,14
-48.6937,-26.9189,16.0,14
-48.6937,-26.9185,16.0,14
-48.6937,-26.9194,16.0,14
-48.6772,-26.9212,13.73,14
-48.6776,-26.921,13.73,14
-48.6772,-26.9208,13.73,14
-48.6772,-26.9217,13.73,14
-48.6776,-26.9214,13.73,14
-48.6776,-26.9202,13.73,14
-48.6776,-26.9206,13.73,14
-48.6771,-26.9183,13.73,14
-48.6775,-26.9181,13.73,14
-48.6771,-26.9179,13.73,14
-48.6771,-26.9187,13.73,14
-48.6775,-26.9185,13.73,14
-48.6771,-26.92,13.73,14
-48.6771,-26.9204,13.73,14
-48.6775,-26.9193,13.73,14
-48.6771,-26.9192,13.73,14
-48.6775,-26.9189,13.73,14
-48.6776,-26.9198,13.73,14
-48.6771,-26.9196,13.73,14
-48.6775,-26.9172,13.73,14
-48.6775,-26.9177,13.73,14
-48.6937,-26.9198,16.0,14
-48.6937,-26.9202,16.0,14
-48.6979,-26.9149,14.935,14
-48.6975,-26.9147,14.935,14
-48.6966,-26.9144,14.935,14
-48.6962,-26.9142,14.935,14
-48.697,-26.9145,14.935,14
-48.6939,-26.912,6.43,14
-48.6939,-26.9124,6.43,14
-48.6939,-26.9112,6.43,14
-48.6939,-26.9116,6.43,14
-48.6948,-26.9136,16.386666666666667,14
-48.6935,-26.9131,13.85,14
-48.6939,-26.9129,6.43,14
-48.6931,-26.9129,13.85,14
-48.6935,-26.9135,14.07,14
-48.6939,-26.9133,10.14,14
-48.6931,-26.9133,16.963333333333335,14
-48.7001,-26.9031,11.813333333333333,14
-48.7001,-26.9026,11.813333333333333,14
-48.7002,-26.9035,11.813333333333333,14
-48.7001,-26.9018,11.813333333333333,14
-48.7001,-26.9022,11.813333333333333,14
-48.7002,-26.9039,11.813333333333333,14
-48.7002,-26.9043,11.813333333333333,14
-48.7002,-26.906,10.743333333333334,14
-48.7002,-26.9056,10.743333333333334,14
-48.7003,-26.9064,10.743333333333334,14
-48.7002,-26.9047,10.605,14
-48.7002,-26.9051,10.743333333333334,14
-48.7003,-26.9068,10.743333333333334,14
-48.7003,-26.9072,10.743333333333334,14
-48.7086,-26.9213,49.35,14
-48.7086,-26.9209,49.35,14
-48.7082,-26.9216,49.35,14
-48.7086,-26.9205,49.35,14
-48.6612,-26.913,6.045,14
-48.6607,-26.9137,6.045,14
-48.6612,-26.9135,6.045,14
-48.6608,-26.9141,6.045,14
-48.6616,-26.9128,6.045,14
-48.6603,-26.9148,6.045,14
-48.6603,-26.9144,6.045,14
-48.6693,-26.9077,12.165,14
-48.6693,-26.9081,12.165,14
-48.6693,-26.9073,12.165,14
-48.6693,-26.9086,12.165,14
-48.6693,-26.909,12.165,14
-48.6658,-26.9079,10.775,14
-48.6653,-26.9078,10.775,14
-48.6698,-26.9108,12.165,14
-48.6694,-26.9106,12.165,14
-48.6698,-26.9104,12.165,14
-48.6698,-26.9112,12.165,14
-48.6694,-26.9111,12.165,14
-48.6694,-26.9098,12.165,14
-48.6698,-26.9096,12.165,14
-48.6693,-26.9094,12.165,14
-48.6694,-26.9102,12.165,14
-48.6698,-26.91,12.165,14
-48.6699,-26.9117,12.165,14
-48.6699,-26.9121,12.165,14
-48.6728,-26.9096,6.93,14
-48.6733,-26.9102,6.93,14
-48.6729,-26.91,6.93,14
-48.6733,-26.9098,6.93,14
-48.6733,-26.9106,6.93,14
-48.6662,-26.9085,10.775,14
-48.6658,-26.9084,10.775,14
-48.6555,-26.9124,1.87,14
-48.6555,-26.9128,1.87,14
-48.6559,-26.9125,1.87,14
-48.655,-26.9126,1.87,14
-48.6541,-26.9122,1.87,14
-48.6537,-26.9121,1.87,14
-48.6546,-26.9124,1.87,14
-48.6559,-26.913,1.87,14
-48.6605,-26.9074,9.866666666666667,14
-48.6601,-26.9073,9.866666666666667,14
-48.6614,-26.9061,8.2,14
-48.6609,-26.9059,8.2,14
-48.6614,-26.9065,8.2,14
-48.6618,-26.9063,8.2,14
-48.6592,-26.9069,9.866666666666667,14
-48.6592,-26.9073,9.255,14
-48.6596,-26.9071,9.866666666666667,14
-48.6588,-26.9071,9.866666666666667,14
-48.6605,-26.9058,8.2,14
-48.66,-26.9056,8.2,14
-48.6614,-26.9078,9.866666666666667,14
-48.661,-26.9076,9.866666666666667,14
-48.6601,-26.9077,9.866666666666667,14
-48.6597,-26.9075,9.866666666666667,14
-48.664,-26.9068,10.775,14
-48.6636,-26.9066,10.775,14
-48.6631,-26.906,10.775,14
-48.6631,-26.9064,10.775,14
-48.6578,-26.9055,4.65,14
-48.6574,-26.9062,4.65,14
-48.6579,-26.9059,4.65,14
-48.6583,-26.9049,4.65,14
-48.6587,-26.9046,10.08,14
-48.6582,-26.9044,10.08,14
-48.6578,-26.9051,4.65,14
-48.6579,-26.9068,9.866666666666667,14
-48.6574,-26.9066,8.5625,14
-48.6583,-26.9069,9.866666666666667,14
-48.6604,-26.9045,5.15,14
-48.66,-26.9043,5.15,14
-48.6595,-26.9042,5.15,14
-48.6609,-26.9051,5.15,14
-48.6613,-26.9049,5.15,14
-48.6609,-26.9047,5.15,14
-48.6596,-26.905,8.2,14
-48.6591,-26.9048,8.2,14
-48.6596,-26.9054,8.2,14
-48.66,-26.9052,8.2,14
-48.6645,-26.9074,9.053333333333333,14
-48.6649,-26.9072,10.775,14
-48.664,-26.9072,5.61,14
-48.6644,-26.907,10.775,14
-48.6645,-26.9078,5.61,14
-48.6649,-26.9076,10.775,14
-48.664,-26.9076,5.61,14
-48.6636,-26.907,5.61,14
-48.6654,-26.9082,5.61,14
-48.6649,-26.908,5.61,14
-48.6579,-26.9084,10.11,14
-48.6575,-26.9083,10.11,14
-48.6588,-26.9075,7.42,14
-48.6584,-26.9082,10.11,14
-48.6588,-26.908,7.42,14
-48.6579,-26.908,10.11,14
-48.6571,-26.9081,10.11,14
-48.6566,-26.9079,10.11,14
-48.658,-26.9097,7.42,14
-48.6584,-26.9095,7.42,14
-48.658,-26.9093,7.42,14
-48.6584,-26.9086,8.765,14
-48.6588,-26.9084,7.42,14
-48.6584,-26.909,7.42,14
-48.6773,-26.9122,7.0275,14
-48.6773,-26.9127,7.0275,14
-48.6773,-26.9135,7.3933333333333335,14
-48.6773,-26.9131,7.0275,14
-48.6774,-26.9139,5.07,14
-48.6734,-26.9119,6.93,14
-48.6734,-26.9123,6.93,14
-48.6733,-26.911,6.93,14
-48.6733,-26.9114,6.93,14
-48.677,-26.9175,13.73,14
-48.7274,-26.8578,17.54,14
-48.7274,-26.8582,17.54,14
-48.7275,-26.8591,17.54,14
-48.7274,-26.8586,17.54,14
-48.7275,-26.8595,17.54,14
-48.7274,-26.857,17.54,14
-48.7274,-26.8574,17.54,14
-48.7269,-26.8551,17.54,14
-48.7269,-26.8547,17.54,14
-48.7269,-26.8555,17.54,14
-48.7269,-26.8568,17.54,14
-48.727,-26.8572,17.54,14
-48.7269,-26.856,17.54,14
-48.7274,-26.8566,17.54,14
-48.7269,-26.8564,17.54,14
-48.7279,-26.8601,17.54,14
-48.7275,-26.8599,17.54,14
-48.7279,-26.8597,17.54,14
-48.7279,-26.8605,17.54,14
-48.728,-26.8609,17.54,14
-48.7254,-26.85,38.72,14
-48.7259,-26.8506,38.72,14
-48.7254,-26.8504,38.72,14
-48.7249,-26.849,38.72,14
-48.7254,-26.8496,38.72,14
-48.7249,-26.8494,38.72,14
-48.7263,-26.8512,38.72,14
-48.7259,-26.851,38.72,14
-48.7263,-26.8516,38.72,14
-48.7259,-26.8514,38.72,14
-48.7236,-26.848,38.72,14
-48.7231,-26.8478,38.72,14
-48.724,-26.8482,38.72,14
-48.7245,-26.8488,38.72,14
-48.724,-26.8486,38.72,14
-48.7245,-26.8492,38.72,14
-48.7264,-26.8528,38.72,14
-48.7263,-26.852,38.72,14
-48.7268,-26.8526,38.72,14
-48.7264,-26.8524,38.72,14
-48.7264,-26.8541,17.54,14
-48.7264,-26.8545,17.54,14
-48.7269,-26.8543,17.54,14
-48.7294,-26.866,16.94,14
-48.7299,-26.8658,16.94,14
-48.7294,-26.8656,16.94,14
-48.7299,-26.8662,16.94,14
-48.7294,-26.8648,16.94,14
-48.7294,-26.8652,16.94,14
-48.7299,-26.8671,16.94,14
-48.7299,-26.8666,16.94,14
-48.7299,-26.8675,16.94,14
-48.7289,-26.8634,16.94,14
-48.7294,-26.8644,16.94,14
-48.7289,-26.8638,16.94,14
-48.7289,-26.8642,16.94,14
-48.7296,-26.869,16.94,14
-48.73,-26.8687,16.94,14
-48.7295,-26.8686,16.94,14
-48.7296,-26.8694,16.94,14
-48.73,-26.8692,16.94,14
-48.73,-26.8679,16.94,14
-48.73,-26.8683,16.94,14
-48.7195,-26.8447,38.72,14
-48.72,-26.8449,38.72,14
-48.7204,-26.8455,38.72,14
-48.7204,-26.8451,38.72,14
-48.7213,-26.8458,38.72,14
-48.7209,-26.8457,38.72,14
-48.7213,-26.8463,38.72,14
-48.7231,-26.8474,38.72,14
-48.7227,-26.8472,38.72,14
-48.7222,-26.8466,38.72,14
-48.7218,-26.8464,38.72,14
-48.7222,-26.847,38.72,14
-48.7272,-26.8762,14.89,14
-48.7272,-26.8767,14.89,14
-48.7276,-26.8756,14.89,14
-48.728,-26.8753,14.89,14
-48.7276,-26.876,14.89,14
-48.7272,-26.8771,14.89,14
-48.7292,-26.8721,14.89,14
-48.7288,-26.8728,14.89,14
-48.7292,-26.8725,14.89,14
-48.7288,-26.8732,14.89,14
-48.728,-26.8745,14.89,14
-48.7284,-26.8743,14.89,14
-48.728,-26.8749,14.89,14
-48.7288,-26.8736,14.89,14
-48.7284,-26.8734,14.89,14
-48.7284,-26.8739,14.89,14
-48.7215,-26.8887,21.28,14
-48.7219,-26.8881,21.28,14
-48.722,-26.8893,10.07,14
-48.7211,-26.8894,21.28,14
-48.7215,-26.8892,21.28,14
-48.722,-26.8897,10.07,14
-48.7211,-26.8898,21.28,14
-48.7224,-26.8887,10.07,14
-48.7219,-26.8885,21.28,14
-48.7224,-26.8883,10.07,14
-48.7224,-26.8891,10.07,14
-48.7219,-26.8889,10.07,14
-48.7228,-26.8872,10.07,14
-48.7228,-26.8876,10.07,14
-48.7228,-26.888,10.07,14
-48.7429,-26.8761,8.92,14
-48.7429,-26.8757,8.92,14
-48.7429,-26.8765,8.92,14
-48.743,-26.8777,8.92,14
-48.743,-26.8782,8.92,14
-48.7434,-26.8771,8.92,14
-48.7429,-26.8769,8.92,14
-48.7434,-26.8775,8.92,14
-48.7429,-26.8773,8.92,14
-48.6544,-26.9074,10.11,14
-48.6548,-26.9072,10.11,14
-48.6549,-26.9076,10.11,14
-48.6557,-26.9075,10.11,14
-48.6553,-26.9073,10.11,14
-48.6562,-26.9077,10.11,14
-48.6553,-26.9078,10.11,14
-48.7041,-26.9306,49.35,14
-48.7046,-26.9304,49.35,14
-48.7042,-26.931,49.35,14
-48.705,-26.9297,49.35,14
-48.705,-26.9293,49.35,14
-48.7046,-26.93,49.35,14
-48.7037,-26.9313,49.35,14
-48.7033,-26.9319,49.35,14
-48.7037,-26.9317,49.35,14
-48.7054,-26.9287,49.35,14
-48.7054,-26.9291,49.35,14
-48.7025,-26.9332,49.35,14
-48.7033,-26.9323,49.35,14
-48.702,-26.9331,49.35,14
-48.7016,-26.9337,49.35,14
-48.7021,-26.9335,49.35,14
-48.7029,-26.9322,49.35,14
-48.7025,-26.9328,49.35,14
-48.7029,-26.9326,49.35,14
-48.7074,-26.9233,49.35,14
-48.7078,-26.9222,49.35,14
-48.7082,-26.922,49.35,14
-48.7078,-26.9226,49.35,14
-48.7082,-26.9224,49.35,14
-48.7074,-26.9241,49.35,14
-48.7074,-26.9237,49.35,14
-48.707,-26.9244,49.35,14
-48.7078,-26.9231,49.35,14
-48.7058,-26.9276,49.35,14
-48.7054,-26.9282,49.35,14
-48.7058,-26.928,49.35,14
-48.7066,-26.9259,49.35,14
-48.7066,-26.9263,49.35,14
-48.7062,-26.9261,49.35,14
-48.707,-26.9248,49.35,14
-48.7066,-26.9254,49.35,14
-48.707,-26.9252,49.35,14
-48.7062,-26.9269,49.35,14
-48.7062,-26.9265,49.35,14
-48.7058,-26.9272,49.35,14
-48.7014,-26.9385,10.37,14
-48.7009,-26.9384,10.37,14
-48.7,-26.938,10.37,14
-48.6996,-26.9378,10.37,14
-48.7,-26.9384,10.37,14
-48.7005,-26.9382,10.37,14
-48.6996,-26.9382,10.37,14
-48.7022,-26.9389,10.37,14
-48.7018,-26.9387,10.37,14
-48.7027,-26.9387,10.37,14
-48.7022,-26.9385,10.37,14
-48.6987,-26.9379,10.37,14
-48.6983,-26.9377,10.37,14
-48.6992,-26.938,10.37,14
-48.6978,-26.9375,10.37,14
-48.7004,-26.9348,49.35,14
-48.6999,-26.9355,49.35,14
-48.7004,-26.9352,49.35,14
-48.7012,-26.9339,49.35,14
-48.7008,-26.9346,49.35,14
-48.7012,-26.9344,49.35,14
-48.704,-26.9392,10.37,14
-48.7036,-26.939,10.37,14
-48.7027,-26.9391,10.37,14
-48.7031,-26.9388,10.37,14
-48.751,-26.9069,18.53,14
-48.7509,-26.9065,18.53,14
-48.751,-26.9074,18.53,14
-48.7523,-26.9079,18.53,14
-48.7528,-26.9085,18.53,14
-48.7523,-26.9083,18.53,14
-48.7514,-26.908,18.53,14
-48.7519,-26.9077,18.53,14
-48.7514,-26.9075,18.53,14
-48.75,-26.9049,18.53,14
-48.7496,-26.9047,18.53,14
-48.75,-26.9053,18.53,14
-48.7505,-26.9051,18.53,14
-48.7496,-26.9052,18.53,14
-48.7487,-26.9048,18.53,14
-48.7482,-26.9046,18.53,14
-48.7487,-26.9044,18.53,14
-48.7491,-26.905,18.53,14
-48.7509,-26.9057,18.53,14
-48.7505,-26.9055,18.53,14
-48.7509,-26.9061,18.53,14
-48.7532,-26.9091,18.53,14
-48.7528,-26.9089,18.53,14
-48.7532,-26.9095,18.53,14
-48.7532,-26.9099,18.53,14
-48.7533,-26.9104,18.53,14
-48.7509,-26.9053,18.53,14
-48.7469,-26.9036,18.53,14
-48.7469,-26.9041,18.53,14
-48.7465,-26.9039,18.53,14
-48.7447,-26.904,18.53,14
-48.7456,-26.9039,18.53,14
-48.746,-26.9037,18.53,14
-48.7452,-26.9038,18.53,14
-48.7474,-26.9042,18.53,14
-48.7482,-26.9042,18.53,14
-48.7478,-26.904,18.53,14
-48.7191,-26.8952,21.28,14
-48.7191,-26.8947,21.28,14
-48.7191,-26.8956,21.28,14
-48.7207,-26.8913,21.28,14
-48.7224,-26.8903,10.44,14
-48.7216,-26.8904,10.255,14
-48.722,-26.8902,10.255,14
-48.7216,-26.8908,10.07,14
-48.7203,-26.8915,21.28,14
-48.7207,-26.8905,15.86,14
-48.7211,-26.8902,15.86,14
-48.7207,-26.89,21.28,14
-48.7207,-26.8909,21.28,14
-48.7203,-26.8924,21.28,14
-48.7203,-26.8919,21.28,14
-48.7199,-26.8926,21.28,14
-48.7242,-26.8898,10.44,14
-48.7237,-26.8901,10.44,14
-48.7229,-26.8901,10.44,14
-48.7233,-26.8899,10.44,14
-48.7224,-26.8899,10.44,14
-48.7195,-26.8941,21.28,14
-48.7195,-26.8945,21.28,14
-48.7516,-26.887,33.125,14
-48.7511,-26.8869,33.125,14
-48.7503,-26.8869,33.125,14
-48.7498,-26.8867,33.125,14
-48.752,-26.8876,31.96,14
-48.7525,-26.8874,31.96,14
-48.7516,-26.8875,33.125,14
-48.752,-26.8872,31.96,14
-48.7511,-26.8873,33.125,14
-48.7507,-26.8871,33.125,14
-48.7463,-26.8861,33.125,14
-48.7467,-26.8863,33.125,14
-48.7459,-26.8863,33.125,14
-48.745,-26.886,33.125,14
-48.7454,-26.8862,33.125,14
-48.7446,-26.8862,33.125,14
-48.7489,-26.8864,33.125,14
-48.7485,-26.8862,33.125,14
-48.7494,-26.8865,33.125,14
-48.7476,-26.8862,33.125,14
-48.7472,-26.8861,33.125,14
-48.7481,-26.8864,33.125,14
-48.7398,-26.8863,33.125,14
-48.7402,-26.8861,33.125,14
-48.738,-26.8868,33.125,14
-48.7389,-26.8864,33.125,14
-48.7393,-26.8861,33.125,14
-48.7393,-26.8866,33.125,14
-48.7385,-26.8866,33.125,14
-48.7424,-26.8862,33.125,14
-48.7428,-26.8859,33.125,14
-48.7419,-26.886,33.125,14
-48.7411,-26.886,33.125,14
-48.7415,-26.8858,33.125,14
-48.7406,-26.8858,33.125,14
-48.7437,-26.8863,33.125,14
-48.7441,-26.886,33.125,14
-48.7432,-26.8861,33.125,14
-48.7415,-26.8862,33.125,14
-48.7434,-26.8788,8.92,14
-48.743,-26.8786,8.92,14
-48.7434,-26.8779,8.92,14
-48.7434,-26.8783,8.92,14
-48.7533,-26.8878,31.96,14
-48.7529,-26.8876,31.96,14
-48.6438,-26.9549,7.01,14
-48.6438,-26.9553,7.01,14
-48.6434,-26.9552,7.01,14
-48.6429,-26.955,7.01,14
-48.6447,-26.9557,7.01,14
-48.6443,-26.9555,7.01,14
-48.6443,-26.9563,7.01,14
-48.6447,-26.9561,7.01,14
-48.6406,-26.9507,5.41,14
-48.6406,-26.9511,5.41,14
-48.6406,-26.9516,5.41,14
-48.6402,-26.9514,5.41,14
-48.6402,-26.9518,5.41,14
-48.6492,-26.9205,5.36,14
-48.6496,-26.9203,5.36,14
-48.6488,-26.9207,5.36,14
-48.65,-26.92,5.36,14
-48.6505,-26.9198,5.36,14
-48.6483,-26.9205,5.36,14
-48.7684,-26.9832,23.04,11
-48.7689,-26.9838,23.04,11
-48.7684,-26.9836,23.04,11
-48.7693,-26.9844,23.04,11
-48.7689,-26.9842,23.04,11
-48.7694,-26.9848,23.04,11
-48.7694,-26.986,23.04,11
-48.7694,-26.9865,23.04,11
-48.7694,-26.9852,23.04,11
-48.7694,-26.9856,23.04,11
-48.7703,-26.9877,23.04,11
-48.7699,-26.9871,23.04,11
-48.7694,-26.9869,23.04,11
-48.7699,-26.9875,23.04,11
-48.7722,-26.9905,23.04,11
-48.7722,-26.99,23.04,11
-48.7712,-26.9884,23.04,11
-48.7708,-26.9882,23.04,11
-48.7712,-26.9888,23.04,11
-48.7717,-26.9886,23.04,11
-48.7703,-26.9881,23.04,11
-48.7717,-26.9894,23.04,11
-48.7721,-26.9892,23.04,11
-48.7717,-26.989,23.04,11
-48.7721,-26.9896,23.04,11
-48.6857,-26.9017,13.9,11
-48.6857,-26.9013,13.9,11
-48.6861,-26.9018,13.9,11
-48.6874,-26.9007,12.71,11
-48.6869,-26.9005,12.71,11
-48.687,-26.901,12.71,11
-48.6874,-26.8999,12.71,11
-48.6878,-26.8997,12.71,11
-48.6873,-26.8995,12.71,11
-48.6874,-26.9003,12.71,11
-48.6887,-26.9017,9.89,11
-48.6883,-26.9023,4.83,11
-48.6887,-26.9021,7.596666666666667,11
-48.6879,-26.9022,4.83,11
-48.6887,-26.9008,9.89,11
-48.6887,-26.9013,9.89,11
-48.687,-26.9018,12.71,11
-48.687,-26.9014,12.71,11
-48.687,-26.9022,8.003333333333332,11
-48.6874,-26.902,4.83,11
-48.6817,-26.9009,7.903333333333333,11
-48.6826,-26.9008,7.604,11
-48.683,-26.9006,9.403333333333334,11
-48.6821,-26.9006,7.903333333333333,11
-48.6808,-26.9009,7.903333333333333,11
-48.6804,-26.9007,7.903333333333333,11
-48.6813,-26.9007,7.903333333333333,11
-48.6852,-26.9011,9.403333333333334,11
-48.6848,-26.9009,9.403333333333334,11
-48.6839,-26.9005,9.403333333333334,11
-48.6839,-26.9009,9.403333333333334,11
-48.6843,-26.9007,9.403333333333334,11
-48.6835,-26.9008,9.403333333333334,11
-48.6888,-26.9029,8.98,11
-48.6888,-26.9025,8.98,11
-48.6888,-26.9034,8.98,11
-48.6866,-26.9037,6.47,11
-48.687,-26.9035,6.47,11
-48.6866,-26.9033,6.47,11
-48.6866,-26.9041,6.47,11
-48.6871,-26.9039,6.47,11
-48.687,-26.9026,6.47,11
-48.687,-26.903,6.47,11
-48.6888,-26.9046,8.07,11
-48.6888,-26.905,8.07,11
-48.6888,-26.9038,8.98,11
-48.6888,-26.9042,8.07,11
-48.6866,-26.9045,6.47,11
-48.6823,-26.9052,14.0,11
-48.6827,-26.905,14.0,11
-48.6823,-26.9056,14.0,11
-48.6877,-26.8984,12.71,11
-48.6878,-26.8988,12.71,11
-48.6878,-26.8992,12.71,11
-48.6738,-26.8984,2.29,11
-48.6742,-26.899,7.1,11
-48.6738,-26.8989,4.695,11
-48.676,-26.9002,7.1,11
-48.6756,-26.9,7.1,11
-48.6747,-26.8996,7.1,11
-48.6751,-26.8994,7.1,11
-48.6747,-26.8992,7.1,11
-48.6751,-26.8998,7.1,11
-48.6775,-26.9045,6.78,11
-48.6775,-26.9049,6.78,11
-48.6779,-26.9043,6.78,11
-48.6819,-26.8923,6.72,11
-48.6819,-26.8927,6.72,11
-48.6818,-26.8915,6.72,11
-48.6818,-26.8919,6.72,11
-48.6819,-26.8935,6.72,11
-48.6819,-26.8931,6.72,11
-48.6833,-26.9081,14.0,11
-48.6833,-26.9085,14.0,11
-48.6889,-26.9059,8.07,11
-48.6889,-26.9054,8.07,11
-48.6887,-26.9124,6.48,11
-48.6887,-26.9128,6.48,11
-48.6891,-26.9121,6.48,11
-48.6886,-26.9119,6.48,11
-48.6887,-26.9136,6.48,11
-48.6891,-26.9134,6.48,11
-48.6887,-26.9132,6.48,11
-48.6887,-26.914,6.48,11
-48.6891,-26.9125,6.48,11
-48.6891,-26.913,6.48,11
-48.6908,-26.9108,5.25,11
-48.6908,-26.9112,5.25,11
-48.6908,-26.9099,5.25,11
-48.6908,-26.9103,5.25,11
-48.6908,-26.9116,5.25,11
-48.6908,-26.912,5.25,11
-48.694,-26.9034,11.83,11
-48.6936,-26.9033,11.83,11
-48.694,-26.903,11.83,11
-48.6941,-26.9039,11.83,11
-48.6936,-26.9037,11.83,11
-48.6936,-26.9024,11.83,11
-48.694,-26.9022,11.83,11
-48.6936,-26.9028,11.83,11
-48.694,-26.9026,11.83,11
-48.6941,-26.9043,11.83,11
-48.6941,-26.9047,11.83,11
-48.6936,-26.9041,11.83,11
-48.6936,-26.9045,11.83,11
-48.6941,-26.9064,11.83,11
-48.6937,-26.9062,11.83,11
-48.6941,-26.9059,11.83,11
-48.6937,-26.9066,11.83,11
-48.6937,-26.9053,11.83,11
-48.6941,-26.9051,11.83,11
-48.6937,-26.9049,11.83,11
-48.6937,-26.9058,11.83,11
-48.6941,-26.9055,11.83,11
-48.6776,-26.9087,4.985,11
-48.6776,-26.9082,4.6575,11
-48.6776,-26.9091,4.985,11
-48.6794,-26.9102,14.8,11
-48.6798,-26.91,14.8,11
-48.679,-26.91,14.8,11
-48.6776,-26.9095,4.985,11
-48.6781,-26.9101,14.8,11
-48.6777,-26.9099,4.985,11
-48.6828,-26.9062,14.0,11
-48.6828,-26.9058,14.0,11
-48.6828,-26.9067,14.0,11
-48.6832,-26.9064,14.0,11
-48.6832,-26.9073,14.0,11
-48.6832,-26.9068,14.0,11
-48.6833,-26.9077,14.0,11
-48.6837,-26.9074,14.0,11
-48.6776,-26.9074,5.146666666666667,11
-48.6776,-26.9078,5.146666666666667,11
-48.6793,-26.9056,5.9,11
-48.6784,-26.9057,5.9,11
-48.6788,-26.9054,5.9,11
-48.6797,-26.9054,5.9,11
-48.6775,-26.9057,5.335,11
-48.6779,-26.9055,5.9,11
-48.6775,-26.9053,5.146666666666667,11
-48.6775,-26.9062,5.146666666666667,11
-48.6779,-26.9047,6.78,11
-48.6779,-26.9051,5.146666666666667,11
-48.6801,-26.9056,5.9,11
-48.6775,-26.9066,5.146666666666667,11
-48.6776,-26.907,5.146666666666667,11
-48.6773,-26.9114,6.78,11
-48.6773,-26.9118,6.78,11
-48.6785,-26.9103,14.8,11
-48.682,-26.9101,14.8,11
-48.6825,-26.9098,14.8,11
-48.6816,-26.9099,14.8,11
-48.6829,-26.9092,14.0,11
-48.6833,-26.9089,14.0,11
-48.6829,-26.9096,14.0,11
-48.6833,-26.9093,14.0,11
-48.6807,-26.9099,14.8,11
-48.6812,-26.9101,14.8,11
-48.6803,-26.9102,14.8,11
-48.6829,-26.9108,14.0,11
-48.6829,-26.91,14.0,11
-48.6829,-26.9104,14.0,11
-48.6772,-26.9093,4.985,11
-48.6772,-26.9097,4.985,11
-48.6772,-26.9106,6.78,11
-48.6777,-26.9103,10.79,11
-48.6772,-26.9102,8.256666666666668,11
-48.6773,-26.911,6.78,11
-48.7152,-26.8829,21.37,11
-48.7147,-26.8827,21.37,11
-48.7156,-26.8826,21.37,11
-48.7152,-26.8824,21.37,11
-48.7139,-26.8827,21.37,11
-48.7143,-26.8825,21.37,11
-48.716,-26.8828,21.37,11
-48.7001,-26.8882,14.31,11
-48.7001,-26.8886,14.31,11
-48.7005,-26.888,9.85,11
-48.7009,-26.8877,9.85,11
-48.7001,-26.8878,10.965,11
-48.6992,-26.8874,11.76,11
-48.6987,-26.8872,11.76,11
-48.6992,-26.887,11.76,11
-48.6996,-26.8876,11.76,11
-48.7001,-26.8895,14.31,11
-48.7001,-26.889,14.31,11
-48.7001,-26.8899,14.31,11
-48.6974,-26.8863,13.11,11
-48.6978,-26.886,14.145,11
-48.6974,-26.8859,14.145,11
-48.6978,-26.8865,14.145,11
-48.7002,-26.8911,14.31,11
-48.7002,-26.8915,14.31,11
-48.7006,-26.8905,14.31,11
-48.7001,-26.8903,14.31,11
-48.7006,-26.8909,14.31,11
-48.7002,-26.8907,14.31,11
-48.7002,-26.8924,14.31,11
-48.7006,-26.8921,14.31,11
-48.7002,-26.892,14.31,11
-48.7002,-26.8928,14.31,11
-48.7007,-26.8926,14.31,11
-48.7006,-26.8913,14.31,11
-48.7006,-26.8917,14.31,11
-48.7027,-26.888,9.85,11
-48.7018,-26.8881,9.85,11
-48.7022,-26.8879,9.85,11
-48.7014,-26.8879,9.85,11
-48.6983,-26.8862,15.18,11
-48.6987,-26.8868,13.11,11
-48.6983,-26.8866,13.11,11
-48.7099,-26.8939,6.68,11
-48.715,-26.8914,15.24,11
-48.7159,-26.8914,15.24,11
-48.7163,-26.8912,15.24,11
-48.7155,-26.8912,15.24,11
-48.7137,-26.8913,11.595,11
-48.7146,-26.8913,15.24,11
-48.7141,-26.8911,11.595,11
-48.7181,-26.891,15.24,11
-48.7185,-26.8908,9.735,11
-48.7194,-26.8908,9.735,11
-48.7198,-26.8905,9.735,11
-48.7189,-26.8906,9.735,11
-48.7172,-26.8911,15.24,11
-48.7176,-26.8909,15.24,11
-48.7168,-26.8913,15.24,11
-48.7119,-26.8906,11.595,11
-48.7115,-26.8904,11.595,11
-48.712,-26.891,7.95,11
-48.7124,-26.8908,11.595,11
-48.7115,-26.8908,11.595,11
-48.7111,-26.8902,15.24,11
-48.7111,-26.8906,11.595,11
-48.7133,-26.8911,11.595,11
-48.7137,-26.8909,15.24,11
-48.7128,-26.891,11.595,11
-48.7199,-26.893,11.29,11
-48.7199,-26.8934,11.29,11
-48.7121,-26.8939,6.68,11
-48.7116,-26.8938,6.68,11
-48.7107,-26.8938,6.68,11
-48.7103,-26.8936,6.68,11
-48.7129,-26.8943,6.68,11
-48.7125,-26.8941,6.68,11
-48.7134,-26.8941,6.68,11
-48.7116,-26.8942,6.68,11
-48.7112,-26.894,6.68,11
-48.6964,-26.8962,3.96,11
-48.696,-26.8968,3.96,11
-48.6964,-26.8966,3.96,11
-48.696,-26.8964,3.96,11
-48.696,-26.8972,3.96,11
-48.6964,-26.897,3.96,11
-48.7007,-26.8934,14.31,11
-48.7002,-26.8932,14.31,11
-48.7007,-26.893,14.31,11
-48.7007,-26.8938,14.31,11
-48.7003,-26.8936,14.31,11
-48.696,-26.8977,3.96,11
-48.6965,-26.8974,3.96,11
-48.6669,-26.9035,4.36,11
-48.667,-26.9039,4.36,11
-48.6669,-26.9026,4.36,11
-48.6674,-26.9032,4.36,11
-48.6669,-26.9031,4.36,11
-48.6674,-26.9045,4.36,11
-48.667,-26.9043,4.36,11
-48.6674,-26.9049,4.36,11
-48.6674,-26.9037,4.36,11
-48.6674,-26.9041,4.36,11
-48.6724,-26.8975,2.29,11
-48.672,-26.8973,2.29,11
-48.6729,-26.8977,2.29,11
-48.6733,-26.8983,2.29,11
-48.6729,-26.8981,2.29,11
-48.6891,-26.8874,15.98,11
-48.6895,-26.8872,15.98,11
-48.6887,-26.8873,15.98,11
-48.6891,-26.887,15.98,11
-48.69,-26.8865,15.98,11
-48.6904,-26.8863,15.98,11
-48.6895,-26.8868,15.98,11
-48.6933,-26.883,5.67,11
-48.6933,-26.8826,5.67,11
-48.6933,-26.8834,8.84,11
-48.6933,-26.8817,5.67,11
-48.6933,-26.8821,5.67,11
-48.6942,-26.8838,11.11,11
-48.6934,-26.8838,12.3275,11
-48.6938,-26.8836,11.11,11
-48.6947,-26.8835,15.18,11
-48.6942,-26.8833,15.18,11
-48.6925,-26.8839,15.58,11
-48.6929,-26.8836,15.58,11
-48.6921,-26.8841,15.58,11
-48.6933,-26.8813,5.67,11
-48.696,-26.8845,15.18,11
-48.6951,-26.8841,11.61,11
-48.6947,-26.8839,11.61,11
-48.6951,-26.8845,10.42,11
-48.6956,-26.8843,11.61,11
-48.6969,-26.8853,15.18,11
-48.6965,-26.8851,12.74,11
-48.6969,-26.8857,14.145,11
-48.6965,-26.8855,13.11,11
-48.696,-26.8849,12.74,11
-48.6956,-26.8847,11.61,11
-48.6908,-26.8857,15.98,11
-48.6912,-26.8854,15.98,11
-48.6904,-26.8859,15.98,11
-48.6916,-26.8848,15.58,11
-48.6916,-26.8843,15.58,11
-48.6912,-26.885,15.98,11
-48.6931,-26.915,3.98,11
-48.6936,-26.9148,3.98,11
-48.6931,-26.9146,3.98,11
-48.6931,-26.9154,3.98,11
-48.6936,-26.9152,3.98,11
-48.6935,-26.9139,3.98,11
-48.6935,-26.9143,3.98,11
-48.6936,-26.9156,3.98,11
-48.6909,-26.9124,5.25,11
-48.6931,-26.9138,3.98,11
-48.6931,-26.9142,3.98,11
-48.6772,-26.9217,5.72,11
-48.6768,-26.9231,5.72,11
-48.6772,-26.9229,5.72,11
-48.6768,-26.9236,5.72,11
-48.6772,-26.9233,5.72,11
-48.6772,-26.9221,5.72,11
-48.6772,-26.9225,5.72,11
-48.6788,-26.919,7.21,11
-48.678,-26.9191,7.21,11
-48.6771,-26.9192,7.21,11
-48.6775,-26.9189,7.21,11
-48.6797,-26.919,7.21,11
-48.6801,-26.9188,7.21,11
-48.6793,-26.9188,7.21,11
-48.6784,-26.9189,7.21,11
-48.6956,-26.9247,14.64,11
-48.6952,-26.9253,14.64,11
-48.6957,-26.9251,14.64,11
-48.6961,-26.924,14.64,11
-48.6965,-26.9238,14.64,11
-48.6961,-26.9244,14.64,11
-48.6977,-26.9222,14.64,11
-48.6977,-26.9218,14.64,11
-48.6973,-26.9225,14.64,11
-48.6981,-26.9212,14.64,11
-48.6982,-26.9216,14.64,11
-48.6969,-26.9231,14.64,11
-48.6973,-26.9229,14.64,11
-48.6969,-26.9235,14.64,11
-48.6952,-26.9257,14.64,11
-48.6948,-26.926,14.64,11
-48.7003,-26.9089,14.635,11
-48.7008,-26.9087,14.635,11
-48.7003,-26.9085,14.635,11
-48.7004,-26.9093,14.635,11
-48.7008,-26.9091,14.635,11
-48.7008,-26.9082,14.635,11
-48.7003,-26.9076,14.635,11
-48.7003,-26.9081,14.635,11
-48.7008,-26.9099,14.635,11
-48.7004,-26.9097,14.635,11
-48.7008,-26.9095,14.635,11
-48.7008,-26.9103,14.635,11
-48.7004,-26.9102,14.635,11
-48.7004,-26.9118,15.68,11
-48.7009,-26.9116,15.68,11
-48.7004,-26.9114,14.635,11
-48.7005,-26.9122,15.68,11
-48.7009,-26.912,15.68,11
-48.7008,-26.9108,14.635,11
-48.7009,-26.9112,14.635,11
-48.7004,-26.9106,14.635,11
-48.7004,-26.911,14.635,11
-48.7009,-26.9128,15.68,11
-48.7005,-26.9127,15.68,11
-48.7009,-26.9124,15.68,11
-48.7009,-26.9133,15.68,11
-48.7005,-26.9131,15.68,11
-48.6939,-26.912,4.72,11
-48.6939,-26.9124,4.72,11
-48.6939,-26.9112,4.72,11
-48.6939,-26.9116,4.72,11
-48.6939,-26.9129,4.72,11
-48.6935,-26.9135,3.98,11
-48.6939,-26.9133,4.72,11
-48.7002,-26.906,14.635,11
-48.7002,-26.9056,14.635,11
-48.7003,-26.9064,14.635,11
-48.7002,-26.9047,14.635,11
-48.7002,-26.9051,14.635,11
-48.7003,-26.9068,14.635,11
-48.7003,-26.9072,14.635,11
-48.7005,-26.9135,15.68,11
-48.6697,-26.9079,9.95,11
-48.6702,-26.9077,9.95,11
-48.6693,-26.9077,11.986,11
-48.6697,-26.9075,9.95,11
-48.6702,-26.9081,9.95,11
-48.6693,-26.9081,11.986,11
-48.6701,-26.9068,9.95,11
-48.6701,-26.9073,9.95,11
-48.6697,-26.9067,9.95,11
-48.6693,-26.9073,11.986,11
-48.6697,-26.9071,9.95,11
-48.6702,-26.9089,9.95,11
-48.6702,-26.9085,9.95,11
-48.6702,-26.9093,9.95,11
-48.6693,-26.9086,11.986,11
-48.6693,-26.909,11.986,11
-48.6732,-26.9073,5.32,11
-48.6736,-26.907,5.32,11
-48.6728,-26.9071,5.32,11
-48.6719,-26.9071,5.32,11
-48.6723,-26.9073,5.32,11
-48.6696,-26.905,9.95,11
-48.6696,-26.9054,9.95,11
-48.6697,-26.9058,9.95,11
-48.6701,-26.9064,9.95,11
-48.6697,-26.9062,9.95,11
-48.6698,-26.9108,11.986,11
-48.6694,-26.9106,11.986,11
-48.6698,-26.9104,11.986,11
-48.6698,-26.9112,11.986,11
-48.6694,-26.9111,11.986,11
-48.6702,-26.9098,9.95,11
-48.6694,-26.9098,11.986,11
-48.6698,-26.9096,11.986,11
-48.6693,-26.9094,11.986,11
-48.6694,-26.9102,11.986,11
-48.6698,-26.91,11.986,11
-48.6699,-26.9117,11.986,11
-48.6699,-26.9121,11.986,11
-48.6576,-26.9103,10.56,11
-48.6576,-26.9108,10.56,11
-48.6605,-26.9074,9.555,11
-48.6601,-26.9073,9.555,11
-48.6592,-26.9069,9.555,11
-48.6592,-26.9073,9.89,11
-48.6596,-26.9071,9.555,11
-48.6588,-26.9071,9.555,11
-48.6614,-26.9078,9.555,11
-48.661,-26.9076,9.555,11
-48.6601,-26.9077,9.555,11
-48.6597,-26.9075,9.555,11
-48.6579,-26.9068,9.555,11
-48.6574,-26.9066,9.555,11
-48.6583,-26.9069,9.555,11
-48.6636,-26.9083,6.06,11
-48.6632,-26.9081,5.89,11
-48.6636,-26.9079,6.06,11
-48.6636,-26.9087,5.89,11
-48.6641,-26.9085,6.06,11
-48.6632,-26.9085,5.89,11
-48.6645,-26.9074,4.73,11
-48.664,-26.9072,4.73,11
-48.6645,-26.9078,4.73,11
-48.664,-26.9076,4.73,11
-48.6627,-26.9079,5.89,11
-48.6636,-26.907,4.73,11
-48.6632,-26.9077,6.06,11
-48.6641,-26.9093,5.89,11
-48.6645,-26.9091,6.06,11
-48.6636,-26.9091,5.89,11
-48.6654,-26.9082,4.73,11
-48.6649,-26.908,4.73,11
-48.6645,-26.9087,6.06,11
-48.6588,-26.9075,10.56,11
-48.6588,-26.908,10.56,11
-48.658,-26.9097,10.56,11
-48.6584,-26.9095,10.56,11
-48.658,-26.9093,10.56,11
-48.658,-26.9101,10.56,11
-48.6584,-26.9086,10.56,11
-48.6588,-26.9084,10.56,11
-48.6584,-26.909,10.56,11
-48.6773,-26.9122,6.78,11
-48.6773,-26.9127,6.78,11
-48.6535,-26.9202,6.69,11
-48.7224,-26.878,21.37,11
-48.7229,-26.8778,21.37,11
-48.722,-26.8778,21.37,11
-48.722,-26.8782,21.37,11
-48.7233,-26.8771,21.37,11
-48.7237,-26.8769,21.37,11
-48.7233,-26.8775,21.37,11
-48.7237,-26.8773,21.37,11
-48.725,-26.8762,21.37,11
-48.7185,-26.8793,21.37,11
-48.7177,-26.8794,21.37,11
-48.7181,-26.8791,21.37,11
-48.7177,-26.8798,21.37,11
-48.719,-26.8791,21.37,11
-48.7194,-26.8788,21.37,11
-48.7185,-26.8789,21.37,11
-48.7211,-26.8783,21.37,11
-48.7216,-26.8781,21.37,11
-48.7173,-26.8813,21.37,11
-48.7173,-26.8817,21.37,11
-48.7169,-26.8815,21.37,11
-48.7173,-26.8804,21.37,11
-48.7177,-26.8802,21.37,11
-48.7173,-26.8808,21.37,11
-48.7169,-26.8823,21.37,11
-48.7173,-26.8821,21.37,11
-48.7169,-26.8819,21.37,11
-48.7169,-26.8827,21.37,11
-48.7165,-26.8826,21.37,11
-48.7203,-26.8788,21.37,11
-48.7207,-26.8785,21.37,11
-48.7198,-26.8786,21.37,11
-48.7203,-26.8783,21.37,11
-48.7245,-26.876,21.37,11
-48.7241,-26.8766,21.37,11
-48.7246,-26.8764,21.37,11
-48.725,-26.8757,21.37,11
-48.7254,-26.8755,21.37,11
-48.7211,-26.8898,11.29,11
-48.7455,-26.8755,11.59,11
-48.7455,-26.8763,11.59,11
-48.746,-26.8761,11.59,11
-48.7455,-26.8759,11.59,11
-48.7455,-26.8767,11.59,11
-48.746,-26.8765,11.59,11
-48.7459,-26.8757,11.59,11
-48.6956,-26.9366,6.345,11
-48.696,-26.9364,6.345,11
-48.6956,-26.9362,6.345,11
-48.7014,-26.9385,11.95,11
-48.7009,-26.9384,11.95,11
-48.7,-26.938,11.95,11
-48.6996,-26.9378,11.95,11
-48.7,-26.9384,11.95,11
-48.7005,-26.9382,11.95,11
-48.6996,-26.9382,11.95,11
-48.7022,-26.9389,11.95,11
-48.7018,-26.9387,11.95,11
-48.7022,-26.9385,11.95,11
-48.6978,-26.9371,6.345,11
-48.6969,-26.9367,6.345,11
-48.6965,-26.9365,6.345,11
-48.6974,-26.9369,6.345,11
-48.6987,-26.9379,11.95,11
-48.6983,-26.9377,11.95,11
-48.6992,-26.938,11.95,11
-48.6978,-26.9375,11.95,11
-48.7209,-26.8967,4.54,11
-48.7205,-26.8965,4.54,11
-48.7196,-26.8962,4.54,11
-48.7191,-26.896,4.54,11
-48.72,-26.8964,4.54,11
-48.7207,-26.8913,11.29,11
-48.7203,-26.8915,11.29,11
-48.7207,-26.8905,11.29,11
-48.7211,-26.8902,11.29,11
-48.7202,-26.8903,9.735,11
-48.7207,-26.89,10.253333333333332,11
-48.7207,-26.8909,11.29,11
-48.7203,-26.8924,11.29,11
-48.7203,-26.8919,11.29,11
-48.7199,-26.8926,11.29,11
-48.7461,-26.8803,11.59,11
-48.7461,-26.8798,11.59,11
-48.7461,-26.8807,11.59,11
-48.7461,-26.8811,11.59,11
-48.7461,-26.8815,11.59,11
-48.746,-26.8773,11.59,11
-48.7456,-26.8772,11.59,11
-48.746,-26.8769,11.59,11
-48.746,-26.8778,11.59,11
-48.7456,-26.8776,11.59,11
-48.7461,-26.879,11.59,11
-48.7461,-26.8794,11.59,11
-48.746,-26.8782,11.59,11
-48.746,-26.8786,11.59,11
-48.6505,-26.9198,9.85,11
-48.6522,-26.9193,6.69,11
-48.6518,-26.9191,6.69,11
-48.6513,-26.9189,6.69,11
-48.6527,-26.9199,6.69,11
-48.6522,-26.9197,6.69,11
-48.6526,-26.9194,6.69,11
-48.6531,-26.92,6.69,11
-48.6505,-26.9206,9.85,11
-48.6505,-26.9202,9.85,11
-48.6509,-26.9208,9.85,11
-48.6536,-26.9206,6.69,11
-48.6531,-26.9205,6.69,11
-48.651,-26.9216,9.85,11
-48.651,-26.9212,9.85,11
-48.6514,-26.9218,9.85,11
-48.6523,-26.9234,11.51,11
-48.6519,-26.9232,11.51,11
-48.6519,-26.9224,11.51,11
-48.6514,-26.9222,9.85,11
-48.6519,-26.9228,11.51,11
-48.6297,-26.9504,17.89,11
-48.6292,-26.9502,17.89,11
-48.6297,-26.9508,17.89,11
-48.6297,-26.9516,17.89,11
-48.6297,-26.9512,17.89,11
-48.6297,-26.952,17.89,11
-48.6296,-26.9495,17.89,11
-48.6296,-26.9499,17.89,11
-48.6291,-26.9477,17.89,11
-48.6291,-26.9481,17.89,11
-48.6296,-26.9479,17.89,11
-48.6292,-26.9494,17.89,11
-48.6292,-26.9498,17.89,11
-48.6296,-26.9487,17.89,11
-48.6292,-26.9485,17.89,11
-48.6296,-26.9483,17.89,11
-48.6296,-26.9491,17.89,11
-48.6292,-26.9489,17.89,11
-48.6298,-26.9533,17.89,11
-48.6298,-26.9537,17.89,11
-48.6298,-26.9545,17.89,11
-48.6298,-26.9541,17.89,11
-48.6298,-26.955,17.89,11
-48.6297,-26.9525,17.89,11
-48.6297,-26.9529,17.89,11
-48.6294,-26.9564,17.89,11
-48.6299,-26.9562,17.89,11
-48.6294,-26.956,17.89,11
-48.6298,-26.9554,17.89,11
-48.6298,-26.9558,17.89,11
-48.6857,-26.9017,9.255,19
-48.6857,-26.9013,9.255,19
-48.6861,-26.9018,8.093333333333334,19
-48.6874,-26.9007,6.41,19
-48.6869,-26.9005,6.41,19
-48.687,-26.901,6.41,19
-48.6874,-26.8999,6.41,19
-48.6878,-26.8997,6.41,19
-48.6873,-26.8995,6.41,19
-48.6874,-26.9003,6.41,19
-48.6883,-26.9023,5.77,19
-48.6887,-26.9021,5.77,19
-48.6879,-26.9022,5.77,19
-48.687,-26.9018,6.41,19
-48.687,-26.9014,6.41,19
-48.687,-26.9022,5.63,19
-48.6874,-26.902,5.77,19
-48.6866,-26.902,5.77,19
-48.6817,-26.9009,14.03,19
-48.6826,-26.9008,8.593333333333334,19
-48.683,-26.9006,8.593333333333334,19
-48.6821,-26.9006,14.03,19
-48.6808,-26.9009,14.03,19
-48.6804,-26.9007,14.03,19
-48.6813,-26.9007,14.03,19
-48.6852,-26.9011,8.593333333333334,19
-48.6848,-26.9009,8.593333333333334,19
-48.6839,-26.9005,8.593333333333334,19
-48.6839,-26.9009,8.593333333333334,19
-48.6843,-26.9007,8.593333333333334,19
-48.6835,-26.9008,8.593333333333334,19
-48.6866,-26.9037,4.71,19
-48.687,-26.9035,4.71,19
-48.6866,-26.9033,4.71,19
-48.687,-26.9026,4.71,19
-48.687,-26.903,4.71,19
-48.6912,-26.8973,6.28,19
-48.6916,-26.8975,6.28,19
-48.6908,-26.8976,6.28,19
-48.6899,-26.8976,6.28,19
-48.6903,-26.8974,6.28,19
-48.6895,-26.8975,6.28,19
-48.6934,-26.8974,6.28,19
-48.6925,-26.8975,6.28,19
-48.6921,-26.8973,6.28,19
-48.693,-26.8977,6.28,19
-48.6886,-26.8975,6.28,19
-48.689,-26.8977,6.28,19
-48.6765,-26.9008,7.71,19
-48.676,-26.9006,7.71,19
-48.6769,-26.901,7.71,19
-48.6774,-26.9016,7.71,19
-48.6769,-26.9014,7.71,19
-48.6799,-26.8989,6.07,19
-48.679,-26.8989,6.07,19
-48.6795,-26.8987,6.07,19
-48.6782,-26.899,6.07,19
-48.6786,-26.8988,6.07,19
-48.6777,-26.8988,6.07,19
-48.6774,-26.9011,7.71,19
-48.6742,-26.899,7.71,19
-48.6738,-26.8989,7.71,19
-48.676,-26.9002,7.71,19
-48.6756,-26.9,7.71,19
-48.6768,-26.8989,6.07,19
-48.6773,-26.8991,6.07,19
-48.6747,-26.8996,7.71,19
-48.6751,-26.8994,7.71,19
-48.6747,-26.8992,7.71,19
-48.6751,-26.8998,7.71,19
-48.6778,-26.9017,7.71,19
-48.6709,-26.903,8.56,19
-48.6713,-26.9036,8.56,19
-48.6709,-26.9034,8.56,19
-48.6713,-26.904,8.56,19
-48.682,-26.8969,9.1,19
-48.6816,-26.8967,9.1,19
-48.6807,-26.8968,9.1,19
-48.6784,-26.8938,8.44,19
-48.6793,-26.8937,8.44,19
-48.6797,-26.8935,8.44,19
-48.6788,-26.8935,8.44,19
-48.6775,-26.8938,5.44,19
-48.6767,-26.8939,5.44,19
-48.6771,-26.8936,5.44,19
-48.678,-26.8936,6.94,19
-48.6806,-26.8934,8.44,19
-48.681,-26.8936,8.44,19
-48.6802,-26.8936,8.44,19
-48.6816,-26.8988,6.07,19
-48.6821,-26.8985,6.07,19
-48.6812,-26.8986,6.07,19
-48.6803,-26.8987,6.07,19
-48.6811,-26.8969,9.1,19
-48.6808,-26.8988,6.07,19
-48.6785,-26.8971,9.1,19
-48.679,-26.8969,9.1,19
-48.6781,-26.8969,9.1,19
-48.6803,-26.897,9.1,19
-48.6794,-26.897,9.1,19
-48.6798,-26.8968,9.1,19
-48.6881,-26.9097,9.5,19
-48.6886,-26.9094,9.5,19
-48.6877,-26.9095,9.5,19
-48.689,-26.9088,10.54,19
-48.6894,-26.9085,10.54,19
-48.6885,-26.9086,10.54,19
-48.6868,-26.9095,9.5,19
-48.6873,-26.9097,9.5,19
-48.6864,-26.9098,9.5,19
-48.6877,-26.9087,10.54,19
-48.6881,-26.9088,10.54,19
-48.6872,-26.9089,10.54,19
-48.6886,-26.9111,12.05,19
-48.6899,-26.9096,9.5,19
-48.689,-26.9096,9.5,19
-48.6894,-26.9094,9.5,19
-48.692,-26.9088,10.54,19
-48.6912,-26.9089,10.54,19
-48.6916,-26.9086,10.54,19
-48.6916,-26.9095,12.29,19
-48.6921,-26.9092,4.61,19
-48.6925,-26.9086,10.54,19
-48.6903,-26.9089,10.54,19
-48.6907,-26.9087,10.54,19
-48.6898,-26.9087,10.54,19
-48.6859,-26.9096,9.5,19
-48.6864,-26.9089,10.54,19
-48.6868,-26.9087,10.54,19
-48.6889,-26.9054,9.97,19
-48.6887,-26.9124,7.36,19
-48.6887,-26.9128,7.36,19
-48.6886,-26.9115,5.64,19
-48.6891,-26.9113,12.05,19
-48.6891,-26.9121,10.545,19
-48.6886,-26.9119,6.213333333333334,19
-48.6878,-26.9116,5.64,19
-48.6873,-26.9114,5.64,19
-48.6882,-26.9118,5.64,19
-48.6887,-26.9136,7.36,19
-48.6891,-26.9134,7.36,19
-48.6887,-26.9132,7.36,19
-48.6887,-26.914,7.36,19
-48.69,-26.9125,13.73,19
-48.6891,-26.9125,7.36,19
-48.6895,-26.9123,13.73,19
-48.6891,-26.913,7.36,19
-48.6912,-26.9109,12.05,19
-48.6908,-26.9108,3.63,19
-48.6917,-26.9111,12.05,19
-48.6908,-26.9112,6.436666666666667,19
-48.6921,-26.91,4.61,19
-48.6925,-26.9098,4.61,19
-48.6921,-26.9096,9.73,19
-48.6921,-26.9105,4.61,19
-48.6925,-26.9102,4.61,19
-48.6899,-26.9112,12.05,19
-48.6904,-26.911,12.05,19
-48.6895,-26.911,12.05,19
-48.6912,-26.9097,12.29,19
-48.6903,-26.9097,9.5,19
-48.6908,-26.9095,11.36,19
-48.6908,-26.9103,3.63,19
-48.6926,-26.9111,12.05,19
-48.693,-26.9112,12.05,19
-48.6921,-26.9113,12.05,19
-48.6908,-26.9116,3.63,19
-48.6904,-26.9122,13.73,19
-48.6908,-26.912,3.63,19
-48.69,-26.9121,13.73,19
-48.6869,-26.9112,5.64,19
-48.6945,-26.9032,13.9,19
-48.6945,-26.9036,13.9,19
-48.6944,-26.9024,13.9,19
-48.6945,-26.9028,13.9,19
-48.694,-26.9022,3.56,19
-48.6931,-26.9022,3.56,19
-48.6936,-26.902,3.56,19
-48.6945,-26.9045,13.9,19
-48.6949,-26.9042,13.9,19
-48.6945,-26.904,13.9,19
-48.6945,-26.9049,13.865,19
-48.695,-26.9046,13.865,19
-48.6949,-26.9034,13.9,19
-48.6949,-26.9038,13.9,19
-48.6923,-26.9023,3.56,19
-48.6927,-26.9021,3.56,19
-48.6944,-26.902,13.9,19
-48.6941,-26.9064,12.63,19
-48.6937,-26.9062,12.63,19
-48.6941,-26.9059,12.63,19
-48.6942,-26.9068,12.63,19
-48.6937,-26.9066,12.63,19
-48.695,-26.9055,13.865,19
-48.6945,-26.9053,13.865,19
-48.695,-26.9051,13.865,19
-48.695,-26.9059,13.865,19
-48.6946,-26.9057,13.865,19
-48.6937,-26.9053,11.3,19
-48.6932,-26.9052,9.97,19
-48.6937,-26.9058,12.63,19
-48.6941,-26.9055,12.63,19
-48.695,-26.9071,13.865,19
-48.6942,-26.9072,12.63,19
-48.6951,-26.9076,13.865,19
-48.6942,-26.9076,12.63,19
-48.695,-26.9063,13.865,19
-48.695,-26.9067,13.865,19
-48.6937,-26.907,12.63,19
-48.6937,-26.9074,12.63,19
-48.6911,-26.9055,9.97,19
-48.6915,-26.9053,9.97,19
-48.6906,-26.9053,9.97,19
-48.6897,-26.9054,9.97,19
-48.6893,-26.9052,9.97,19
-48.6924,-26.9052,9.97,19
-48.6928,-26.9054,9.97,19
-48.6919,-26.9055,9.97,19
-48.6902,-26.9056,9.97,19
-48.6776,-26.9087,9.4875,19
-48.6776,-26.9082,9.4875,19
-48.6776,-26.9091,9.4875,19
-48.6776,-26.9095,9.4875,19
-48.6777,-26.9099,9.4875,19
-48.6758,-26.9075,10.27,19
-48.6758,-26.9079,10.27,19
-48.6763,-26.9077,10.27,19
-48.6754,-26.9078,10.27,19
-48.6745,-26.9074,10.27,19
-48.6741,-26.9072,10.27,19
-48.675,-26.9076,10.27,19
-48.6767,-26.9083,10.27,19
-48.6763,-26.9081,10.27,19
-48.6776,-26.9074,6.41,19
-48.6772,-26.9081,10.27,19
-48.6776,-26.9078,6.41,19
-48.6767,-26.9079,10.27,19
-48.6773,-26.9114,10.246666666666666,19
-48.6773,-26.9118,10.246666666666666,19
-48.6772,-26.9093,9.4875,19
-48.6772,-26.9097,9.4875,19
-48.6772,-26.9106,10.246666666666666,19
-48.6777,-26.9103,10.246666666666666,19
-48.6772,-26.9102,8.656,19
-48.6773,-26.911,10.246666666666666,19
-48.709,-26.8935,7.03,19
-48.7152,-26.8829,20.67,19
-48.7143,-26.8829,23.82,19
-48.7147,-26.8827,20.67,19
-48.7143,-26.8833,23.82,19
-48.7156,-26.8826,20.67,19
-48.7152,-26.8824,20.67,19
-48.7139,-26.8827,22.245,19
-48.7139,-26.8831,23.82,19
-48.7143,-26.8825,22.245,19
-48.7138,-26.8823,23.82,19
-48.716,-26.8828,20.67,19
-48.7139,-26.884,23.82,19
-48.7143,-26.8837,23.82,19
-48.7139,-26.8836,23.82,19
-48.7139,-26.8844,23.82,19
-48.7143,-26.8842,23.82,19
-48.714,-26.8857,23.82,19
-48.714,-26.8861,23.82,19
-48.7139,-26.8848,23.82,19
-48.7139,-26.8852,23.82,19
-48.714,-26.8869,23.82,19
-48.714,-26.8865,23.82,19
-48.714,-26.8873,23.82,19
-48.7005,-26.888,6.89,19
-48.7009,-26.8877,6.89,19
-48.7001,-26.8878,6.89,19
-48.6978,-26.886,7.13,19
-48.6974,-26.8859,8.2,19
-48.6978,-26.8865,7.13,19
-48.7055,-26.8822,9.97,19
-48.7051,-26.882,9.97,19
-48.7055,-26.8818,9.97,19
-48.7056,-26.8826,9.97,19
-48.7051,-26.8824,9.97,19
-48.7051,-26.8812,9.97,19
-48.7055,-26.881,9.97,19
-48.7051,-26.8816,9.97,19
-48.7055,-26.8814,9.97,19
-48.7056,-26.883,9.97,19
-48.7056,-26.8835,9.97,19
-48.7051,-26.8829,9.97,19
-48.7051,-26.8833,9.97,19
-48.7027,-26.888,6.89,19
-48.7018,-26.8881,6.89,19
-48.7022,-26.8879,6.89,19
-48.7014,-26.8879,6.89,19
-48.7056,-26.8851,9.97,19
-48.7056,-26.8847,9.97,19
-48.7057,-26.8856,9.97,19
-48.7052,-26.8841,9.97,19
-48.7056,-26.8839,9.97,19
-48.7052,-26.8837,9.97,19
-48.7052,-26.8845,9.97,19
-48.7056,-26.8843,9.97,19
-48.6983,-26.8862,7.13,19
-48.709,-26.8952,7.03,19
-48.709,-26.8948,7.03,19
-48.7091,-26.8956,7.03,19
-48.709,-26.8939,7.03,19
-48.709,-26.8943,7.03,19
-48.7091,-26.896,7.03,19
-48.7091,-26.8964,7.03,19
-48.7141,-26.8907,23.82,19
-48.7141,-26.8911,23.82,19
-48.7141,-26.8886,23.82,19
-48.7141,-26.889,23.82,19
-48.714,-26.8877,23.82,19
-48.714,-26.8882,23.82,19
-48.7141,-26.8898,23.82,19
-48.7141,-26.8894,23.82,19
-48.7141,-26.8902,23.82,19
-48.7156,-26.8945,5.4,19
-48.7169,-26.8947,5.4,19
-48.716,-26.8947,5.4,19
-48.7164,-26.8945,5.4,19
-48.7008,-26.898,5.58,19
-48.7009,-26.8984,5.58,19
-48.7008,-26.8976,5.58,19
-48.7009,-26.8992,5.58,19
-48.7009,-26.8988,5.58,19
-48.7009,-26.8997,5.58,19
-48.7009,-26.9001,5.58,19
-48.7009,-26.9005,5.58,19
-48.67,-26.9018,8.56,19
-48.6695,-26.9016,8.56,19
-48.6691,-26.901,8.56,19
-48.6695,-26.9012,8.56,19
-48.6704,-26.902,8.56,19
-48.6709,-26.9026,8.56,19
-48.6704,-26.9024,8.56,19
-48.6753,-26.8933,5.44,19
-48.6749,-26.8931,5.44,19
-48.6758,-26.8939,5.44,19
-48.6762,-26.8937,5.44,19
-48.6758,-26.8935,5.44,19
-48.6578,-26.903,11.55,19
-48.6586,-26.9034,11.55,19
-48.6582,-26.9032,11.55,19
-48.6565,-26.9037,1.525,19
-48.6569,-26.9035,1.525,19
-48.656,-26.904,1.525,19
-48.6946,-26.8819,11.25,19
-48.6946,-26.8823,11.25,19
-48.6942,-26.8838,11.01,19
-48.6938,-26.8836,11.01,19
-48.6946,-26.8827,11.25,19
-48.6959,-26.8816,7.65,19
-48.6946,-26.881,9.94,19
-48.6955,-26.8814,7.65,19
-48.6946,-26.8814,9.94,19
-48.6955,-26.8822,7.65,19
-48.6959,-26.882,7.65,19
-48.6955,-26.8818,7.65,19
-48.6955,-26.8826,7.65,19
-48.6959,-26.8824,7.65,19
-48.6945,-26.8789,9.94,19
-48.6945,-26.8793,9.94,19
-48.6945,-26.8802,9.94,19
-48.6945,-26.8798,9.94,19
-48.6946,-26.8806,9.94,19
-48.6951,-26.8841,8.735,19
-48.6956,-26.8839,7.65,19
-48.6947,-26.8839,11.01,19
-48.6951,-26.8845,8.735,19
-48.6956,-26.8843,8.373333333333333,19
-48.696,-26.8832,7.65,19
-48.6955,-26.8831,7.65,19
-48.696,-26.8828,7.65,19
-48.696,-26.8837,7.65,19
-48.6955,-26.8835,7.65,19
-48.6969,-26.8853,7.13,19
-48.6965,-26.8851,8.2,19
-48.6969,-26.8857,8.2,19
-48.6965,-26.8855,8.735,19
-48.696,-26.8849,8.2,19
-48.6956,-26.8847,8.735,19
-48.6807,-26.9214,1.785,19
-48.6811,-26.9212,1.785,19
-48.6807,-26.9219,1.785,19
-48.6923,-26.9163,10.24,19
-48.6923,-26.9176,10.24,19
-48.6924,-26.918,10.24,19
-48.6923,-26.9167,10.24,19
-48.6923,-26.9171,10.24,19
-48.6953,-26.9142,22.31,19
-48.6957,-26.914,22.31,19
-48.6948,-26.9141,18.02,19
-48.6953,-26.9138,18.02,19
-48.6931,-26.915,9.313333333333334,19
-48.6936,-26.9148,9.313333333333334,19
-48.6931,-26.9146,9.313333333333334,19
-48.6931,-26.9154,9.313333333333334,19
-48.6936,-26.9152,9.313333333333334,19
-48.6944,-26.9139,18.02,19
-48.6935,-26.9139,9.313333333333334,19
-48.694,-26.9137,18.02,19
-48.6935,-26.9143,9.313333333333334,19
-48.6936,-26.916,15.96,19
-48.6932,-26.9158,15.96,19
-48.6936,-26.9156,9.313333333333334,19
-48.6936,-26.9164,15.96,19
-48.6888,-26.9153,7.36,19
-48.6888,-26.9157,7.36,19
-48.6887,-26.9144,7.36,19
-48.6887,-26.9149,7.36,19
-48.6922,-26.913,18.02,19
-48.6917,-26.9128,18.02,19
-48.6926,-26.9132,18.02,19
-48.6909,-26.9128,18.02,19
-48.6913,-26.9126,18.02,19
-48.6904,-26.9127,13.73,19
-48.6909,-26.9124,10.825,19
-48.6931,-26.9138,5.99,19
-48.6931,-26.9142,9.313333333333334,19
-48.6924,-26.9188,10.24,19
-48.6924,-26.9184,10.24,19
-48.6924,-26.9192,10.24,19
-48.6928,-26.919,10.24,19
-48.6924,-26.9196,10.24,19
-48.6928,-26.9194,10.24,19
-48.6937,-26.9177,15.96,19
-48.6937,-26.9181,15.96,19
-48.6936,-26.9169,15.96,19
-48.6936,-26.9173,15.96,19
-48.6937,-26.9189,15.96,19
-48.6937,-26.9185,15.96,19
-48.6937,-26.9194,15.96,19
-48.6772,-26.9212,12.71,19
-48.6776,-26.921,12.71,19
-48.6772,-26.9208,12.71,19
-48.6772,-26.9217,12.71,19
-48.6776,-26.9214,12.71,19
-48.6776,-26.9202,12.71,19
-48.6776,-26.9206,12.71,19
-48.6807,-26.921,1.785,19
-48.6771,-26.9183,12.71,19
-48.6775,-26.9181,12.71,19
-48.6771,-26.9179,12.71,19
-48.6771,-26.9187,12.71,19
-48.6775,-26.9185,12.71,19
-48.6771,-26.92,12.71,19
-48.6771,-26.9204,12.71,19
-48.6775,-26.9193,12.71,19
-48.6771,-26.9192,12.71,19
-48.6775,-26.9189,12.71,19
-48.6776,-26.9198,12.71,19
-48.6771,-26.9196,12.71,19
-48.6807,-26.9223,1.785,19
-48.6807,-26.9227,1.785,19
-48.6807,-26.9231,1.785,19
-48.6775,-26.9172,12.71,19
-48.6775,-26.9177,12.71,19
-48.6943,-26.9241,11.25,19
-48.6943,-26.9245,11.25,19
-48.6943,-26.925,11.25,19
-48.6986,-26.9214,10.62,19
-48.6981,-26.9212,10.62,19
-48.6986,-26.9218,10.62,19
-48.6991,-26.9224,10.62,19
-48.699,-26.9219,10.62,19
-48.6995,-26.9225,10.62,19
-48.6937,-26.9198,15.96,19
-48.6953,-26.9266,11.02,19
-48.6948,-26.9264,11.02,19
-48.6953,-26.9262,11.02,19
-48.6944,-26.9258,11.25,19
-48.6944,-26.9254,11.25,19
-48.6948,-26.926,11.02,19
-48.6962,-26.9269,11.02,19
-48.6957,-26.9268,11.02,19
-48.6962,-26.9274,11.02,19
-48.7114,-26.913,35.57666666666666,19
-48.704,-26.9141,4.36,19
-48.704,-26.9145,4.36,19
-48.7159,-26.9037,34.21,19
-48.7163,-26.9027,34.21,19
-48.7167,-26.9024,34.21,19
-48.7163,-26.9031,34.21,19
-48.7155,-26.9044,34.21,19
-48.7159,-26.9041,34.21,19
-48.7155,-26.9048,34.21,19
-48.7163,-26.9035,34.21,19
-48.7146,-26.9049,30.675,19
-48.715,-26.9046,30.675,19
-48.7138,-26.907,30.675,19
-48.7138,-26.9074,30.675,19
-48.713,-26.9091,30.675,19
-48.7134,-26.9089,30.675,19
-48.713,-26.9096,30.675,19
-48.7134,-26.9081,30.675,19
-48.7138,-26.9078,30.675,19
-48.7134,-26.9085,30.675,19
-48.7142,-26.9063,30.675,19
-48.7147,-26.9061,30.675,19
-48.7142,-26.9059,30.675,19
-48.7142,-26.9068,30.675,19
-48.7151,-26.9055,34.21,19
-48.7146,-26.9053,30.675,19
-48.7151,-26.905,34.21,19
-48.7146,-26.9057,30.675,19
-48.7143,-26.9072,30.675,19
-48.7003,-26.9089,14.32,19
-48.7008,-26.9087,14.32,19
-48.7003,-26.9085,14.32,19
-48.7004,-26.9093,14.32,19
-48.7008,-26.9091,14.32,19
-48.7008,-26.9082,14.32,19
-48.7003,-26.9076,14.32,19
-48.7003,-26.9081,14.32,19
-48.7008,-26.9099,14.32,19
-48.7004,-26.9097,14.32,19
-48.7008,-26.9095,14.32,19
-48.7008,-26.9103,14.32,19
-48.7004,-26.9102,14.32,19
-48.6942,-26.9093,10.14,19
-48.6938,-26.9091,8.99,19
-48.6942,-26.9089,8.99,19
-48.6947,-26.9095,10.906666666666666,19
-48.6938,-26.9095,10.14,19
-48.6951,-26.9084,13.865,19
-48.6951,-26.908,13.865,19
-48.6951,-26.9088,13.865,19
-48.6925,-26.909,4.61,19
-48.6929,-26.9087,10.54,19
-48.6929,-26.9096,10.906666666666666,19
-48.6934,-26.9093,10.906666666666666,19
-48.6925,-26.9094,9.3325,19
-48.6938,-26.9083,12.63,19
-48.6942,-26.908,12.63,19
-48.6938,-26.9079,12.63,19
-48.6938,-26.9087,9.506666666666666,19
-48.6942,-26.9085,12.63,19
-48.6933,-26.9085,10.54,19
-48.6951,-26.9101,13.83,19
-48.6952,-26.9105,13.83,19
-48.6956,-26.9094,10.906666666666666,19
-48.6951,-26.9092,12.09,19
-48.6951,-26.9096,13.83,19
-48.6938,-26.9099,8.99,19
-48.6938,-26.9104,5.35,19
-48.6979,-26.9149,22.31,19
-48.6975,-26.9147,22.31,19
-48.6966,-26.9144,22.31,19
-48.6962,-26.9142,22.31,19
-48.697,-26.9145,22.31,19
-48.7004,-26.9118,14.32,19
-48.7009,-26.9116,14.32,19
-48.7004,-26.9114,14.32,19
-48.7005,-26.9122,14.32,19
-48.7009,-26.912,14.32,19
-48.7008,-26.9108,14.32,19
-48.7009,-26.9112,14.32,19
-48.7004,-26.9106,14.32,19
-48.7004,-26.911,14.32,19
-48.7009,-26.9128,14.32,19
-48.7005,-26.9127,14.32,19
-48.7009,-26.9124,14.32,19
-48.7009,-26.9133,14.32,19
-48.7005,-26.9131,14.32,19
-48.6939,-26.9112,8.7,19
-48.6934,-26.911,12.05,19
-48.6939,-26.9108,5.35,19
-48.6948,-26.9136,18.02,19
-48.6935,-26.9135,12.005,19
-48.6931,-26.9133,18.02,19
-48.7002,-26.906,14.32,19
-48.7002,-26.9056,14.32,19
-48.7003,-26.9064,14.32,19
-48.7002,-26.9047,14.32,19
-48.7002,-26.9051,14.32,19
-48.7003,-26.9068,14.32,19
-48.7003,-26.9072,14.32,19
-48.7094,-26.9184,35.57666666666666,19
-48.7094,-26.9188,35.57666666666666,19
-48.7098,-26.9173,35.57666666666666,19
-48.7094,-26.9179,35.57666666666666,19
-48.7098,-26.9177,35.57666666666666,19
-48.709,-26.9194,35.57666666666666,19
-48.709,-26.919,35.57666666666666,19
-48.7102,-26.9158,35.57666666666666,19
-48.711,-26.9145,35.57666666666666,19
-48.7106,-26.9152,35.57666666666666,19
-48.711,-26.9149,35.57666666666666,19
-48.7102,-26.9166,35.57666666666666,19
-48.7102,-26.9162,35.57666666666666,19
-48.7098,-26.9169,35.57666666666666,19
-48.7106,-26.9156,35.57666666666666,19
-48.7106,-26.916,35.57666666666666,19
-48.7126,-26.911,35.57666666666666,19
-48.7126,-26.9106,30.675,19
-48.7122,-26.9113,35.57666666666666,19
-48.713,-26.91,30.675,19
-48.7126,-26.9102,30.675,19
-48.7118,-26.9119,35.57666666666666,19
-48.7122,-26.9117,35.57666666666666,19
-48.7118,-26.9124,35.57666666666666,19
-48.7122,-26.9121,35.57666666666666,19
-48.7114,-26.9138,35.57666666666666,19
-48.7114,-26.9134,35.57666666666666,19
-48.711,-26.9141,35.57666666666666,19
-48.7118,-26.9128,35.57666666666666,19
-48.7015,-26.9168,5.55,19
-48.7019,-26.9165,5.55,19
-48.701,-26.9166,5.55,19
-48.7041,-26.9158,4.36,19
-48.7041,-26.9162,4.36,19
-48.704,-26.9149,4.36,19
-48.7041,-26.9154,4.36,19
-48.7019,-26.9157,5.55,19
-48.7019,-26.9161,5.55,19
-48.7041,-26.9166,4.36,19
-48.7005,-26.9135,14.32,19
-48.7014,-26.9155,5.55,19
-48.701,-26.9153,5.55,19
-48.6994,-26.9205,5.97,19
-48.699,-26.9203,5.97,19
-48.6994,-26.9209,5.97,19
-48.6999,-26.9215,5.97,19
-48.6995,-26.9213,5.97,19
-48.6999,-26.9219,5.97,19
-48.6612,-26.913,10.76,19
-48.6607,-26.9137,10.76,19
-48.6612,-26.9135,10.76,19
-48.6608,-26.9141,10.76,19
-48.6616,-26.9128,10.76,19
-48.662,-26.9126,10.76,19
-48.6595,-26.9157,10.76,19
-48.6599,-26.9154,10.76,19
-48.6603,-26.9148,10.76,19
-48.6603,-26.9144,10.76,19
-48.6599,-26.915,10.76,19
-48.6693,-26.9077,10.953333333333333,19
-48.6693,-26.9081,10.953333333333333,19
-48.6706,-26.9074,7.89,19
-48.671,-26.9072,7.89,19
-48.6693,-26.9073,10.953333333333333,19
-48.6693,-26.9086,10.953333333333333,19
-48.6693,-26.909,10.953333333333333,19
-48.6732,-26.9073,6.61,19
-48.6736,-26.907,8.44,19
-48.6728,-26.9071,6.61,19
-48.6719,-26.9071,6.61,19
-48.6723,-26.9073,6.61,19
-48.6715,-26.9074,7.89,19
-48.6698,-26.9108,10.953333333333333,19
-48.6694,-26.9106,10.953333333333333,19
-48.6698,-26.9104,10.953333333333333,19
-48.6698,-26.9112,10.953333333333333,19
-48.6694,-26.9111,10.953333333333333,19
-48.6711,-26.9097,5.71,19
-48.6711,-26.9101,5.71,19
-48.6694,-26.9098,10.953333333333333,19
-48.6698,-26.9096,10.953333333333333,19
-48.6693,-26.9094,10.953333333333333,19
-48.6694,-26.9102,10.953333333333333,19
-48.6698,-26.91,10.953333333333333,19
-48.6699,-26.9117,10.953333333333333,19
-48.6699,-26.9121,10.953333333333333,19
-48.6711,-26.911,5.71,19
-48.6711,-26.9105,5.71,19
-48.6712,-26.9114,5.71,19
-48.654,-26.9093,8.93,19
-48.654,-26.9089,8.93,19
-48.6552,-26.9172,20.68,19
-48.6552,-26.9176,20.68,19
-48.6605,-26.9074,10.7,19
-48.6601,-26.9073,10.7,19
-48.6592,-26.9069,10.7,19
-48.6592,-26.9073,10.7,19
-48.6596,-26.9071,10.7,19
-48.6588,-26.9071,10.7,19
-48.6614,-26.9078,10.7,19
-48.661,-26.9076,10.7,19
-48.6601,-26.9077,10.7,19
-48.6597,-26.9075,10.7,19
-48.6579,-26.9068,10.7,19
-48.6574,-26.9066,10.7,19
-48.6583,-26.9069,10.7,19
-48.6604,-26.9045,11.55,19
-48.66,-26.9043,11.55,19
-48.6591,-26.904,11.55,19
-48.6587,-26.9038,11.55,19
-48.6591,-26.9036,11.55,19
-48.6595,-26.9042,11.55,19
-48.6609,-26.9051,11.55,19
-48.6613,-26.9049,11.55,19
-48.6609,-26.9047,11.55,19
-48.6579,-26.9084,0.51,19
-48.6575,-26.9083,0.51,19
-48.6584,-26.9082,0.51,19
-48.6579,-26.908,0.51,19
-48.6571,-26.9081,0.51,19
-48.6584,-26.9086,0.51,19
-48.673,-26.9154,6.76,19
-48.6735,-26.9156,6.76,19
-48.6739,-26.9162,9.06,19
-48.6739,-26.9154,6.76,19
-48.6726,-26.9157,6.76,19
-48.6717,-26.9157,6.76,19
-48.6722,-26.9155,6.76,19
-48.6773,-26.9122,10.246666666666666,19
-48.6773,-26.9127,9.31,19
-48.6712,-26.9118,5.71,19
-48.6766,-26.916,9.06,19
-48.6757,-26.9161,9.06,19
-48.6761,-26.9159,9.06,19
-48.677,-26.9158,9.06,19
-48.6748,-26.9162,9.06,19
-48.6752,-26.9159,9.06,19
-48.6744,-26.916,9.06,19
-48.677,-26.9175,12.71,19
-48.6709,-26.9158,6.76,19
-48.6713,-26.9155,6.76,19
-48.6544,-26.9189,20.68,19
-48.6544,-26.9193,20.68,19
-48.6539,-26.9191,20.68,19
-48.6548,-26.9178,20.68,19
-48.6544,-26.9185,20.68,19
-48.6548,-26.9183,20.68,19
-48.654,-26.92,20.68,19
-48.654,-26.9196,20.68,19
-48.6535,-26.9202,20.68,19
-48.6532,-26.9217,20.68,19
-48.7229,-26.8778,8.53,19
-48.7229,-26.8782,8.53,19
-48.7229,-26.879,8.53,19
-48.7229,-26.8786,8.53,19
-48.7229,-26.8794,8.53,19
-48.7234,-26.8809,8.53,19
-48.723,-26.8807,8.53,19
-48.7229,-26.8799,8.53,19
-48.7229,-26.8803,8.53,19
-48.7185,-26.8793,20.67,19
-48.7177,-26.8794,20.67,19
-48.7181,-26.8791,20.67,19
-48.7177,-26.8798,20.67,19
-48.719,-26.8791,20.67,19
-48.7194,-26.8788,20.67,19
-48.7185,-26.8789,20.67,19
-48.7173,-26.8813,20.67,19
-48.7173,-26.8817,20.67,19
-48.7169,-26.8815,20.67,19
-48.7173,-26.8804,20.67,19
-48.7177,-26.8802,20.67,19
-48.7173,-26.8808,20.67,19
-48.7169,-26.8823,20.67,19
-48.7173,-26.8821,20.67,19
-48.7169,-26.8819,20.67,19
-48.7169,-26.8827,20.67,19
-48.7165,-26.8826,20.67,19
-48.7203,-26.8788,20.67,19
-48.7207,-26.8785,20.67,19
-48.7198,-26.8786,20.67,19
-48.7203,-26.8783,20.67,19
-48.734,-26.884,9.95,19
-48.734,-26.8835,9.95,19
-48.734,-26.8844,9.95,19
-48.7341,-26.8856,9.95,19
-48.7341,-26.8861,9.95,19
-48.734,-26.8848,9.95,19
-48.7345,-26.8854,9.95,19
-48.734,-26.8852,9.95,19
-48.734,-26.8827,9.95,19
-48.734,-26.8831,9.95,19
-48.6945,-26.8785,9.94,19
-48.6548,-26.9047,1.525,19
-48.6543,-26.9053,1.525,19
-48.6548,-26.9051,1.525,19
-48.6544,-26.9057,1.525,19
-48.6552,-26.9044,1.525,19
-48.6556,-26.9042,1.525,19
-48.6544,-26.9074,8.93,19
-48.6544,-26.907,8.93,19
-48.6544,-26.9078,8.93,19
-48.6548,-26.9063,8.93,19
-48.6544,-26.9062,8.93,19
-48.6539,-26.906,1.525,19
-48.6544,-26.9066,8.93,19
-48.6544,-26.9082,8.93,19
-48.6545,-26.9087,8.93,19
-48.654,-26.9085,8.93,19
-48.7105,-26.9505,16.86,19
-48.7105,-26.9509,16.86,19
-48.7105,-26.9497,16.86,19
-48.7105,-26.9492,16.86,19
-48.7105,-26.9501,16.86,19
-48.7101,-26.9516,16.86,19
-48.7101,-26.9511,16.86,19
-48.7112,-26.9463,16.86,19
-48.7104,-26.9476,16.86,19
-48.7104,-26.948,16.86,19
-48.7108,-26.9465,16.86,19
-48.7104,-26.9472,16.86,19
-48.7108,-26.9469,16.86,19
-48.7104,-26.9484,16.86,19
-48.7105,-26.9488,16.86,19
-48.7272,-26.9409,18.04,19
-48.7263,-26.9405,18.04,19
-48.7259,-26.9403,18.04,19
-48.7268,-26.9407,18.04,19
-48.725,-26.9408,18.04,19
-48.7255,-26.9406,18.04,19
-48.7246,-26.9406,18.04,19
-48.7211,-26.9421,18.04,19
-48.7229,-26.9411,18.04,19
-48.7233,-26.9409,18.04,19
-48.7233,-26.9413,18.04,19
-48.7224,-26.9414,18.04,19
-48.7237,-26.9411,18.04,19
-48.7242,-26.9409,18.04,19
-48.7216,-26.9419,18.04,19
-48.722,-26.9416,18.04,19
-48.6799,-26.9508,53.55,19
-48.6795,-26.9522,53.55,19
-48.6796,-26.9527,53.55,19
-48.68,-26.9516,53.55,19
-48.6799,-26.9512,53.55,19
-48.6795,-26.9518,53.55,19
-48.6796,-26.9535,53.55,19
-48.6796,-26.9531,53.55,19
-48.6796,-26.9539,53.55,19
-48.698,-26.9285,10.79,19
-48.6975,-26.9283,10.79,19
-48.6971,-26.9277,10.79,19
-48.6966,-26.9275,10.79,19
-48.6971,-26.9281,10.79,19
-48.698,-26.9289,10.79,19
-48.7008,-26.9231,5.97,19
-48.7004,-26.9237,10.62,19
-48.7,-26.9231,10.62,19
-48.6995,-26.923,10.62,19
-48.7,-26.9236,10.62,19
-48.7004,-26.9225,5.97,19
-48.7004,-26.9221,5.97,19
-48.7008,-26.9227,5.97,19
-48.7004,-26.9242,10.62,19
-48.6825,-26.9625,53.55,19
-48.6821,-26.9623,53.55,19
-48.6825,-26.9621,53.55,19
-48.6825,-26.9629,53.55,19
-48.683,-26.9635,53.55,19
-48.683,-26.9631,53.55,19
-48.683,-26.9639,53.55,19
-48.6834,-26.9637,53.55,19
-48.6839,-26.9656,53.55,19
-48.6835,-26.9654,53.55,19
-48.6839,-26.9651,53.55,19
-48.684,-26.966,53.55,19
-48.6835,-26.9658,53.55,19
-48.6835,-26.9645,53.55,19
-48.6835,-26.9641,53.55,19
-48.6835,-26.965,53.55,19
-48.684,-26.9664,53.55,19
-48.684,-26.9668,53.55,19
-48.6811,-26.9603,53.55,19
-48.6816,-26.9609,53.55,19
-48.6811,-26.9607,53.55,19
-48.6807,-26.9601,53.55,19
-48.682,-26.9615,53.55,19
-48.6816,-26.9613,53.55,19
-48.6821,-26.9619,53.55,19
-48.6796,-26.9552,53.55,19
-48.6797,-26.9556,53.55,19
-48.6796,-26.9543,53.55,19
-48.6796,-26.9547,53.55,19
-48.6797,-26.9564,53.55,19
-48.6801,-26.9562,53.55,19
-48.6797,-26.956,53.55,19
-48.6797,-26.9568,53.55,19
-48.6801,-26.9566,53.55,19
-48.6802,-26.9583,53.55,19
-48.6802,-26.9587,53.55,19
-48.6802,-26.9574,53.55,19
-48.6797,-26.9573,53.55,19
-48.6801,-26.957,53.55,19
-48.6802,-26.9578,53.55,19
-48.6807,-26.9593,53.55,19
-48.6807,-26.9597,53.55,19
-48.6802,-26.9591,53.55,19
-48.6802,-26.9595,53.55,19
-48.6836,-26.9683,53.55,19
-48.6836,-26.9687,53.55,19
-48.6836,-26.9675,53.55,19
-48.684,-26.9672,53.55,19
-48.6836,-26.967,53.55,19
-48.6836,-26.9679,53.55,19
-48.684,-26.9676,53.55,19
-48.6836,-26.9691,53.55,19
-48.6832,-26.9698,53.55,19
-48.6836,-26.9695,53.55,19
-48.6833,-26.971,53.55,19
-48.6832,-26.9702,53.55,19
-48.6837,-26.97,53.55,19
-48.6832,-26.9706,53.55,19
-48.7179,-26.8988,34.21,19
-48.7179,-26.8992,34.21,19
-48.717,-26.8988,6.39,19
-48.717,-26.8993,6.39,19
-48.7183,-26.8977,34.21,19
-48.7179,-26.8984,34.21,19
-48.7183,-26.8981,34.21,19
-48.7175,-26.8999,34.21,19
-48.7171,-26.8997,6.39,19
-48.7175,-26.8994,34.21,19
-48.7175,-26.9003,34.21,19
-48.7187,-26.8958,6.12,19
-48.7183,-26.8965,6.12,19
-48.7187,-26.8962,6.12,19
-48.7195,-26.8949,34.21,19
-48.7191,-26.8956,13.1425,19
-48.7195,-26.8953,34.21,19
-48.7178,-26.895,5.4,19
-48.7173,-26.8949,5.4,19
-48.7178,-26.8946,5.4,19
-48.7187,-26.8971,34.21,19
-48.7183,-26.8969,6.12,19
-48.7187,-26.8967,13.1425,19
-48.7183,-26.8973,13.1425,19
-48.7191,-26.896,34.21,19
-48.7191,-26.8964,34.21,19
-48.7167,-26.9016,34.21,19
-48.7171,-26.9014,34.21,19
-48.7167,-26.902,34.21,19
-48.7166,-26.8995,6.39,19
-48.7166,-26.8999,5.15,19
-48.7171,-26.9005,34.21,19
-48.7162,-26.9006,5.15,19
-48.7166,-26.9003,5.15,19
-48.7171,-26.9009,34.21,19
-48.7162,-26.901,5.15,19
-48.7212,-26.8915,34.21,19
-48.7216,-26.8912,34.21,19
-48.7211,-26.8911,34.21,19
-48.7212,-26.8919,34.21,19
-48.7216,-26.8908,34.21,19
-48.7207,-26.8921,34.21,19
-48.7203,-26.8928,34.21,19
-48.7208,-26.8925,34.21,19
-48.7199,-26.8943,34.21,19
-48.7199,-26.8939,34.21,19
-48.7195,-26.8945,34.21,19
-48.7203,-26.8932,34.21,19
-48.7204,-26.8936,34.21,19
-48.7516,-26.887,33.64,19
-48.7511,-26.8869,33.64,19
-48.7503,-26.8869,33.64,19
-48.7498,-26.8867,33.64,19
-48.752,-26.8876,33.64,19
-48.7525,-26.8874,33.64,19
-48.7516,-26.8875,33.64,19
-48.752,-26.8872,33.64,19
-48.7511,-26.8873,33.64,19
-48.7507,-26.8871,33.64,19
-48.7463,-26.8861,33.64,19
-48.7467,-26.8863,33.64,19
-48.7459,-26.8863,33.64,19
-48.745,-26.886,33.64,19
-48.7454,-26.8862,33.64,19
-48.7446,-26.8862,33.64,19
-48.7493,-26.8845,8.93,19
-48.7493,-26.884,8.93,19
-48.7493,-26.8849,8.93,19
-48.7489,-26.8864,33.64,19
-48.7485,-26.8862,33.64,19
-48.7494,-26.8865,33.64,19
-48.7476,-26.8862,33.64,19
-48.7472,-26.8861,33.64,19
-48.7481,-26.8864,33.64,19
-48.7398,-26.8863,33.64,19
-48.7402,-26.8861,33.64,19
-48.738,-26.8868,33.64,19
-48.7389,-26.8864,33.64,19
-48.7393,-26.8861,33.64,19
-48.7393,-26.8866,33.64,19
-48.7385,-26.8866,33.64,19
-48.7424,-26.8862,33.64,19
-48.7428,-26.8859,33.64,19
-48.7419,-26.886,33.64,19
-48.7411,-26.886,33.64,19
-48.7415,-26.8858,33.64,19
-48.7406,-26.8858,33.64,19
-48.7437,-26.8863,33.64,19
-48.7441,-26.886,33.64,19
-48.7432,-26.8861,33.64,19
-48.7415,-26.8862,33.64,19
-48.7345,-26.8858,9.95,19
-48.7492,-26.8815,8.93,19
-48.7492,-26.882,8.93,19
-48.7493,-26.8832,8.93,19
-48.7493,-26.8836,8.93,19
-48.7492,-26.8824,8.93,19
-48.7492,-26.8828,8.93,19
-48.7533,-26.8878,33.64,19
-48.7529,-26.8876,33.64,19
-48.7431,-26.8947,4.72,19
-48.7439,-26.8934,4.72,19
-48.7435,-26.894,4.72,19
-48.7439,-26.8938,4.72,19
-48.7427,-26.8953,4.72,19
-48.7431,-26.8951,4.72,19
-48.7435,-26.8944,4.72,19
-48.7418,-26.8958,4.72,19
-48.7423,-26.8956,4.72,19
-48.7439,-26.8925,4.72,19
-48.7439,-26.893,4.72,19
-48.7418,-26.8962,4.72,19
-48.7414,-26.896,4.72,19
-48.7414,-26.8965,4.72,19
-48.6406,-26.9507,3.35,19
-48.6406,-26.9511,3.35,19
-48.6406,-26.9516,3.35,19
-48.6402,-26.9514,3.35,19
-48.6402,-26.9518,3.35,19
-48.6463,-26.9272,15.17,19
-48.6468,-26.9265,15.17,19
-48.6472,-26.9263,15.17,19
-48.6459,-26.9278,15.17,19
-48.6464,-26.9276,15.17,19
-48.6459,-26.9282,15.17,19
-48.6468,-26.9269,15.17,19
-48.6472,-26.9267,15.17,19
-48.6527,-26.9219,20.68,19
-48.6536,-26.9206,20.68,19
-48.6531,-26.9213,20.68,19
-48.6536,-26.9211,20.68,19
-48.6455,-26.9289,15.17,19
-48.6455,-26.9285,15.17,19
-48.6489,-26.9253,15.17,19
-48.6489,-26.9249,15.17,19
-48.6485,-26.9256,15.17,19
-48.6476,-26.926,15.17,19
-48.6481,-26.9258,15.17,19
-48.6519,-26.9237,20.68,19
-48.6523,-26.9234,20.68,19
-48.6515,-26.9239,20.68,19
-48.6528,-26.9228,20.68,19
-48.6527,-26.9224,20.68,19
-48.6523,-26.923,20.68,19
-48.6511,-26.9241,20.68,19
