x,y,speedKMH,hour
-48.6565,-26.9037,7.39,4
-48.6569,-26.9035,7.39,4
-48.656,-26.904,7.39,4
-48.6548,-26.9047,7.39,4
-48.6543,-26.9053,7.39,4
-48.6548,-26.9051,7.39,4
-48.6544,-26.9057,7.39,4
-48.6552,-26.9044,7.39,4
-48.6556,-26.9042,7.39,4
-48.6544,-26.9062,7.39,4
-48.6539,-26.906,7.39,4
-48.6857,-26.9017,10.733333333333334,18
-48.6857,-26.9013,10.733333333333334,18
-48.6861,-26.9018,8.248571428571429,18
-48.6883,-26.9023,6.385,18
-48.6887,-26.9021,7.82,18
-48.6879,-26.9022,6.385,18
-48.687,-26.9022,5.451666666666667,18
-48.6874,-26.902,6.385,18
-48.6866,-26.902,6.385,18
-48.6817,-26.9009,9.93,18
-48.6826,-26.9004,5.63,18
-48.6821,-26.9002,5.63,18
-48.6826,-26.9,5.63,18
-48.6826,-26.9008,9.93,18
-48.683,-26.9006,9.93,18
-48.6821,-26.9006,9.93,18
-48.6808,-26.9009,9.93,18
-48.6804,-26.9007,9.93,18
-48.6813,-26.9007,9.93,18
-48.6852,-26.9011,9.93,18
-48.6848,-26.9009,9.93,18
-48.6839,-26.9005,9.93,18
-48.6839,-26.9009,9.93,18
-48.6843,-26.9007,9.93,18
-48.6835,-26.9008,9.93,18
-48.6866,-26.9037,3.585,18
-48.687,-26.9035,3.585,18
-48.6866,-26.9033,3.585,18
-48.687,-26.9026,3.585,18
-48.687,-26.903,3.585,18
-48.6912,-26.8973,9.514,18
-48.6916,-26.8975,9.514,18
-48.6908,-26.8976,9.514,18
-48.6899,-26.8976,13.145,18
-48.6903,-26.8974,9.514,18
-48.6895,-26.8975,13.145,18
-48.6913,-26.9003,4.41,18
-48.6917,-26.9,4.41,18
-48.6909,-26.9001,4.41,18
-48.6934,-26.8974,9.514,18
-48.6947,-26.8967,10.06,18
-48.6942,-26.8965,10.06,18
-48.6951,-26.8969,10.06,18
-48.6925,-26.8975,9.514,18
-48.6921,-26.8973,9.514,18
-48.693,-26.8977,9.514,18
-48.6938,-26.8963,10.06,18
-48.6956,-26.8975,10.06,18
-48.6951,-26.8973,10.06,18
-48.6886,-26.8975,13.145,18
-48.689,-26.8977,13.145,18
-48.6795,-26.8987,9.17,18
-48.6786,-26.8988,9.17,18
-48.6777,-26.8988,9.17,18
-48.6781,-26.8986,9.17,18
-48.6721,-26.9002,6.81,18
-48.6725,-26.9008,6.81,18
-48.6721,-26.9006,6.81,18
-48.6716,-26.9,6.81,18
-48.6712,-26.8999,6.81,18
-48.6751,-26.8986,8.02,18
-48.6751,-26.899,8.02,18
-48.6746,-26.8984,8.02,18
-48.6742,-26.8982,10.096666666666666,18
-48.6751,-26.8977,5.18,18
-48.6746,-26.8976,9.15,18
-48.6751,-26.8982,5.18,18
-48.6773,-26.8986,9.17,18
-48.6768,-26.8985,9.17,18
-48.6775,-26.9045,5.48,18
-48.6775,-26.9049,5.48,18
-48.6735,-26.9024,6.76,18
-48.673,-26.9023,6.76,18
-48.6709,-26.903,4.16,18
-48.6713,-26.9036,4.16,18
-48.6709,-26.9034,4.16,18
-48.6722,-26.9023,6.76,18
-48.6726,-26.9025,6.76,18
-48.6717,-26.9025,6.76,18
-48.6713,-26.904,4.3,18
-48.6718,-26.9046,4.44,18
-48.6714,-26.9045,4.44,18
-48.6816,-26.8984,9.17,18
-48.6821,-26.8985,7.4,18
-48.6812,-26.8986,9.17,18
-48.6803,-26.8987,9.17,18
-48.6808,-26.8984,9.17,18
-48.6799,-26.8985,9.17,18
-48.6821,-26.8994,5.63,18
-48.6825,-26.8991,5.63,18
-48.6821,-26.899,5.63,18
-48.6821,-26.8998,5.63,18
-48.6825,-26.8996,5.63,18
-48.679,-26.8985,9.17,18
-48.692,-26.9067,10.85,18
-48.6911,-26.9068,10.85,18
-48.6907,-26.9066,10.85,18
-48.6916,-26.9095,13.13,18
-48.6833,-26.9081,9.29,18
-48.6833,-26.9085,6.545,18
-48.6887,-26.9124,7.575,18
-48.6887,-26.9128,7.575,18
-48.6891,-26.9121,17.54,18
-48.6886,-26.9119,4.88,18
-48.6887,-26.9136,7.575,18
-48.6891,-26.9134,7.575,18
-48.6887,-26.9132,7.575,18
-48.6887,-26.914,7.575,18
-48.69,-26.9125,21.76,18
-48.6891,-26.9125,7.575,18
-48.6895,-26.9123,21.76,18
-48.6891,-26.913,7.575,18
-48.6921,-26.9096,13.13,18
-48.6912,-26.9097,13.13,18
-48.6908,-26.9095,13.13,18
-48.6904,-26.9122,19.3225,18
-48.69,-26.9121,19.3225,18
-48.694,-26.9034,12.15,18
-48.6936,-26.9033,12.15,18
-48.694,-26.903,12.15,18
-48.6941,-26.9039,12.15,18
-48.6936,-26.9037,12.15,18
-48.6936,-26.9024,12.15,18
-48.694,-26.9022,12.133333333333333,18
-48.6931,-26.9022,12.125,18
-48.6936,-26.902,12.125,18
-48.6936,-26.9028,12.15,18
-48.694,-26.9026,12.15,18
-48.6941,-26.9043,12.15,18
-48.6941,-26.9047,12.15,18
-48.6936,-26.9041,12.15,18
-48.6936,-26.9045,12.15,18
-48.6909,-26.9022,12.125,18
-48.6914,-26.9024,12.125,18
-48.6905,-26.9024,12.125,18
-48.6896,-26.902,13.56,18
-48.6901,-26.9022,13.56,18
-48.6892,-26.9023,13.56,18
-48.6923,-26.9023,12.125,18
-48.6927,-26.9021,12.125,18
-48.6918,-26.9021,12.125,18
-48.6922,-26.9002,4.41,18
-48.6944,-26.902,10.69,18
-48.6941,-26.9064,10.85,18
-48.6941,-26.9059,12.15,18
-48.6946,-26.9065,10.85,18
-48.6937,-26.9066,10.85,18
-48.6928,-26.9067,10.85,18
-48.6933,-26.9064,10.85,18
-48.6924,-26.9065,10.85,18
-48.6937,-26.9053,12.15,18
-48.6941,-26.9051,12.15,18
-48.6937,-26.9049,12.15,18
-48.6937,-26.9058,12.15,18
-48.6941,-26.9055,12.15,18
-48.695,-26.9063,10.85,18
-48.6915,-26.9065,10.85,18
-48.6776,-26.9087,10.58,18
-48.6776,-26.9082,10.263333333333334,18
-48.6776,-26.9091,10.58,18
-48.6784,-26.9074,9.29,18
-48.6776,-26.9095,10.58,18
-48.6777,-26.9099,10.58,18
-48.6819,-26.9071,9.29,18
-48.6815,-26.907,9.29,18
-48.6824,-26.9073,9.29,18
-48.6806,-26.907,9.29,18
-48.6811,-26.9072,9.29,18
-48.6802,-26.9072,9.29,18
-48.6832,-26.9073,9.29,18
-48.6828,-26.9071,9.29,18
-48.6833,-26.9077,9.29,18
-48.6837,-26.9074,9.29,18
-48.6776,-26.9074,9.112,18
-48.6776,-26.9078,10.263333333333334,18
-48.6775,-26.9057,9.0675,18
-48.6775,-26.9053,9.0675,18
-48.6775,-26.9062,9.0675,18
-48.6779,-26.9047,5.48,18
-48.6779,-26.9051,9.0675,18
-48.6793,-26.9073,9.29,18
-48.6797,-26.9071,9.29,18
-48.6789,-26.9071,9.29,18
-48.6775,-26.9066,9.0675,18
-48.678,-26.9072,9.29,18
-48.6776,-26.907,9.0675,18
-48.6773,-26.9114,8.235,18
-48.6773,-26.9118,8.235,18
-48.6829,-26.9092,6.545,18
-48.6833,-26.9089,6.545,18
-48.6829,-26.9096,6.545,18
-48.6833,-26.9093,6.545,18
-48.6829,-26.91,6.545,18
-48.6772,-26.9093,10.58,18
-48.6772,-26.9097,10.58,18
-48.6772,-26.9106,8.235,18
-48.6777,-26.9103,8.235,18
-48.6772,-26.9102,8.235,18
-48.6773,-26.911,8.235,18
-48.701,-26.8894,7.02,18
-48.701,-26.8898,7.02,18
-48.7033,-26.8937,15.64,18
-48.7037,-26.8934,15.64,18
-48.7033,-26.8932,15.64,18
-48.7033,-26.8941,15.64,18
-48.7038,-26.8938,15.64,18
-48.7037,-26.893,15.64,18
-48.7001,-26.8882,3.75,18
-48.7001,-26.8886,3.75,18
-48.7005,-26.8876,12.22,18
-48.7009,-26.8873,12.22,18
-48.7005,-26.8871,12.22,18
-48.7005,-26.888,7.02,18
-48.7009,-26.8877,9.62,18
-48.7001,-26.8878,3.75,18
-48.6987,-26.8872,11.245,18
-48.7001,-26.8895,3.75,18
-48.7001,-26.889,3.75,18
-48.701,-26.8886,7.02,18
-48.7005,-26.8884,7.02,18
-48.7009,-26.8882,7.02,18
-48.701,-26.889,7.02,18
-48.7005,-26.8888,7.02,18
-48.6974,-26.8863,11.245,18
-48.6978,-26.886,11.245,18
-48.6974,-26.8859,11.245,18
-48.6978,-26.8865,11.245,18
-48.701,-26.8902,7.02,18
-48.701,-26.8907,7.02,18
-48.701,-26.8911,7.02,18
-48.7003,-26.8817,12.22,18
-48.7003,-26.8813,12.22,18
-48.7003,-26.8821,12.22,18
-48.7003,-26.8834,12.22,18
-48.7004,-26.8838,12.22,18
-48.7003,-26.8825,12.22,18
-48.7003,-26.883,12.22,18
-48.7009,-26.8865,12.22,18
-48.7009,-26.8869,12.22,18
-48.7004,-26.8846,12.22,18
-48.7004,-26.8842,12.22,18
-48.7004,-26.885,12.22,18
-48.7008,-26.8848,12.22,18
-48.7004,-26.8863,12.22,18
-48.7005,-26.8867,12.22,18
-48.7009,-26.8856,12.22,18
-48.7004,-26.8855,12.22,18
-48.7008,-26.8852,12.22,18
-48.7009,-26.8861,12.22,18
-48.7004,-26.8859,12.22,18
-48.6987,-26.8868,11.245,18
-48.6983,-26.8866,11.245,18
-48.7127,-26.9008,10.65,18
-48.7123,-26.9006,10.65,18
-48.7114,-26.9007,10.65,18
-48.7118,-26.9004,10.65,18
-48.7181,-26.891,12.42,18
-48.7185,-26.8908,12.42,18
-48.7194,-26.8908,12.42,18
-48.7198,-26.8905,12.42,18
-48.7189,-26.8906,12.42,18
-48.7172,-26.8911,12.42,18
-48.7176,-26.8909,12.42,18
-48.7168,-26.8913,12.42,18
-48.7038,-26.8947,15.64,18
-48.7033,-26.8945,15.64,18
-48.7038,-26.8942,15.64,18
-48.7038,-26.8951,15.64,18
-48.7038,-26.8963,15.64,18
-48.7039,-26.8968,15.64,18
-48.7038,-26.8955,15.64,18
-48.7038,-26.8959,15.64,18
-48.6956,-26.8971,10.06,18
-48.7005,-26.9003,13.65,18
-48.7009,-26.8992,6.22,18
-48.7013,-26.8994,6.22,18
-48.7005,-26.8995,8.72,18
-48.6996,-26.8995,8.72,18
-48.7,-26.8993,8.72,18
-48.6991,-26.8994,8.72,18
-48.7001,-26.901,13.65,18
-48.7005,-26.9007,13.65,18
-48.7001,-26.9014,13.65,18
-48.7039,-26.8976,15.64,18
-48.7039,-26.8972,15.64,18
-48.7039,-26.898,15.64,18
-48.7039,-26.8993,15.64,18
-48.7031,-26.8993,6.22,18
-48.704,-26.8997,15.64,18
-48.7031,-26.8997,6.22,18
-48.7039,-26.8984,15.64,18
-48.7039,-26.8988,15.64,18
-48.7022,-26.8994,6.22,18
-48.7018,-26.8992,6.22,18
-48.7026,-26.8996,6.22,18
-48.6974,-26.8986,10.06,18
-48.6969,-26.8984,10.06,18
-48.6974,-26.8982,10.06,18
-48.6965,-26.8978,10.06,18
-48.696,-26.8977,10.06,18
-48.6969,-26.898,10.06,18
-48.6669,-26.9018,12.82,18
-48.6673,-26.9016,12.82,18
-48.6664,-26.9016,12.82,18
-48.6677,-26.9013,12.82,18
-48.6682,-26.9011,12.82,18
-48.6656,-26.9017,12.82,18
-48.666,-26.9019,12.82,18
-48.6651,-26.9019,12.82,18
-48.6707,-26.8993,6.81,18
-48.6708,-26.8997,6.81,18
-48.6712,-26.8994,6.81,18
-48.667,-26.9047,8.9,18
-48.6665,-26.9045,8.9,18
-48.667,-26.9051,8.9,18
-48.6674,-26.9049,8.9,18
-48.6666,-26.905,8.9,18
-48.6657,-26.9046,8.9,18
-48.6661,-26.9048,8.9,18
-48.6682,-26.9015,12.82,18
-48.6709,-26.9026,4.16,18
-48.6713,-26.9024,6.76,18
-48.6634,-26.9024,13.755,18
-48.6638,-26.9022,13.443333333333333,18
-48.6634,-26.902,12.82,18
-48.6634,-26.9029,13.755,18
-48.6643,-26.902,12.82,18
-48.6647,-26.9017,12.82,18
-48.6634,-26.9033,13.755,18
-48.6626,-26.9033,8.16,18
-48.663,-26.9031,13.755,18
-48.6621,-26.9032,8.16,18
-48.6626,-26.9038,7.17,18
-48.663,-26.9035,10.111666666666666,18
-48.6621,-26.9036,8.16,18
-48.6729,-26.8972,8.02,18
-48.6733,-26.897,8.02,18
-48.6737,-26.8968,5.18,18
-48.6728,-26.8968,8.02,18
-48.6737,-26.8976,8.02,18
-48.6742,-26.8974,5.18,18
-48.6733,-26.8974,8.02,18
-48.6742,-26.8978,10.096666666666666,18
-48.6759,-26.8956,11.135,18
-48.6754,-26.8962,11.135,18
-48.6759,-26.896,11.135,18
-48.6763,-26.8954,11.135,18
-48.675,-26.8965,11.135,18
-48.6746,-26.8971,11.135,18
-48.675,-26.8969,11.135,18
-48.6742,-26.897,5.18,18
-48.6573,-26.9028,14.4,18
-48.6577,-26.9026,14.4,18
-48.6573,-26.9032,14.4,18
-48.6578,-26.903,14.4,18
-48.6582,-26.9024,14.4,18
-48.6582,-26.9028,14.4,18
-48.6586,-26.9025,14.4,18
-48.6565,-26.9037,8.27,18
-48.6569,-26.9035,8.27,18
-48.656,-26.904,8.27,18
-48.6595,-26.9025,11.65,18
-48.659,-26.9023,11.65,18
-48.6933,-26.883,4.67,18
-48.6933,-26.8826,4.67,18
-48.6933,-26.8834,4.67,18
-48.6933,-26.8817,4.67,18
-48.6933,-26.8821,4.67,18
-48.6946,-26.881,7.235,18
-48.6946,-26.8814,7.235,18
-48.6945,-26.8789,7.235,18
-48.6945,-26.8793,7.235,18
-48.6933,-26.8813,4.67,18
-48.6945,-26.8802,7.235,18
-48.6945,-26.8798,7.235,18
-48.6946,-26.8806,7.235,18
-48.6951,-26.8841,11.2,18
-48.6947,-26.8839,11.2,18
-48.6951,-26.8845,11.245,18
-48.6956,-26.8843,11.245,18
-48.6965,-26.8851,11.245,18
-48.6969,-26.8857,11.245,18
-48.6965,-26.8855,11.245,18
-48.696,-26.8849,11.245,18
-48.6956,-26.8847,11.245,18
-48.6787,-26.8885,5.42,18
-48.6795,-26.8876,5.42,18
-48.6783,-26.8892,5.42,18
-48.6787,-26.8889,5.42,18
-48.6791,-26.8883,5.42,18
-48.6795,-26.888,5.42,18
-48.6804,-26.8876,5.42,18
-48.6799,-26.8874,5.42,18
-48.68,-26.8878,5.42,18
-48.6813,-26.8896,5.06,18
-48.6813,-26.89,5.06,18
-48.6818,-26.8906,5.06,18
-48.6818,-26.8902,5.06,18
-48.6818,-26.891,5.06,18
-48.6953,-26.9142,21.76,18
-48.6957,-26.914,21.76,18
-48.6948,-26.9141,21.76,18
-48.6953,-26.9138,21.76,18
-48.6931,-26.915,5.2,18
-48.6936,-26.9148,5.2,18
-48.6931,-26.9146,5.2,18
-48.6931,-26.9154,5.2,18
-48.6936,-26.9152,5.2,18
-48.6944,-26.9139,21.76,18
-48.6935,-26.9139,5.2,18
-48.694,-26.9137,21.76,18
-48.6935,-26.9143,5.2,18
-48.6936,-26.9156,5.2,18
-48.6888,-26.9153,10.27,18
-48.6888,-26.9157,10.27,18
-48.6887,-26.9144,10.27,18
-48.6887,-26.9149,10.27,18
-48.6922,-26.913,19.3225,18
-48.6917,-26.9128,19.3225,18
-48.6926,-26.9132,19.3225,18
-48.6909,-26.9128,21.76,18
-48.6913,-26.9126,19.3225,18
-48.6904,-26.9127,21.76,18
-48.6909,-26.9124,19.3225,18
-48.6931,-26.9138,5.47,18
-48.6931,-26.9142,5.2,18
-48.6772,-26.9212,9.415,18
-48.6776,-26.921,14.44,18
-48.6767,-26.9211,4.39,18
-48.6772,-26.9208,14.44,18
-48.6772,-26.9217,9.415,18
-48.6776,-26.9214,14.44,18
-48.6767,-26.9215,4.39,18
-48.675,-26.9224,9.92,18
-48.6746,-26.9222,9.92,18
-48.6759,-26.9211,4.39,18
-48.6763,-26.9209,4.39,18
-48.6754,-26.9209,5.41,18
-48.6758,-26.9207,5.41,18
-48.6763,-26.9213,4.39,18
-48.6768,-26.9236,9.92,18
-48.6764,-26.9234,9.92,18
-48.6755,-26.923,9.92,18
-48.675,-26.9228,9.92,18
-48.6759,-26.9232,9.92,18
-48.6776,-26.9202,14.44,18
-48.6776,-26.9206,14.44,18
-48.6732,-26.9213,9.92,18
-48.6728,-26.9211,9.92,18
-48.6719,-26.9207,9.92,18
-48.6723,-26.9205,9.92,18
-48.6719,-26.9203,9.92,18
-48.6724,-26.9209,9.92,18
-48.6737,-26.9219,9.92,18
-48.6733,-26.9217,9.92,18
-48.6737,-26.9215,9.92,18
-48.6741,-26.9221,9.92,18
-48.675,-26.9208,5.41,18
-48.6762,-26.9192,10.1475,18
-48.6767,-26.919,10.1475,18
-48.6758,-26.919,9.316666666666666,18
-48.6771,-26.9183,14.68,18
-48.6775,-26.9181,14.68,18
-48.6771,-26.9179,14.68,18
-48.6771,-26.9187,13.403333333333334,18
-48.6775,-26.9185,14.68,18
-48.6749,-26.9191,4.21,18
-48.6754,-26.9193,4.21,18
-48.6771,-26.92,14.44,18
-48.6771,-26.9204,14.44,18
-48.6775,-26.9193,14.68,18
-48.6771,-26.9192,13.403333333333334,18
-48.6775,-26.9189,13.403333333333334,18
-48.6776,-26.9198,14.44,18
-48.6771,-26.9196,14.68,18
-48.6754,-26.9205,5.41,18
-48.6773,-26.9242,9.92,18
-48.6768,-26.924,9.92,18
-48.6764,-26.9238,9.92,18
-48.6746,-26.9227,9.92,18
-48.6774,-26.9143,13.745,18
-48.6774,-26.9147,13.8,18
-48.6828,-26.9186,16.0,18
-48.6819,-26.9186,16.0,18
-48.6823,-26.9184,16.0,18
-48.6832,-26.9183,16.0,18
-48.681,-26.9187,16.0,18
-48.6814,-26.9185,16.0,18
-48.6806,-26.9185,16.0,18
-48.6836,-26.9185,16.0,18
-48.6841,-26.9183,16.0,18
-48.6775,-26.9172,13.8,18
-48.6775,-26.9177,14.68,18
-48.6797,-26.9186,16.0,18
-48.6801,-26.9188,16.0,18
-48.6793,-26.9188,16.0,18
-48.6784,-26.9189,16.0,18
-48.6788,-26.9186,16.0,18
-48.678,-26.9187,16.0,18
-48.6956,-26.9247,8.29,18
-48.6952,-26.9245,8.29,18
-48.6957,-26.9251,8.29,18
-48.6961,-26.9257,8.29,18
-48.6953,-26.9282,9.86,18
-48.6958,-26.928,9.86,18
-48.6962,-26.9274,9.86,18
-48.6966,-26.9271,9.86,18
-48.6961,-26.9253,8.29,18
-48.6966,-26.9259,8.29,18
-48.697,-26.9265,9.075,18
-48.6974,-26.9262,9.86,18
-48.6966,-26.9263,8.29,18
-48.7159,-26.9037,21.91,18
-48.7163,-26.9027,21.91,18
-48.7167,-26.9024,21.91,18
-48.7163,-26.9031,21.91,18
-48.7155,-26.9044,21.91,18
-48.7159,-26.9041,21.91,18
-48.7155,-26.9048,21.91,18
-48.7163,-26.9035,21.91,18
-48.7132,-26.901,10.65,18
-48.7119,-26.9008,10.65,18
-48.7151,-26.9055,21.91,18
-48.7151,-26.905,21.91,18
-48.6986,-26.9094,15.35,18
-48.6977,-26.9095,15.35,18
-48.6982,-26.9092,15.35,18
-48.6969,-26.9095,15.35,18
-48.6973,-26.9093,15.35,18
-48.6964,-26.9094,15.35,18
-48.7003,-26.9089,13.876666666666667,18
-48.7008,-26.9087,13.876666666666667,18
-48.7003,-26.9085,13.876666666666667,18
-48.7004,-26.9093,14.245,18
-48.7008,-26.9091,14.245,18
-48.6999,-26.9091,15.35,18
-48.7012,-26.908,11.5,18
-48.7016,-26.9078,11.5,18
-48.7012,-26.9076,11.5,18
-48.7012,-26.9084,11.5,18
-48.7016,-26.9082,11.5,18
-48.7008,-26.9082,13.876666666666667,18
-48.699,-26.9092,15.35,18
-48.7003,-26.9076,13.876666666666667,18
-48.7003,-26.9081,13.876666666666667,18
-48.7008,-26.9099,15.25,18
-48.7004,-26.9097,15.25,18
-48.7008,-26.9095,15.25,18
-48.7008,-26.9103,15.25,18
-48.7004,-26.9102,15.25,18
-48.7017,-26.909,11.5,18
-48.7012,-26.9088,11.5,18
-48.7016,-26.9086,11.5,18
-48.7012,-26.9093,13.425,18
-48.6995,-26.9094,15.35,18
-48.6942,-26.9093,11.046666666666667,18
-48.6938,-26.9091,6.88,18
-48.6942,-26.9089,6.88,18
-48.6947,-26.9095,13.13,18
-48.6938,-26.9095,11.046666666666667,18
-48.6929,-26.9096,13.13,18
-48.6934,-26.9093,13.13,18
-48.6925,-26.9094,13.13,18
-48.6938,-26.9087,6.88,18
-48.6956,-26.9094,13.13,18
-48.6951,-26.9092,13.13,18
-48.696,-26.9096,15.35,18
-48.6938,-26.9099,6.88,18
-48.6938,-26.9104,6.88,18
-48.6979,-26.9149,21.76,18
-48.6975,-26.9147,21.76,18
-48.6966,-26.9144,21.76,18
-48.6962,-26.9142,21.76,18
-48.697,-26.9145,21.76,18
-48.7004,-26.9118,15.25,18
-48.7009,-26.9116,15.25,18
-48.7004,-26.9114,15.25,18
-48.7005,-26.9122,15.25,18
-48.7009,-26.912,15.25,18
-48.7008,-26.9108,15.25,18
-48.7009,-26.9112,15.25,18
-48.7004,-26.9106,15.25,18
-48.7004,-26.911,15.25,18
-48.7009,-26.9128,15.25,18
-48.7005,-26.9127,15.25,18
-48.7009,-26.9124,15.25,18
-48.7009,-26.9133,15.25,18
-48.7005,-26.9131,15.25,18
-48.6939,-26.912,6.553333333333334,18
-48.6939,-26.9124,6.553333333333334,18
-48.6939,-26.9112,6.553333333333334,18
-48.6939,-26.9108,6.88,18
-48.6939,-26.9116,6.553333333333334,18
-48.6948,-26.9136,21.76,18
-48.6935,-26.9131,12.01,18
-48.6939,-26.9129,6.553333333333334,18
-48.6931,-26.9129,12.01,18
-48.6935,-26.9135,16.552,18
-48.6939,-26.9133,7.9175,18
-48.6931,-26.9133,19.3225,18
-48.7001,-26.9031,13.65,18
-48.7001,-26.9026,13.65,18
-48.7002,-26.9035,13.65,18
-48.7001,-26.9018,13.65,18
-48.7001,-26.9022,13.65,18
-48.7002,-26.9039,13.65,18
-48.7002,-26.9043,13.65,18
-48.7016,-26.9074,11.5,18
-48.7002,-26.906,11.92,18
-48.7002,-26.9056,11.92,18
-48.7003,-26.9064,11.92,18
-48.7011,-26.9051,11.5,18
-48.7011,-26.9055,11.5,18
-48.7002,-26.9047,11.92,18
-48.7002,-26.9051,11.92,18
-48.7011,-26.9068,11.5,18
-48.7003,-26.9068,11.92,18
-48.7012,-26.9072,11.5,18
-48.7003,-26.9072,11.92,18
-48.7011,-26.9059,11.5,18
-48.7011,-26.9063,11.5,18
-48.7085,-26.9184,6.325,18
-48.7081,-26.9182,6.325,18
-48.7085,-26.9188,6.325,18
-48.709,-26.9194,6.325,18
-48.709,-26.919,6.325,18
-48.7076,-26.9181,6.325,18
-48.7072,-26.9179,6.325,18
-48.7005,-26.9135,15.25,18
-48.6656,-26.914,7.87,18
-48.6651,-26.9147,7.87,18
-48.6656,-26.9144,7.87,18
-48.6668,-26.9125,8.915,18
-48.6672,-26.9122,7.87,18
-48.6664,-26.9123,8.915,18
-48.6668,-26.9129,8.566666666666668,18
-48.6673,-26.9127,7.87,18
-48.6677,-26.912,7.87,18
-48.6659,-26.9113,8.915,18
-48.6664,-26.9119,8.915,18
-48.6659,-26.9117,8.915,18
-48.6664,-26.9131,7.87,18
-48.666,-26.9138,7.87,18
-48.6664,-26.9136,7.87,18
-48.6607,-26.9129,5.713333333333334,18
-48.6603,-26.9127,5.713333333333334,18
-48.6612,-26.913,5.713333333333334,18
-48.6616,-26.912,2.43,18
-48.6611,-26.9118,2.43,18
-48.6616,-26.9124,2.43,18
-48.6598,-26.9125,5.713333333333334,18
-48.6594,-26.9123,5.713333333333334,18
-48.6607,-26.9116,2.43,18
-48.662,-26.9126,2.43,18
-48.6646,-26.9103,8.915,18
-48.665,-26.9105,8.915,18
-48.6632,-26.9102,4.51,18
-48.6628,-26.91,4.51,18
-48.6632,-26.9098,4.51,18
-48.6637,-26.9104,4.51,18
-48.6655,-26.9111,8.915,18
-48.665,-26.9109,8.915,18
-48.6697,-26.9079,4.46,18
-48.6702,-26.9077,4.46,18
-48.6693,-26.9077,10.878,18
-48.6697,-26.9075,7.71,18
-48.6702,-26.9081,4.46,18
-48.6693,-26.9081,10.878,18
-48.6701,-26.9068,6.05,18
-48.6706,-26.9074,5.825,18
-48.671,-26.9072,5.68,18
-48.6701,-26.9073,7.71,18
-48.6693,-26.9069,11.516666666666666,18
-48.6697,-26.9067,6.05,18
-48.6692,-26.9065,11.516666666666666,18
-48.6693,-26.9073,10.878,18
-48.6697,-26.9071,6.05,18
-48.6702,-26.9089,4.46,18
-48.6706,-26.9087,6.26,18
-48.6702,-26.9085,4.46,18
-48.6702,-26.9093,4.46,18
-48.6706,-26.9091,6.26,18
-48.671,-26.908,6.26,18
-48.6706,-26.9078,6.26,18
-48.6711,-26.9084,6.26,18
-48.6706,-26.9083,6.26,18
-48.6693,-26.9086,10.878,18
-48.6693,-26.909,10.878,18
-48.6727,-26.9063,4.44,18
-48.6723,-26.9061,4.44,18
-48.6727,-26.9067,4.44,18
-48.6723,-26.9065,4.44,18
-48.6718,-26.9051,4.44,18
-48.6723,-26.9057,4.44,18
-48.6718,-26.9055,4.44,18
-48.6732,-26.9073,6.09,18
-48.6736,-26.907,6.373333333333332,18
-48.6728,-26.9071,4.9625,18
-48.6736,-26.9074,6.94,18
-48.6719,-26.9071,4.9625,18
-48.6723,-26.9073,4.9625,18
-48.6715,-26.9074,5.68,18
-48.6674,-26.9053,8.9,18
-48.6683,-26.9053,8.9,18
-48.6679,-26.9051,8.9,18
-48.6697,-26.9058,6.05,18
-48.6701,-26.9064,6.05,18
-48.6697,-26.9062,6.05,18
-48.6714,-26.9049,4.44,18
-48.6688,-26.9059,11.516666666666666,18
-48.6692,-26.9056,11.516666666666666,18
-48.6692,-26.9061,11.516666666666666,18
-48.6698,-26.9108,10.878,18
-48.6694,-26.9106,10.878,18
-48.6698,-26.9104,10.878,18
-48.6698,-26.9112,10.878,18
-48.6694,-26.9111,10.878,18
-48.6711,-26.9097,6.26,18
-48.6702,-26.9098,4.46,18
-48.6707,-26.9095,6.26,18
-48.6694,-26.9098,10.878,18
-48.6698,-26.9096,10.878,18
-48.6693,-26.9094,10.878,18
-48.6694,-26.9102,10.878,18
-48.6698,-26.91,10.878,18
-48.6699,-26.9117,10.878,18
-48.6699,-26.9121,10.878,18
-48.6737,-26.9083,6.94,18
-48.6741,-26.908,6.94,18
-48.6737,-26.9079,6.94,18
-48.6737,-26.9087,6.94,18
-48.6741,-26.9085,6.94,18
-48.6711,-26.9089,6.26,18
-48.6711,-26.9093,6.26,18
-48.6741,-26.9093,6.94,18
-48.6737,-26.9091,6.94,18
-48.6741,-26.9089,6.94,18
-48.6654,-26.9107,8.915,18
-48.655,-26.9126,3.66,18
-48.6541,-26.9122,3.66,18
-48.6537,-26.9121,3.66,18
-48.6546,-26.9124,3.66,18
-48.6564,-26.9131,11.4,18
-48.6564,-26.9136,11.4,18
-48.6576,-26.9116,4.77,18
-48.6572,-26.9114,4.77,18
-48.6581,-26.9118,4.77,18
-48.6572,-26.9118,11.4,18
-48.6567,-26.9112,4.77,18
-48.6563,-26.9111,4.77,18
-48.6589,-26.9121,4.77,18
-48.6585,-26.912,4.77,18
-48.6568,-26.9125,11.4,18
-48.6572,-26.9122,11.4,18
-48.6568,-26.9129,11.4,18
-48.6554,-26.9111,4.77,18
-48.6558,-26.9109,4.77,18
-48.6554,-26.9107,4.77,18
-48.6551,-26.9159,7.99,18
-48.6547,-26.9158,6.345,18
-48.6556,-26.9153,11.4,18
-48.656,-26.915,11.4,18
-48.6556,-26.9157,9.695,18
-48.6551,-26.9155,7.99,18
-48.6542,-26.9152,6.345,18
-48.6543,-26.9156,6.345,18
-48.6547,-26.9153,6.345,18
-48.6538,-26.9154,6.345,18
-48.6556,-26.9161,7.99,18
-48.656,-26.9159,7.99,18
-48.656,-26.9142,11.4,18
-48.6564,-26.914,11.4,18
-48.656,-26.9146,11.4,18
-48.6568,-26.9133,11.4,18
-48.6534,-26.9152,6.345,18
-48.6605,-26.9074,10.705,18
-48.6601,-26.9073,10.705,18
-48.6614,-26.9061,8.07,18
-48.6618,-26.9059,8.68,18
-48.6609,-26.9059,8.07,18
-48.6614,-26.9065,8.07,18
-48.6618,-26.9063,11.065,18
-48.6592,-26.9069,10.705,18
-48.6592,-26.9073,10.705,18
-48.6596,-26.9071,10.705,18
-48.6588,-26.9071,10.705,18
-48.6605,-26.9058,8.07,18
-48.66,-26.9056,8.07,18
-48.6614,-26.9078,10.705,18
-48.661,-26.9076,10.705,18
-48.6618,-26.9071,13.755,18
-48.6623,-26.9069,5.35,18
-48.6614,-26.907,12.063333333333333,18
-48.6618,-26.9067,12.063333333333333,18
-48.6601,-26.9077,10.705,18
-48.6597,-26.9075,10.705,18
-48.6635,-26.9058,5.35,18
-48.6622,-26.9052,12.063333333333333,18
-48.6626,-26.905,13.755,18
-48.6622,-26.9048,8.68,18
-48.6622,-26.9057,12.063333333333333,18
-48.6626,-26.9042,12.063333333333333,18
-48.663,-26.9039,12.063333333333333,18
-48.6626,-26.9046,12.063333333333333,18
-48.6631,-26.906,5.35,18
-48.6622,-26.9061,13.755,18
-48.6627,-26.9067,5.35,18
-48.6631,-26.9064,5.35,18
-48.6579,-26.9068,10.705,18
-48.6574,-26.9066,10.705,18
-48.6583,-26.9069,10.705,18
-48.6613,-26.9032,8.16,18
-48.6617,-26.903,11.65,18
-48.6608,-26.903,8.16,18
-48.6612,-26.9028,11.65,18
-48.6617,-26.9034,8.16,18
-48.6604,-26.9028,11.65,18
-48.6599,-26.9027,11.65,18
-48.6596,-26.905,8.07,18
-48.6591,-26.9048,8.07,18
-48.6596,-26.9054,8.07,18
-48.66,-26.9052,8.07,18
-48.6619,-26.9092,4.51,18
-48.6636,-26.9083,5.173333333333333,18
-48.6632,-26.9081,4.59,18
-48.6636,-26.9079,5.173333333333333,18
-48.6636,-26.9087,4.59,18
-48.6641,-26.9085,5.173333333333333,18
-48.6632,-26.9085,4.59,18
-48.6627,-26.9079,4.59,18
-48.6632,-26.9077,5.173333333333333,18
-48.6641,-26.9093,4.56,18
-48.6645,-26.9091,5.0125,18
-48.6636,-26.9091,4.59,18
-48.6649,-26.9084,4.53,18
-48.6654,-26.9082,4.53,18
-48.6649,-26.9088,4.53,18
-48.6645,-26.9087,5.173333333333333,18
-48.6628,-26.9096,4.51,18
-48.6623,-26.9094,4.51,18
-48.6579,-26.9084,6.98,18
-48.6575,-26.9083,6.98,18
-48.6584,-26.9082,6.98,18
-48.6579,-26.908,6.98,18
-48.6571,-26.9081,6.98,18
-48.6566,-26.9079,6.98,18
-48.6584,-26.9086,6.98,18
-48.6706,-26.9194,9.92,18
-48.6701,-26.9192,9.92,18
-48.6706,-26.9198,9.92,18
-48.6692,-26.9184,9.92,18
-48.6697,-26.919,9.92,18
-48.6692,-26.9188,9.92,18
-48.671,-26.9195,9.92,18
-48.6715,-26.9201,9.92,18
-48.671,-26.92,9.92,18
-48.6679,-26.9174,9.92,18
-48.6674,-26.9173,9.92,18
-48.6679,-26.9179,9.92,18
-48.6674,-26.9177,9.92,18
-48.6688,-26.9182,9.92,18
-48.6683,-26.918,9.92,18
-48.6688,-26.9186,9.92,18
-48.6735,-26.9148,7.86,18
-48.6735,-26.9152,7.86,18
-48.6739,-26.9141,7.86,18
-48.6734,-26.9139,7.86,18
-48.6739,-26.9137,7.86,18
-48.6739,-26.9145,7.86,18
-48.6734,-26.9144,7.86,18
-48.6735,-26.916,7.86,18
-48.6739,-26.9158,7.86,18
-48.6735,-26.9156,7.86,18
-48.6739,-26.9162,7.12,18
-48.6739,-26.915,7.86,18
-48.6739,-26.9154,7.86,18
-48.6773,-26.9122,8.235,18
-48.6773,-26.9127,8.235,18
-48.6769,-26.9146,13.745,18
-48.6773,-26.9135,13.745,18
-48.6774,-26.9139,13.745,18
-48.674,-26.9166,7.86,18
-48.6766,-26.916,6.873333333333334,18
-48.6757,-26.9161,6.873333333333334,18
-48.6761,-26.9159,6.873333333333334,18
-48.677,-26.9154,13.8,18
-48.6774,-26.9152,13.8,18
-48.677,-26.915,13.8,18
-48.677,-26.9158,10.831428571428571,18
-48.6774,-26.9156,13.8,18
-48.6748,-26.9162,6.873333333333334,18
-48.6752,-26.9159,6.873333333333334,18
-48.6744,-26.916,6.873333333333334,18
-48.677,-26.9171,13.8,18
-48.677,-26.9175,14.68,18
-48.6774,-26.9164,13.8,18
-48.677,-26.9162,13.8,18
-48.6774,-26.916,13.8,18
-48.6775,-26.9168,13.8,18
-48.677,-26.9166,13.8,18
-48.6696,-26.9165,5.25,18
-48.6696,-26.9169,5.25,18
-48.6696,-26.9157,5.25,18
-48.6696,-26.9161,5.25,18
-48.6696,-26.9173,5.25,18
-48.6544,-26.9189,21.02,18
-48.6544,-26.9193,21.02,18
-48.6539,-26.9191,21.02,18
-48.654,-26.92,21.02,18
-48.654,-26.9196,21.02,18
-48.6535,-26.9202,21.02,18
-48.6532,-26.9217,21.02,18
-48.7279,-26.8588,20.07,18
-48.7279,-26.8592,20.07,18
-48.7278,-26.8576,20.07,18
-48.7274,-26.8574,20.07,18
-48.7279,-26.858,20.07,18
-48.7279,-26.8584,20.07,18
-48.7279,-26.8601,20.07,18
-48.7284,-26.8598,20.07,18
-48.7279,-26.8597,20.07,18
-48.7284,-26.8603,20.07,18
-48.7284,-26.8611,20.07,18
-48.7284,-26.8607,20.07,18
-48.7284,-26.8615,20.07,18
-48.7288,-26.8613,20.07,18
-48.7298,-26.865,20.07,18
-48.7303,-26.8656,20.07,18
-48.7299,-26.8654,20.07,18
-48.7304,-26.8668,20.07,18
-48.7304,-26.8672,20.07,18
-48.7303,-26.866,20.07,18
-48.7303,-26.8664,20.07,18
-48.7293,-26.8631,20.07,18
-48.7289,-26.8629,20.07,18
-48.7293,-26.8627,20.07,18
-48.7294,-26.8635,20.07,18
-48.7289,-26.8621,20.07,18
-48.7289,-26.8617,20.07,18
-48.7289,-26.8625,20.07,18
-48.7298,-26.8641,20.07,18
-48.7294,-26.864,20.07,18
-48.7298,-26.8646,20.07,18
-48.7294,-26.8644,20.07,18
-48.7304,-26.8681,20.07,18
-48.7304,-26.8677,20.07,18
-48.7304,-26.8685,20.07,18
-48.73,-26.8696,20.07,18
-48.7304,-26.8689,20.07,18
-48.7304,-26.8693,20.07,18
-48.726,-26.8795,30.86,18
-48.726,-26.8803,30.86,18
-48.7256,-26.8801,30.86,18
-48.726,-26.8799,30.86,18
-48.7256,-26.8805,30.86,18
-48.7252,-26.882,30.86,18
-48.7248,-26.8822,30.86,18
-48.7252,-26.8812,30.86,18
-48.7256,-26.8809,30.86,18
-48.7252,-26.8816,30.86,18
-48.7348,-26.8831,8.57,18
-48.7353,-26.8828,8.57,18
-48.7348,-26.8827,8.57,18
-48.7349,-26.8835,8.57,18
-48.7353,-26.8833,8.57,18
-48.7353,-26.8841,8.57,18
-48.7349,-26.8839,8.57,18
-48.7353,-26.8837,8.57,18
-48.7353,-26.8845,8.57,18
-48.7349,-26.8843,8.57,18
-48.724,-26.884,30.86,18
-48.7244,-26.8837,30.86,18
-48.724,-26.8844,30.86,18
-48.7244,-26.8842,30.86,18
-48.7248,-26.8831,30.86,18
-48.7248,-26.8827,30.86,18
-48.7244,-26.8833,30.86,18
-48.724,-26.8848,30.86,18
-48.7236,-26.885,30.86,18
-48.722,-26.8893,16.4375,18
-48.722,-26.8897,16.4375,18
-48.7224,-26.8887,16.4375,18
-48.7224,-26.8883,16.4375,18
-48.7224,-26.8891,16.4375,18
-48.7219,-26.8889,16.4375,18
-48.7232,-26.8865,30.86,18
-48.7228,-26.8872,16.4375,18
-48.7232,-26.887,30.86,18
-48.7236,-26.8859,30.86,18
-48.7236,-26.8855,30.86,18
-48.7232,-26.8861,30.86,18
-48.7228,-26.8876,16.4375,18
-48.7228,-26.888,16.4375,18
-48.6945,-26.8785,7.235,18
-48.6548,-26.9047,8.27,18
-48.6543,-26.9053,8.27,18
-48.6548,-26.9051,8.27,18
-48.6544,-26.9057,8.27,18
-48.6552,-26.9044,8.27,18
-48.6556,-26.9042,8.27,18
-48.6552,-26.9048,14.4,18
-48.6544,-26.9062,8.27,18
-48.6539,-26.906,8.27,18
-48.6562,-26.9077,6.98,18
-48.6772,-26.9484,9.46,18
-48.6777,-26.9482,9.46,18
-48.6768,-26.9482,9.46,18
-48.6772,-26.948,9.46,18
-48.6763,-26.9481,9.46,18
-48.6759,-26.9479,9.46,18
-48.6781,-26.9484,9.46,18
-48.7065,-26.9361,10.6,18
-48.7061,-26.9359,10.6,18
-48.7029,-26.9338,10.6,18
-48.7025,-26.9336,10.6,18
-48.7047,-26.935,10.6,18
-48.7043,-26.9348,10.6,18
-48.7034,-26.9344,10.6,18
-48.7038,-26.9342,10.6,18
-48.7034,-26.934,10.6,18
-48.7038,-26.9346,10.6,18
-48.6953,-26.9287,9.86,18
-48.6949,-26.9285,9.86,18
-48.6945,-26.9291,9.86,18
-48.6949,-26.9289,9.86,18
-48.6962,-26.9278,9.86,18
-48.697,-26.9269,9.075,18
-48.6975,-26.9267,9.86,18
-48.7016,-26.9337,10.6,18
-48.7021,-26.9335,10.6,18
-48.707,-26.9363,10.6,18
-48.7052,-26.9356,10.6,18
-48.7056,-26.9353,10.6,18
-48.7052,-26.9352,10.6,18
-48.7056,-26.9358,10.6,18
-48.7021,-26.9339,10.6,18
-48.7301,-26.8972,20.34,18
-48.7305,-26.8969,20.34,18
-48.7296,-26.897,20.34,18
-48.7301,-26.8968,20.34,18
-48.7253,-26.8977,20.34,18
-48.7249,-26.8975,20.34,18
-48.7253,-26.8973,20.34,18
-48.7257,-26.8979,20.34,18
-48.7284,-26.8977,20.34,18
-48.7275,-26.8978,20.34,18
-48.7279,-26.8975,20.34,18
-48.7288,-26.8975,20.34,18
-48.7292,-26.8972,20.34,18
-48.7266,-26.8978,20.34,18
-48.7271,-26.898,20.34,18
-48.7262,-26.8981,20.34,18
-48.7309,-26.8963,20.34,18
-48.7309,-26.8967,20.34,18
-48.7314,-26.8965,20.34,18
-48.7305,-26.8965,20.34,18
-48.7179,-26.8988,21.91,18
-48.7179,-26.8992,21.91,18
-48.7183,-26.8977,21.91,18
-48.7179,-26.8984,21.91,18
-48.7183,-26.8981,21.91,18
-48.7175,-26.8999,21.91,18
-48.7175,-26.8994,21.91,18
-48.7175,-26.9003,21.91,18
-48.7209,-26.8967,4.725,18
-48.7205,-26.8965,4.725,18
-48.7195,-26.8949,21.91,18
-48.7191,-26.8956,21.91,18
-48.7195,-26.8953,21.91,18
-48.7187,-26.8971,21.91,18
-48.7187,-26.8967,21.91,18
-48.7183,-26.8973,21.91,18
-48.7196,-26.8962,4.725,18
-48.7191,-26.896,10.453333333333333,18
-48.72,-26.8964,4.725,18
-48.7191,-26.8964,21.91,18
-48.7167,-26.9016,21.91,18
-48.7171,-26.9014,21.91,18
-48.7167,-26.902,21.91,18
-48.7154,-26.901,10.65,18
-48.7149,-26.9009,10.65,18
-48.7166,-26.8999,4.42,18
-48.714,-26.9009,10.65,18
-48.7136,-26.9007,10.65,18
-48.7158,-26.9012,10.65,18
-48.7171,-26.9005,21.91,18
-48.7162,-26.9006,4.42,18
-48.7166,-26.9003,4.42,18
-48.7171,-26.9009,21.91,18
-48.7162,-26.901,8.573333333333332,18
-48.7145,-26.9011,10.65,18
-48.7212,-26.8915,15.5,18
-48.7216,-26.8912,15.5,18
-48.7211,-26.8911,15.5,18
-48.7212,-26.8919,18.705,18
-48.7216,-26.8904,16.4375,18
-48.722,-26.8902,16.4375,18
-48.7216,-26.8908,12.89,18
-48.7202,-26.8903,12.42,18
-48.7207,-26.89,12.42,18
-48.7207,-26.8921,18.705,18
-48.7203,-26.8928,18.705,18
-48.7208,-26.8925,18.705,18
-48.7248,-26.8971,20.34,18
-48.7244,-26.8969,20.34,18
-48.7199,-26.8943,21.91,18
-48.7199,-26.8939,21.91,18
-48.7195,-26.8945,21.91,18
-48.7203,-26.8932,18.705,18
-48.7204,-26.8936,21.91,18
-48.7354,-26.8858,8.57,18
-48.7353,-26.8849,8.57,18
-48.7354,-26.8853,8.57,18
-48.6404,-26.9449,18.07,18
-48.64,-26.9447,18.07,18
-48.6404,-26.9445,18.07,18
-48.6404,-26.9453,18.07,18
-48.64,-26.9451,18.07,18
-48.6399,-26.9443,18.07,18
-48.6404,-26.9457,18.07,18
-48.6404,-26.9461,18.07,18
-48.64,-26.9455,18.07,18
-48.6405,-26.9478,18.07,18
-48.6405,-26.9474,18.07,18
-48.6405,-26.9482,18.07,18
-48.6405,-26.9466,18.07,18
-48.6405,-26.947,18.07,18
-48.6405,-26.9486,18.07,18
-48.641,-26.9484,18.07,18
-48.6405,-26.9491,18.07,18
-48.6418,-26.936,18.12,18
-48.6406,-26.9507,18.07,18
-48.6406,-26.9503,18.07,18
-48.6406,-26.9511,18.07,18
-48.6406,-26.9495,18.07,18
-48.6406,-26.9499,18.07,18
-48.6406,-26.9516,18.07,18
-48.6406,-26.952,18.07,18
-48.6402,-26.9518,18.07,18
-48.6403,-26.9535,18.07,18
-48.6407,-26.9532,18.07,18
-48.6403,-26.9539,18.07,18
-48.6402,-26.9526,18.07,18
-48.6407,-26.9524,18.07,18
-48.6402,-26.9522,18.07,18
-48.6402,-26.953,18.07,18
-48.6407,-26.9528,18.07,18
-48.6403,-26.9543,18.07,18
-48.6403,-26.9547,18.07,18
-48.6469,-26.9192,11.58,18
-48.647,-26.9196,11.58,18
-48.6474,-26.9206,11.58,18
-48.6509,-26.9191,7.01,18
-48.6456,-26.9182,11.58,18
-48.6452,-26.918,11.58,18
-48.646,-26.9184,11.58,18
-48.6447,-26.9178,11.58,18
-48.6443,-26.9177,11.58,18
-48.6465,-26.919,11.58,18
-48.6469,-26.9188,11.58,18
-48.6465,-26.9186,11.58,18
-48.6522,-26.9205,7.01,18
-48.6522,-26.9201,7.01,18
-48.6513,-26.9197,7.01,18
-48.6509,-26.9195,7.01,18
-48.6513,-26.9193,7.01,18
-48.6518,-26.9199,7.01,18
-48.6518,-26.9216,7.1,18
-48.6523,-26.9213,7.1,18
-48.6527,-26.9219,21.02,18
-48.6531,-26.9209,7.055,18
-48.6536,-26.9206,14.06,18
-48.6527,-26.9207,7.01,18
-48.6531,-26.9213,21.02,18
-48.6536,-26.9211,21.02,18
-48.6527,-26.9211,7.1,18
-48.6514,-26.9218,7.1,18
-48.647,-26.92,11.58,18
-48.647,-26.9204,11.58,18
-48.647,-26.9208,11.58,18
-48.6434,-26.9165,11.58,18
-48.6429,-26.9163,11.58,18
-48.6438,-26.9171,11.58,18
-48.6434,-26.9169,11.58,18
-48.6438,-26.9175,11.58,18
-48.643,-26.932,18.12,18
-48.6434,-26.9317,18.12,18
-48.6439,-26.9311,18.12,18
-48.6443,-26.9308,18.12,18
-48.643,-26.9324,18.12,18
-48.6439,-26.9315,18.12,18
-48.6426,-26.9326,18.12,18
-48.6418,-26.9343,18.12,18
-48.6422,-26.9341,18.12,18
-48.6418,-26.9348,18.12,18
-48.6422,-26.9345,18.12,18
-48.6422,-26.9333,18.12,18
-48.6426,-26.933,18.12,18
-48.6422,-26.9337,18.12,18
-48.6418,-26.9352,18.12,18
-48.6422,-26.9349,18.12,18
-48.6418,-26.9356,18.12,18
-48.6502,-26.9246,21.02,18
-48.6519,-26.9237,21.02,18
-48.6523,-26.9234,21.02,18
-48.6515,-26.9239,21.02,18
-48.6528,-26.9228,21.02,18
-48.6527,-26.9224,21.02,18
-48.6523,-26.923,21.02,18
-48.6506,-26.9244,21.02,18
-48.6511,-26.9241,21.02,18
-48.6399,-26.9554,18.07,18
-48.6403,-26.9551,18.07,18
-48.6399,-26.9558,18.07,18
-48.672,-26.9475,9.46,18
-48.6741,-26.9476,9.46,18
-48.6737,-26.9474,9.46,18
-48.6728,-26.9474,9.46,18
-48.6733,-26.9472,9.46,18
-48.6724,-26.9473,9.46,18
-48.6746,-26.9477,9.46,18
-48.6755,-26.9477,9.46,18
-48.675,-26.9475,9.46,18
-48.6715,-26.9473,9.46,18
-48.6719,-26.9471,9.46,18
-48.6711,-26.9471,9.46,18
-48.6861,-26.9018,7.293333333333333,17
-48.6848,-26.9013,4.36,17
-48.6839,-26.9014,4.36,17
-48.6843,-26.9011,4.36,17
-48.6874,-26.9007,7.53,17
-48.6869,-26.9005,7.53,17
-48.687,-26.901,7.53,17
-48.6883,-26.9023,7.293333333333333,17
-48.6887,-26.9021,9.19,17
-48.6879,-26.9022,7.293333333333333,17
-48.687,-26.9018,7.53,17
-48.687,-26.9014,7.53,17
-48.687,-26.9022,8.161666666666667,17
-48.6874,-26.902,7.293333333333333,17
-48.6866,-26.902,7.293333333333333,17
-48.6817,-26.9009,9.14,17
-48.6826,-26.9004,13.54,17
-48.6821,-26.9002,13.54,17
-48.6826,-26.9,13.54,17
-48.6826,-26.9008,11.34,17
-48.683,-26.9006,9.14,17
-48.6821,-26.9006,11.34,17
-48.6808,-26.9009,9.14,17
-48.6804,-26.9007,9.14,17
-48.6813,-26.9007,9.14,17
-48.683,-26.9014,4.36,17
-48.6835,-26.9012,4.36,17
-48.6826,-26.9012,8.95,17
-48.6826,-26.9017,13.54,17
-48.6852,-26.9011,6.75,17
-48.6848,-26.9009,9.14,17
-48.6839,-26.9005,9.14,17
-48.6839,-26.9009,9.14,17
-48.6843,-26.9007,9.14,17
-48.6835,-26.9008,9.14,17
-48.6867,-26.9054,12.03,17
-48.6867,-26.9058,12.03,17
-48.6888,-26.9029,11.25,17
-48.6888,-26.9025,11.25,17
-48.6888,-26.9034,11.25,17
-48.6866,-26.9037,11.115,17
-48.687,-26.9035,11.115,17
-48.6866,-26.9033,11.115,17
-48.6866,-26.9041,11.115,17
-48.6871,-26.9039,11.115,17
-48.687,-26.9026,11.115,17
-48.687,-26.903,11.115,17
-48.6888,-26.9046,11.25,17
-48.6888,-26.905,11.25,17
-48.6888,-26.9038,11.25,17
-48.6888,-26.9042,11.25,17
-48.6866,-26.9045,11.115,17
-48.6867,-26.905,12.03,17
-48.6912,-26.8973,13.07,17
-48.6916,-26.8975,13.07,17
-48.6908,-26.8976,13.07,17
-48.6899,-26.8976,13.07,17
-48.6903,-26.8974,13.07,17
-48.6895,-26.8975,13.07,17
-48.6934,-26.8974,13.07,17
-48.6925,-26.8975,13.07,17
-48.6921,-26.8973,13.07,17
-48.693,-26.8977,13.07,17
-48.6886,-26.8975,13.07,17
-48.689,-26.8977,13.07,17
-48.6742,-26.899,5.72,17
-48.6738,-26.8989,5.72,17
-48.676,-26.9002,5.72,17
-48.6756,-26.9,5.72,17
-48.6747,-26.8996,5.72,17
-48.6751,-26.8994,5.72,17
-48.6747,-26.8992,5.72,17
-48.6751,-26.8998,5.72,17
-48.6775,-26.9045,5.495,17
-48.6775,-26.9049,5.495,17
-48.6779,-26.9038,2.03,17
-48.6779,-26.9034,2.03,17
-48.6779,-26.9043,2.03,17
-48.682,-26.8956,13.54,17
-48.6819,-26.8944,5.2,17
-48.6819,-26.8948,5.2,17
-48.682,-26.8965,13.54,17
-48.682,-26.896,13.54,17
-48.682,-26.8969,13.54,17
-48.6784,-26.8938,9.89,17
-48.6793,-26.8937,9.89,17
-48.6797,-26.8935,9.89,17
-48.6788,-26.8935,9.89,17
-48.6775,-26.8938,9.89,17
-48.6771,-26.8936,9.89,17
-48.678,-26.8936,9.89,17
-48.6819,-26.8923,5.2,17
-48.6819,-26.8927,5.735,17
-48.6818,-26.8915,5.2,17
-48.6818,-26.8919,5.2,17
-48.6819,-26.8935,7.545,17
-48.6819,-26.8931,5.2,17
-48.6819,-26.894,5.2,17
-48.6815,-26.8938,9.89,17
-48.6823,-26.8925,6.27,17
-48.6827,-26.8922,6.27,17
-48.6806,-26.8934,9.89,17
-48.681,-26.8936,9.89,17
-48.6802,-26.8936,9.89,17
-48.6821,-26.8981,13.54,17
-48.6821,-26.8985,13.54,17
-48.682,-26.8973,13.54,17
-48.682,-26.8977,13.54,17
-48.6821,-26.8994,13.54,17
-48.6825,-26.8991,13.54,17
-48.6821,-26.899,13.54,17
-48.6821,-26.8998,13.54,17
-48.6825,-26.8996,13.54,17
-48.6881,-26.9097,11.39,17
-48.6886,-26.9094,11.39,17
-48.6877,-26.9095,11.39,17
-48.6868,-26.9095,11.39,17
-48.6864,-26.9094,12.03,17
-48.6873,-26.9097,11.39,17
-48.6864,-26.9098,11.39,17
-48.6899,-26.9096,11.39,17
-48.689,-26.9096,11.39,17
-48.6894,-26.9094,11.39,17
-48.6859,-26.9096,11.71,17
-48.6863,-26.9085,12.03,17
-48.6868,-26.9083,12.03,17
-48.6864,-26.9089,12.03,17
-48.6889,-26.9059,11.25,17
-48.6889,-26.9054,11.25,17
-48.6889,-26.9063,11.25,17
-48.6871,-26.9064,12.03,17
-48.6872,-26.9068,12.03,17
-48.6871,-26.906,12.03,17
-48.6872,-26.9076,12.03,17
-48.6872,-26.9072,12.03,17
-48.6868,-26.9079,12.03,17
-48.6887,-26.9124,5.11,17
-48.6887,-26.9128,5.11,17
-48.6886,-26.9115,8.835,17
-48.6891,-26.9121,5.11,17
-48.6886,-26.9119,7.593333333333334,17
-48.6878,-26.9116,8.835,17
-48.6873,-26.9114,8.835,17
-48.6882,-26.9118,8.835,17
-48.6887,-26.9136,5.11,17
-48.6891,-26.9134,5.11,17
-48.6887,-26.9132,5.11,17
-48.6887,-26.914,5.11,17
-48.6891,-26.9125,5.11,17
-48.6891,-26.913,5.11,17
-48.6903,-26.9097,11.39,17
-48.6908,-26.9095,11.39,17
-48.686,-26.91,12.03,17
-48.686,-26.9109,8.835,17
-48.6855,-26.9107,8.835,17
-48.6869,-26.9112,8.835,17
-48.6864,-26.911,8.835,17
-48.694,-26.9022,9.705,17
-48.6931,-26.9022,9.705,17
-48.6936,-26.902,9.705,17
-48.6909,-26.9022,12.82,17
-48.6914,-26.9024,12.82,17
-48.6905,-26.9024,12.82,17
-48.6896,-26.902,12.82,17
-48.6901,-26.9022,12.82,17
-48.6892,-26.9023,12.82,17
-48.6923,-26.9023,9.705,17
-48.6927,-26.9021,9.705,17
-48.6918,-26.9021,12.82,17
-48.6944,-26.902,6.59,17
-48.6954,-26.9052,10.92,17
-48.6945,-26.9053,10.92,17
-48.695,-26.9051,10.92,17
-48.6937,-26.9053,10.92,17
-48.6941,-26.9051,10.92,17
-48.6932,-26.9052,10.92,17
-48.6911,-26.9055,10.92,17
-48.6915,-26.9053,10.92,17
-48.6906,-26.9053,10.92,17
-48.6924,-26.9052,10.92,17
-48.6928,-26.9054,10.92,17
-48.6919,-26.9055,10.92,17
-48.6776,-26.9087,6.03,17
-48.6776,-26.9082,7.495,17
-48.6776,-26.9091,4.73,17
-48.6772,-26.9089,2.66,17
-48.6794,-26.9102,13.01,17
-48.6798,-26.91,13.01,17
-48.679,-26.91,13.01,17
-48.6776,-26.9095,5.765,17
-48.6781,-26.9101,13.01,17
-48.6777,-26.9099,5.765,17
-48.6758,-26.9075,10.51,17
-48.6758,-26.9079,10.51,17
-48.6763,-26.9077,10.51,17
-48.6754,-26.9078,10.51,17
-48.6745,-26.9074,10.51,17
-48.6741,-26.9072,10.51,17
-48.675,-26.9076,10.51,17
-48.6767,-26.9083,10.51,17
-48.6763,-26.9081,10.51,17
-48.6763,-26.909,2.66,17
-48.6767,-26.9087,2.66,17
-48.6759,-26.9088,2.66,17
-48.6776,-26.9074,8.96,17
-48.6772,-26.9081,10.51,17
-48.6776,-26.9078,8.96,17
-48.6767,-26.9079,10.51,17
-48.6754,-26.9086,2.66,17
-48.6775,-26.9057,5.495,17
-48.6775,-26.9053,5.495,17
-48.6775,-26.9062,8.96,17
-48.6779,-26.9047,5.495,17
-48.6779,-26.9051,5.495,17
-48.6775,-26.9066,8.96,17
-48.6776,-26.907,8.96,17
-48.679,-26.9113,6.91,17
-48.6799,-26.9112,6.91,17
-48.6803,-26.911,6.91,17
-48.6794,-26.9111,6.91,17
-48.6781,-26.9113,6.91,17
-48.6777,-26.9112,6.91,17
-48.6785,-26.9103,13.01,17
-48.6786,-26.9111,6.91,17
-48.682,-26.9101,13.01,17
-48.6825,-26.9098,13.01,17
-48.6816,-26.9099,13.01,17
-48.6807,-26.9099,13.01,17
-48.6812,-26.9101,13.01,17
-48.6803,-26.9102,13.01,17
-48.6808,-26.9112,6.91,17
-48.6772,-26.9093,4.73,17
-48.6768,-26.9091,2.66,17
-48.6772,-26.9097,5.765,17
-48.6742,-26.9101,5.96,17
-48.6772,-26.9106,5.765,17
-48.6777,-26.9103,8.18,17
-48.6772,-26.9102,8.18,17
-48.6773,-26.911,6.146666666666667,17
-48.7143,-26.8829,22.61,17
-48.7143,-26.8833,22.61,17
-48.7139,-26.8827,22.61,17
-48.7139,-26.8831,22.61,17
-48.7139,-26.884,22.61,17
-48.7143,-26.8837,22.61,17
-48.7139,-26.8836,22.61,17
-48.7139,-26.8844,22.61,17
-48.7143,-26.8842,22.61,17
-48.714,-26.8857,22.61,17
-48.714,-26.8861,22.61,17
-48.7139,-26.8848,22.61,17
-48.7139,-26.8852,22.61,17
-48.714,-26.8869,22.61,17
-48.714,-26.8865,22.61,17
-48.714,-26.8873,22.61,17
-48.7001,-26.8882,3.36,17
-48.7001,-26.8886,3.36,17
-48.7005,-26.8876,11.895,17
-48.7005,-26.888,6.47,17
-48.7009,-26.8877,9.1825,17
-48.7001,-26.8878,8.018,17
-48.6992,-26.8874,11.895,17
-48.6996,-26.8872,11.895,17
-48.6987,-26.8872,12.95,17
-48.6992,-26.887,11.15,17
-48.6996,-26.8876,11.895,17
-48.7001,-26.8895,3.36,17
-48.7001,-26.889,3.36,17
-48.6974,-26.8863,14.625,17
-48.6978,-26.886,12.1425,17
-48.6974,-26.8859,12.1425,17
-48.6978,-26.8865,12.1425,17
-48.7017,-26.8835,8.17,17
-48.7008,-26.8836,8.17,17
-48.7012,-26.8833,8.17,17
-48.6999,-26.8836,8.17,17
-48.7003,-26.8834,8.17,17
-48.6995,-26.8834,10.69,17
-48.6986,-26.8835,10.69,17
-48.699,-26.8837,10.69,17
-48.6982,-26.8837,10.69,17
-48.7031,-26.8878,11.895,17
-48.7036,-26.888,11.895,17
-48.7027,-26.888,9.1825,17
-48.7018,-26.8877,11.895,17
-48.7018,-26.8881,9.1825,17
-48.7022,-26.8879,9.1825,17
-48.7014,-26.8879,9.1825,17
-48.6983,-26.8862,9.66,17
-48.6987,-26.8868,12.05,17
-48.6983,-26.8866,13.466666666666667,17
-48.715,-26.8914,12.48,17
-48.7159,-26.8914,12.48,17
-48.7163,-26.8912,12.48,17
-48.7155,-26.8912,12.48,17
-48.7141,-26.8907,22.61,17
-48.7146,-26.8913,12.48,17
-48.7141,-26.8911,22.61,17
-48.7181,-26.891,12.48,17
-48.7185,-26.8908,12.48,17
-48.7194,-26.8908,12.48,17
-48.7198,-26.8905,12.48,17
-48.7189,-26.8906,12.48,17
-48.7172,-26.8911,12.48,17
-48.7176,-26.8909,12.48,17
-48.7168,-26.8913,12.48,17
-48.7141,-26.8886,22.61,17
-48.7141,-26.889,22.61,17
-48.714,-26.8877,22.61,17
-48.714,-26.8882,22.61,17
-48.7141,-26.8898,22.61,17
-48.7141,-26.8894,22.61,17
-48.7141,-26.8902,22.61,17
-48.7156,-26.8945,19.31,17
-48.7147,-26.8946,19.31,17
-48.7151,-26.8944,19.31,17
-48.7143,-26.8944,19.31,17
-48.7138,-26.8942,19.31,17
-48.7147,-26.8942,19.31,17
-48.7169,-26.8947,19.31,17
-48.716,-26.8947,19.31,17
-48.7164,-26.8945,19.31,17
-48.7199,-26.893,19.38,17
-48.7195,-26.8937,21.525,17
-48.7199,-26.8934,22.494,17
-48.7121,-26.8939,19.31,17
-48.7116,-26.8938,19.31,17
-48.7129,-26.8943,19.31,17
-48.7125,-26.8941,19.31,17
-48.7134,-26.8941,19.31,17
-48.7116,-26.8942,19.31,17
-48.7112,-26.894,19.31,17
-48.7004,-26.897,5.355,17
-48.6995,-26.897,4.33,17
-48.6999,-26.8968,4.33,17
-48.7004,-26.8974,6.38,17
-48.7008,-26.8967,5.355,17
-48.6986,-26.8971,4.33,17
-48.6991,-26.8973,4.33,17
-48.6982,-26.8973,4.33,17
-48.7008,-26.898,6.38,17
-48.7009,-26.8984,6.38,17
-48.7008,-26.8972,6.38,17
-48.7008,-26.8976,6.38,17
-48.7005,-26.9003,17.34,17
-48.7009,-26.8992,7.365,17
-48.7009,-26.8988,6.38,17
-48.7013,-26.8994,8.35,17
-48.7005,-26.8995,8.35,17
-48.6996,-26.8995,8.35,17
-48.7,-26.8993,8.35,17
-48.6991,-26.8994,8.35,17
-48.7001,-26.901,17.34,17
-48.7005,-26.9007,17.34,17
-48.7001,-26.9014,17.34,17
-48.7014,-26.9007,4.8,17
-48.7009,-26.9005,4.8,17
-48.7022,-26.8994,8.35,17
-48.7018,-26.8992,8.35,17
-48.6725,-26.8868,15.17,17
-48.6721,-26.8866,15.17,17
-48.6725,-26.8872,15.17,17
-48.6729,-26.887,15.17,17
-48.6734,-26.8876,15.17,17
-48.673,-26.8874,15.17,17
-48.6734,-26.888,15.17,17
-48.6669,-26.9018,13.84,17
-48.6673,-26.9016,13.84,17
-48.6664,-26.9016,13.84,17
-48.6677,-26.9013,13.84,17
-48.6682,-26.9011,13.84,17
-48.6656,-26.9017,13.84,17
-48.666,-26.9019,13.84,17
-48.6651,-26.9019,9.32,17
-48.6674,-26.9049,12.14,17
-48.6682,-26.9015,13.84,17
-48.6638,-26.9022,9.32,17
-48.6634,-26.902,9.32,17
-48.6643,-26.902,9.32,17
-48.6647,-26.9017,9.32,17
-48.6586,-26.9034,10.03,17
-48.6582,-26.9032,10.03,17
-48.6565,-26.9037,5.403333333333333,17
-48.6569,-26.9035,5.403333333333333,17
-48.656,-26.904,5.403333333333333,17
-48.6891,-26.8874,13.35,17
-48.6895,-26.8872,13.35,17
-48.6887,-26.8873,13.35,17
-48.6891,-26.887,13.35,17
-48.69,-26.8865,13.35,17
-48.6904,-26.8863,13.35,17
-48.6895,-26.8868,13.35,17
-48.6836,-26.8918,6.27,17
-48.684,-26.8915,6.27,17
-48.6832,-26.892,6.27,17
-48.6933,-26.883,4.17,17
-48.6933,-26.8826,4.17,17
-48.6933,-26.8834,7.29,17
-48.6933,-26.8817,4.17,17
-48.6933,-26.8821,4.17,17
-48.6942,-26.8838,16.3,17
-48.6934,-26.8838,14.825,17
-48.6938,-26.8836,16.3,17
-48.6925,-26.8839,13.35,17
-48.6929,-26.8836,13.35,17
-48.6921,-26.8841,13.35,17
-48.6959,-26.8816,9.745,17
-48.6955,-26.8814,9.745,17
-48.6955,-26.8822,9.745,17
-48.6959,-26.882,9.745,17
-48.6955,-26.8818,9.745,17
-48.6955,-26.8826,9.745,17
-48.6959,-26.8824,9.745,17
-48.6933,-26.8813,4.17,17
-48.696,-26.8845,8.17,17
-48.6973,-26.8838,10.69,17
-48.6977,-26.8835,10.69,17
-48.6969,-26.8836,10.69,17
-48.6951,-26.8841,14.625,17
-48.6956,-26.8839,9.745,17
-48.6947,-26.8839,14.625,17
-48.6951,-26.8845,14.625,17
-48.6956,-26.8843,12.185,17
-48.696,-26.8832,9.745,17
-48.6955,-26.8831,9.745,17
-48.696,-26.8828,9.745,17
-48.696,-26.8837,9.745,17
-48.6964,-26.8834,10.69,17
-48.6955,-26.8835,9.745,17
-48.6969,-26.8853,9.66,17
-48.6965,-26.8851,12.1425,17
-48.6969,-26.8857,12.1425,17
-48.6965,-26.8855,14.625,17
-48.696,-26.8849,12.1425,17
-48.6956,-26.8847,12.473333333333334,17
-48.6908,-26.8857,13.35,17
-48.6912,-26.8854,13.35,17
-48.6904,-26.8859,13.35,17
-48.6916,-26.8848,13.35,17
-48.6916,-26.8843,13.35,17
-48.6912,-26.885,13.35,17
-48.6738,-26.8878,15.17,17
-48.6743,-26.8884,15.17,17
-48.6739,-26.8882,15.17,17
-48.677,-26.8907,15.17,17
-48.6813,-26.8896,4.77,17
-48.6813,-26.89,4.77,17
-48.6818,-26.8906,4.77,17
-48.6818,-26.8902,4.77,17
-48.6818,-26.891,4.985,17
-48.6757,-26.8897,15.17,17
-48.6752,-26.8896,15.17,17
-48.6756,-26.8893,15.17,17
-48.6748,-26.889,15.17,17
-48.6743,-26.8888,15.17,17
-48.6747,-26.8885,15.17,17
-48.6752,-26.8891,15.17,17
-48.6765,-26.8901,15.17,17
-48.6761,-26.8899,15.17,17
-48.6766,-26.8905,15.17,17
-48.6761,-26.8903,15.17,17
-48.6953,-26.9142,14.89,17
-48.6957,-26.914,14.89,17
-48.6948,-26.9141,14.89,17
-48.6953,-26.9138,14.89,17
-48.6931,-26.915,4.455,17
-48.6936,-26.9148,4.455,17
-48.6931,-26.9146,4.455,17
-48.6931,-26.9154,4.455,17
-48.6936,-26.9152,4.455,17
-48.6944,-26.9139,14.89,17
-48.6935,-26.9139,4.455,17
-48.694,-26.9137,14.89,17
-48.6935,-26.9143,4.455,17
-48.6936,-26.9156,4.455,17
-48.6931,-26.9138,4.56,17
-48.6931,-26.9142,4.455,17
-48.675,-26.9224,9.08,17
-48.6746,-26.9222,9.08,17
-48.6768,-26.9236,9.08,17
-48.6764,-26.9234,9.08,17
-48.6755,-26.923,9.08,17
-48.675,-26.9228,9.08,17
-48.6759,-26.9232,9.08,17
-48.6771,-26.9179,11.43,17
-48.6773,-26.9242,9.08,17
-48.6768,-26.924,9.08,17
-48.6764,-26.9238,9.08,17
-48.6746,-26.9227,9.08,17
-48.6774,-26.9143,11.43,17
-48.6774,-26.9147,11.43,17
-48.6778,-26.9153,9.6,17
-48.6775,-26.9172,11.43,17
-48.6775,-26.9177,11.43,17
-48.691,-26.9281,5.0,17
-48.6914,-26.9279,5.0,17
-48.6918,-26.9276,5.0,17
-48.6909,-26.9277,5.0,17
-48.6905,-26.9271,5.0,17
-48.6905,-26.9275,5.0,17
-48.7159,-26.9033,27.165,17
-48.7155,-26.904,27.165,17
-48.7159,-26.9037,21.47,17
-48.7163,-26.9027,21.47,17
-48.7167,-26.9024,15.775,17
-48.7163,-26.9022,27.165,17
-48.7163,-26.9031,21.47,17
-48.7155,-26.9044,21.47,17
-48.7159,-26.9041,15.775,17
-48.7155,-26.9048,21.47,17
-48.7163,-26.9035,15.775,17
-48.7134,-26.9089,27.165,17
-48.7135,-26.9093,27.165,17
-48.7139,-26.9083,27.165,17
-48.7138,-26.9078,27.165,17
-48.7139,-26.9087,27.165,17
-48.7147,-26.9061,27.165,17
-48.7142,-26.9068,27.165,17
-48.7147,-26.9065,27.165,17
-48.7151,-26.9055,21.47,17
-48.7151,-26.905,21.47,17
-48.7151,-26.9059,27.165,17
-48.7146,-26.9057,27.165,17
-48.7143,-26.9072,27.165,17
-48.7143,-26.9076,27.165,17
-48.6986,-26.9094,5.81,17
-48.6964,-26.9094,8.87,17
-48.7003,-26.9089,17.146666666666665,17
-48.7008,-26.9087,17.146666666666665,17
-48.7003,-26.9085,17.146666666666665,17
-48.7004,-26.9093,14.11,17
-48.7008,-26.9091,17.146666666666665,17
-48.6999,-26.9091,5.81,17
-48.7008,-26.9082,17.146666666666665,17
-48.699,-26.9092,5.81,17
-48.7003,-26.9076,17.146666666666665,17
-48.7003,-26.9081,17.146666666666665,17
-48.7008,-26.9099,15.545,17
-48.7004,-26.9097,15.545,17
-48.7008,-26.9095,15.545,17
-48.7008,-26.9103,15.545,17
-48.7004,-26.9102,15.545,17
-48.6995,-26.9094,5.81,17
-48.6942,-26.9093,8.87,17
-48.6947,-26.9095,8.87,17
-48.6938,-26.9095,8.87,17
-48.6929,-26.9096,8.87,17
-48.6934,-26.9093,8.87,17
-48.6925,-26.9094,8.87,17
-48.6956,-26.9094,8.87,17
-48.6951,-26.9092,8.87,17
-48.696,-26.9096,8.87,17
-48.6979,-26.9149,14.89,17
-48.6975,-26.9147,14.89,17
-48.6966,-26.9144,14.89,17
-48.6962,-26.9142,14.89,17
-48.697,-26.9145,14.89,17
-48.7004,-26.9118,15.545,17
-48.7009,-26.9116,15.545,17
-48.7004,-26.9114,15.545,17
-48.7005,-26.9122,15.545,17
-48.7009,-26.912,15.545,17
-48.7008,-26.9108,15.545,17
-48.7009,-26.9112,15.545,17
-48.7004,-26.9106,15.545,17
-48.7004,-26.911,15.545,17
-48.7009,-26.9128,15.545,17
-48.7005,-26.9127,15.545,17
-48.7009,-26.9124,15.545,17
-48.7009,-26.9133,15.545,17
-48.7005,-26.9131,15.545,17
-48.6939,-26.912,4.85,17
-48.6939,-26.9124,4.85,17
-48.6939,-26.9112,4.85,17
-48.6939,-26.9116,4.85,17
-48.6948,-26.9136,14.89,17
-48.6939,-26.9129,4.85,17
-48.6935,-26.9135,9.725,17
-48.6939,-26.9133,4.85,17
-48.7001,-26.9031,16.825,17
-48.7001,-26.9026,16.825,17
-48.7002,-26.9035,16.825,17
-48.7001,-26.9018,16.825,17
-48.7001,-26.9022,16.825,17
-48.7002,-26.9039,16.825,17
-48.7002,-26.9043,16.825,17
-48.7027,-26.9016,4.8,17
-48.7018,-26.9013,4.8,17
-48.7014,-26.9011,4.8,17
-48.7018,-26.9009,4.8,17
-48.7023,-26.9015,4.8,17
-48.7002,-26.906,17.146666666666665,17
-48.7002,-26.9056,17.146666666666665,17
-48.7003,-26.9064,17.146666666666665,17
-48.7002,-26.9047,17.146666666666665,17
-48.7002,-26.9051,17.146666666666665,17
-48.7003,-26.9068,17.146666666666665,17
-48.7003,-26.9072,17.146666666666665,17
-48.7098,-26.9185,27.165,17
-48.7094,-26.9184,27.165,17
-48.7098,-26.9181,27.165,17
-48.7094,-26.9188,27.165,17
-48.7102,-26.9175,27.165,17
-48.7098,-26.9177,27.165,17
-48.709,-26.9194,27.165,17
-48.7094,-26.9192,27.165,17
-48.709,-26.9199,27.165,17
-48.7063,-26.9175,14.12,17
-48.7054,-26.9172,14.12,17
-48.705,-26.917,14.12,17
-48.7059,-26.9173,14.12,17
-48.711,-26.9145,27.165,17
-48.711,-26.9149,27.165,17
-48.7102,-26.9166,27.165,17
-48.7106,-26.9164,27.165,17
-48.7102,-26.9171,27.165,17
-48.7106,-26.9156,27.165,17
-48.711,-26.9153,27.165,17
-48.7106,-26.916,27.165,17
-48.7086,-26.9213,27.165,17
-48.7086,-26.9209,27.165,17
-48.7082,-26.9216,27.165,17
-48.709,-26.9203,27.165,17
-48.7086,-26.9205,27.165,17
-48.7126,-26.911,27.165,17
-48.7131,-26.9108,27.165,17
-48.7126,-26.9106,27.165,17
-48.7127,-26.9115,27.165,17
-48.713,-26.91,27.165,17
-48.7135,-26.9097,27.165,17
-48.7131,-26.9104,27.165,17
-48.7122,-26.9117,27.165,17
-48.7122,-26.9121,27.165,17
-48.7114,-26.9138,27.165,17
-48.7119,-26.9136,27.165,17
-48.7114,-26.9143,27.165,17
-48.7118,-26.9128,27.165,17
-48.7123,-26.9125,27.165,17
-48.7118,-26.9132,27.165,17
-48.7037,-26.9164,14.12,17
-48.7023,-26.9163,14.12,17
-48.7019,-26.9161,14.12,17
-48.7041,-26.917,14.12,17
-48.7045,-26.9168,14.12,17
-48.7037,-26.9168,14.12,17
-48.7041,-26.9166,14.12,17
-48.7032,-26.9167,14.12,17
-48.7028,-26.9165,14.12,17
-48.7005,-26.9147,15.545,17
-48.701,-26.9145,15.545,17
-48.7005,-26.9143,15.545,17
-48.7006,-26.9152,15.545,17
-48.701,-26.9149,15.545,17
-48.7009,-26.9137,15.545,17
-48.701,-26.9141,15.545,17
-48.7005,-26.9135,15.545,17
-48.7005,-26.9139,15.545,17
-48.701,-26.9158,15.545,17
-48.7006,-26.9156,15.545,17
-48.701,-26.9153,15.545,17
-48.6642,-26.9139,4.07,17
-48.6638,-26.9137,4.07,17
-48.6642,-26.9135,4.07,17
-48.6633,-26.9131,4.07,17
-48.6629,-26.9129,4.07,17
-48.6638,-26.9133,4.07,17
-48.6643,-26.9156,18.01,17
-48.6656,-26.914,7.81,17
-48.6647,-26.9141,4.07,17
-48.6651,-26.9147,7.6,17
-48.6656,-26.9144,7.6,17
-48.6672,-26.9122,7.81,17
-48.6668,-26.9129,7.81,17
-48.6673,-26.9127,7.81,17
-48.6677,-26.912,7.81,17
-48.6664,-26.9131,7.81,17
-48.666,-26.9138,7.81,17
-48.6664,-26.9136,7.81,17
-48.6607,-26.9129,7.066666666666666,17
-48.6603,-26.9127,7.066666666666666,17
-48.6612,-26.913,7.18,17
-48.662,-26.9122,4.07,17
-48.6598,-26.9125,7.066666666666666,17
-48.6594,-26.9123,7.066666666666666,17
-48.6607,-26.9137,7.52,17
-48.6612,-26.9135,7.52,17
-48.6608,-26.9141,7.52,17
-48.6616,-26.9128,7.52,17
-48.662,-26.9126,7.52,17
-48.6629,-26.9125,4.07,17
-48.6624,-26.9123,4.07,17
-48.6652,-26.9159,18.01,17
-48.6647,-26.9157,18.01,17
-48.6661,-26.9163,16.363333333333333,17
-48.6656,-26.9161,16.363333333333333,17
-48.6661,-26.9167,16.363333333333333,17
-48.6665,-26.9165,13.07,17
-48.6656,-26.9165,18.01,17
-48.6599,-26.9154,7.52,17
-48.6603,-26.9148,7.52,17
-48.6603,-26.9144,7.52,17
-48.6599,-26.915,7.52,17
-48.6697,-26.9079,7.365,17
-48.6702,-26.9077,7.365,17
-48.6693,-26.9077,9.743333333333332,17
-48.6697,-26.9075,8.47,17
-48.6702,-26.9081,7.365,17
-48.6693,-26.9081,9.743333333333332,17
-48.6701,-26.9068,9.09,17
-48.6706,-26.9074,7.85,17
-48.671,-26.9072,7.85,17
-48.6701,-26.9073,8.47,17
-48.6688,-26.9075,7.85,17
-48.668,-26.9076,12.14,17
-48.668,-26.908,12.14,17
-48.6693,-26.9069,9.743333333333332,17
-48.6697,-26.9067,9.09,17
-48.6692,-26.9065,9.743333333333332,17
-48.6693,-26.9073,9.27,17
-48.6697,-26.9071,9.09,17
-48.6702,-26.9089,7.365,17
-48.6702,-26.9085,7.365,17
-48.6702,-26.9093,7.365,17
-48.6693,-26.9086,9.743333333333332,17
-48.6693,-26.909,9.743333333333332,17
-48.6714,-26.9065,5.98,17
-48.6719,-26.9063,5.98,17
-48.6732,-26.9073,7.85,17
-48.6736,-26.907,8.106666666666667,17
-48.6728,-26.9071,7.85,17
-48.6736,-26.9074,5.96,17
-48.6719,-26.9071,6.915,17
-48.6719,-26.9067,5.98,17
-48.6719,-26.9076,5.98,17
-48.6723,-26.9073,7.85,17
-48.6715,-26.9074,7.85,17
-48.6675,-26.9057,12.14,17
-48.6674,-26.9053,12.14,17
-48.6675,-26.9062,12.14,17
-48.6679,-26.9059,12.14,17
-48.6679,-26.9068,12.14,17
-48.6675,-26.9066,12.14,17
-48.6679,-26.9063,12.14,17
-48.6679,-26.9072,12.14,17
-48.6675,-26.907,12.14,17
-48.6658,-26.9079,9.68,17
-48.6653,-26.9078,9.68,17
-48.6697,-26.9058,9.09,17
-48.6701,-26.9064,9.09,17
-48.6697,-26.9062,9.09,17
-48.6688,-26.9059,9.743333333333332,17
-48.6692,-26.9056,9.743333333333332,17
-48.6692,-26.9061,9.743333333333332,17
-48.6698,-26.9108,9.743333333333332,17
-48.6694,-26.9106,9.743333333333332,17
-48.6698,-26.9104,9.743333333333332,17
-48.6698,-26.9112,9.743333333333332,17
-48.6694,-26.9111,9.743333333333332,17
-48.6702,-26.9098,7.365,17
-48.6694,-26.9098,9.743333333333332,17
-48.6698,-26.9096,9.743333333333332,17
-48.6693,-26.9094,9.743333333333332,17
-48.6694,-26.9102,9.743333333333332,17
-48.6698,-26.91,9.743333333333332,17
-48.6699,-26.9117,9.743333333333332,17
-48.6699,-26.9121,9.743333333333332,17
-48.6737,-26.9083,5.96,17
-48.6741,-26.908,5.96,17
-48.6737,-26.9079,5.96,17
-48.6737,-26.9087,5.96,17
-48.6741,-26.9085,5.96,17
-48.6719,-26.9088,5.98,17
-48.672,-26.9092,5.98,17
-48.6719,-26.908,5.98,17
-48.6719,-26.9084,5.98,17
-48.6741,-26.9093,5.96,17
-48.6737,-26.9091,5.96,17
-48.6741,-26.9089,5.96,17
-48.6742,-26.9097,5.96,17
-48.6737,-26.9095,5.96,17
-48.672,-26.9096,5.98,17
-48.668,-26.9084,12.14,17
-48.668,-26.9088,12.14,17
-48.6662,-26.9085,9.68,17
-48.6658,-26.9084,9.68,17
-48.668,-26.9093,12.14,17
-48.6564,-26.9131,9.85,17
-48.6564,-26.9136,9.85,17
-48.6576,-26.9116,6.29,17
-48.6572,-26.9114,6.29,17
-48.6581,-26.9118,6.29,17
-48.6572,-26.9118,9.85,17
-48.6567,-26.9112,4.97,17
-48.6589,-26.9121,6.29,17
-48.6585,-26.912,6.29,17
-48.6568,-26.9125,9.85,17
-48.6572,-26.9122,9.85,17
-48.6568,-26.9129,9.85,17
-48.656,-26.9142,9.85,17
-48.6564,-26.914,9.85,17
-48.656,-26.9146,9.85,17
-48.6568,-26.9133,9.85,17
-48.6605,-26.9074,8.625,17
-48.6601,-26.9073,8.625,17
-48.6614,-26.9061,8.076666666666666,17
-48.6609,-26.9059,8.076666666666666,17
-48.6614,-26.9065,8.076666666666666,17
-48.6618,-26.9063,8.076666666666666,17
-48.6592,-26.9069,8.625,17
-48.6592,-26.9073,8.572,17
-48.6596,-26.9071,8.625,17
-48.6588,-26.9071,8.625,17
-48.6605,-26.9058,8.076666666666666,17
-48.66,-26.9056,8.076666666666666,17
-48.6614,-26.9078,8.625,17
-48.661,-26.9076,8.625,17
-48.6623,-26.9069,0.88,17
-48.6601,-26.9077,8.625,17
-48.6597,-26.9075,8.625,17
-48.6635,-26.9058,0.88,17
-48.664,-26.9068,9.68,17
-48.6636,-26.9066,9.68,17
-48.6631,-26.906,5.28,17
-48.6627,-26.9067,0.88,17
-48.6631,-26.9064,5.28,17
-48.6579,-26.9068,8.625,17
-48.6574,-26.9066,8.625,17
-48.6583,-26.9069,8.625,17
-48.6604,-26.9045,10.03,17
-48.66,-26.9043,10.03,17
-48.6591,-26.904,10.03,17
-48.6587,-26.9038,10.03,17
-48.6591,-26.9036,10.03,17
-48.6595,-26.9042,10.03,17
-48.6609,-26.9051,10.03,17
-48.6613,-26.9049,10.03,17
-48.6609,-26.9047,10.03,17
-48.6596,-26.905,8.076666666666666,17
-48.6591,-26.9048,8.076666666666666,17
-48.6596,-26.9054,8.076666666666666,17
-48.66,-26.9052,8.076666666666666,17
-48.6636,-26.9083,4.52,17
-48.6636,-26.9079,4.52,17
-48.6641,-26.9085,4.52,17
-48.6645,-26.9074,9.68,17
-48.6649,-26.9072,9.68,17
-48.6644,-26.907,9.68,17
-48.6649,-26.9076,9.68,17
-48.6632,-26.9077,4.52,17
-48.6645,-26.9091,4.52,17
-48.6645,-26.9087,4.52,17
-48.6579,-26.9084,9.723333333333334,17
-48.6575,-26.9083,9.723333333333334,17
-48.6588,-26.9075,8.36,17
-48.6584,-26.9082,9.723333333333334,17
-48.6588,-26.908,8.36,17
-48.6579,-26.908,9.723333333333334,17
-48.6571,-26.9081,9.723333333333334,17
-48.6566,-26.9079,9.723333333333334,17
-48.658,-26.9097,8.36,17
-48.6584,-26.9095,8.36,17
-48.658,-26.9093,8.36,17
-48.6584,-26.9086,9.3825,17
-48.6588,-26.9084,8.36,17
-48.6584,-26.909,8.36,17
-48.6701,-26.9196,18.01,17
-48.6697,-26.9194,18.01,17
-48.6701,-26.9192,18.01,17
-48.6706,-26.9198,18.01,17
-48.6692,-26.9184,13.07,17
-48.6697,-26.919,16.363333333333333,17
-48.6692,-26.9188,16.363333333333333,17
-48.671,-26.92,18.01,17
-48.6679,-26.9174,13.07,17
-48.6674,-26.9173,16.363333333333333,17
-48.6679,-26.9179,16.363333333333333,17
-48.6674,-26.9177,16.363333333333333,17
-48.667,-26.9171,16.363333333333333,17
-48.6665,-26.9169,16.363333333333333,17
-48.667,-26.9175,18.01,17
-48.6688,-26.9182,16.363333333333333,17
-48.6683,-26.918,16.363333333333333,17
-48.6688,-26.9186,16.363333333333333,17
-48.6739,-26.9162,7.295,17
-48.6744,-26.9156,9.6,17
-48.6748,-26.9153,9.6,17
-48.6739,-26.9154,9.6,17
-48.6769,-26.9146,11.43,17
-48.6774,-26.9139,11.43,17
-48.6766,-26.916,7.295,17
-48.6757,-26.9161,7.295,17
-48.6761,-26.9159,7.295,17
-48.677,-26.9154,10.515,17
-48.6774,-26.9152,10.515,17
-48.6765,-26.9152,9.6,17
-48.677,-26.915,11.43,17
-48.677,-26.9158,8.673333333333334,17
-48.6774,-26.9156,11.43,17
-48.6748,-26.9162,7.295,17
-48.6752,-26.9159,7.295,17
-48.6744,-26.916,7.295,17
-48.6757,-26.9153,9.6,17
-48.6761,-26.9155,9.6,17
-48.6752,-26.9155,9.6,17
-48.677,-26.9171,11.43,17
-48.677,-26.9175,11.43,17
-48.6774,-26.9164,11.43,17
-48.677,-26.9162,11.43,17
-48.6774,-26.916,11.43,17
-48.6775,-26.9168,11.43,17
-48.677,-26.9166,11.43,17
-48.6532,-26.9217,17.15,17
-48.7269,-26.8547,42.31,17
-48.7254,-26.85,42.31,17
-48.7259,-26.8506,42.31,17
-48.7254,-26.8504,42.31,17
-48.7249,-26.849,42.31,17
-48.7254,-26.8496,42.31,17
-48.7249,-26.8494,42.31,17
-48.7263,-26.8512,42.31,17
-48.7259,-26.851,42.31,17
-48.7263,-26.8516,42.31,17
-48.7259,-26.8514,42.31,17
-48.7236,-26.848,42.31,17
-48.7231,-26.8478,42.31,17
-48.724,-26.8482,42.31,17
-48.7245,-26.8488,42.31,17
-48.724,-26.8486,42.31,17
-48.7245,-26.8492,42.31,17
-48.7264,-26.8528,42.31,17
-48.7264,-26.8533,42.31,17
-48.7263,-26.852,42.31,17
-48.7268,-26.8526,42.31,17
-48.7264,-26.8524,42.31,17
-48.7268,-26.8539,42.31,17
-48.7264,-26.8537,42.31,17
-48.7269,-26.8543,42.31,17
-48.7268,-26.853,42.31,17
-48.7268,-26.8534,42.31,17
-48.7303,-26.8656,11.83,17
-48.7304,-26.8668,11.83,17
-48.7299,-26.8675,27.165,17
-48.7304,-26.8672,22.05333333333333,17
-48.7303,-26.866,11.83,17
-48.7303,-26.8664,11.83,17
-48.73,-26.8687,27.165,17
-48.73,-26.8692,27.165,17
-48.7304,-26.8681,22.05333333333333,17
-48.73,-26.8679,27.165,17
-48.7304,-26.8677,22.05333333333333,17
-48.7304,-26.8685,11.83,17
-48.73,-26.8683,27.165,17
-48.73,-26.87,27.165,17
-48.7296,-26.8698,27.165,17
-48.73,-26.8696,22.05333333333333,17
-48.7296,-26.8702,27.165,17
-48.7304,-26.8689,11.83,17
-48.7304,-26.8693,11.83,17
-48.7195,-26.8447,42.31,17
-48.72,-26.8449,42.31,17
-48.7204,-26.8455,42.31,17
-48.7204,-26.8451,42.31,17
-48.7213,-26.8458,42.31,17
-48.7209,-26.8457,42.31,17
-48.7213,-26.8463,42.31,17
-48.7231,-26.8474,42.31,17
-48.7227,-26.8472,42.31,17
-48.7222,-26.8466,42.31,17
-48.7218,-26.8464,42.31,17
-48.7222,-26.847,42.31,17
-48.726,-26.879,27.165,17
-48.7256,-26.8797,27.165,17
-48.726,-26.8795,27.165,17
-48.7264,-26.8784,27.165,17
-48.7264,-26.878,27.165,17
-48.7264,-26.8788,27.165,17
-48.726,-26.8786,27.165,17
-48.7256,-26.8801,27.165,17
-48.7256,-26.8805,27.165,17
-48.7272,-26.8762,27.165,17
-48.7268,-26.8769,27.165,17
-48.7272,-26.8767,27.165,17
-48.7276,-26.8756,27.165,17
-48.7276,-26.8752,27.165,17
-48.7272,-26.8758,27.165,17
-48.7268,-26.8773,27.165,17
-48.7268,-26.8777,27.165,17
-48.7248,-26.8818,27.165,17
-48.7243,-26.8825,27.165,17
-48.7248,-26.8822,27.165,17
-48.7252,-26.8812,27.165,17
-48.7252,-26.8808,27.165,17
-48.7252,-26.8816,27.165,17
-48.7292,-26.8717,27.165,17
-48.7288,-26.872,27.165,17
-48.7292,-26.8709,27.165,17
-48.7296,-26.8706,27.165,17
-48.7292,-26.8713,27.165,17
-48.7288,-26.8728,27.165,17
-48.7288,-26.8724,27.165,17
-48.7284,-26.873,27.165,17
-48.728,-26.8745,27.165,17
-48.728,-26.8749,27.165,17
-48.7276,-26.8747,27.165,17
-48.7284,-26.8734,27.165,17
-48.728,-26.8741,27.165,17
-48.7284,-26.8739,27.165,17
-48.7276,-26.8892,16.26,17
-48.7281,-26.8889,16.26,17
-48.7272,-26.889,16.26,17
-48.7263,-26.8891,16.26,17
-48.7263,-26.8895,16.26,17
-48.7268,-26.8892,16.26,17
-48.7259,-26.8893,16.26,17
-48.724,-26.884,27.165,17
-48.7239,-26.8836,27.165,17
-48.724,-26.8844,27.165,17
-48.7244,-26.8829,27.165,17
-48.7248,-26.8827,27.165,17
-48.7244,-26.8833,27.165,17
-48.7235,-26.8846,27.165,17
-48.7236,-26.885,27.165,17
-48.7215,-26.8887,20.025,17
-48.7223,-26.8874,27.165,17
-48.7219,-26.8881,20.025,17
-48.7223,-26.8878,27.165,17
-48.7215,-26.8896,27.165,17
-48.722,-26.8893,21.2375,17
-48.7211,-26.8894,20.025,17
-48.7215,-26.8892,20.025,17
-48.7215,-26.89,27.165,17
-48.722,-26.8897,15.31,17
-48.7211,-26.8898,20.025,17
-48.7224,-26.8887,15.31,17
-48.7219,-26.8885,23.595,17
-48.7224,-26.8883,21.2375,17
-48.7224,-26.8891,15.31,17
-48.7219,-26.8889,21.2375,17
-48.7227,-26.8868,27.165,17
-48.7232,-26.8865,22.59,17
-48.7227,-26.8864,27.165,17
-48.7228,-26.8872,21.2375,17
-48.7232,-26.887,13.44,17
-48.7231,-26.8857,27.165,17
-48.7236,-26.8855,27.165,17
-48.7232,-26.8861,22.59,17
-48.7228,-26.8876,15.31,17
-48.7228,-26.888,15.31,17
-48.6548,-26.9047,5.403333333333333,17
-48.6543,-26.9053,5.403333333333333,17
-48.6548,-26.9051,5.403333333333333,17
-48.6544,-26.9057,5.403333333333333,17
-48.6552,-26.9044,5.403333333333333,17
-48.6556,-26.9042,5.403333333333333,17
-48.6544,-26.9074,11.29,17
-48.6548,-26.9072,11.29,17
-48.6549,-26.9076,11.29,17
-48.6544,-26.9062,5.403333333333333,17
-48.6539,-26.906,5.403333333333333,17
-48.6557,-26.9075,11.29,17
-48.6553,-26.9073,11.29,17
-48.6562,-26.9077,9.723333333333334,17
-48.6553,-26.9078,11.29,17
-48.6863,-26.9464,50.47,17
-48.6868,-26.9461,50.47,17
-48.6859,-26.9466,50.47,17
-48.6872,-26.9459,50.47,17
-48.6876,-26.9457,50.47,17
-48.6851,-26.9471,50.47,17
-48.6855,-26.9469,50.47,17
-48.6893,-26.9447,50.47,17
-48.6898,-26.9445,50.47,17
-48.6889,-26.945,50.47,17
-48.6902,-26.9443,50.47,17
-48.6906,-26.944,50.47,17
-48.6881,-26.9454,50.47,17
-48.6885,-26.9452,50.47,17
-48.6953,-26.9398,50.47,17
-48.6923,-26.9431,50.47,17
-48.6923,-26.9427,50.47,17
-48.6919,-26.9433,50.47,17
-48.6932,-26.9422,50.47,17
-48.6936,-26.9419,50.47,17
-48.6932,-26.9418,50.47,17
-48.6928,-26.9424,50.47,17
-48.6911,-26.9438,50.47,17
-48.6915,-26.9435,50.47,17
-48.694,-26.9413,50.47,17
-48.6945,-26.9411,50.47,17
-48.6936,-26.9415,50.47,17
-48.6949,-26.9404,50.47,17
-48.6953,-26.9402,50.47,17
-48.6944,-26.9406,50.47,17
-48.6808,-26.9495,50.47,17
-48.6803,-26.9501,50.47,17
-48.6808,-26.9499,50.47,17
-48.6812,-26.9492,50.47,17
-48.6816,-26.949,50.47,17
-48.6804,-26.9505,50.47,17
-48.6799,-26.9508,50.47,17
-48.6833,-26.948,50.47,17
-48.6838,-26.9478,50.47,17
-48.6829,-26.9483,50.47,17
-48.6842,-26.9476,50.47,17
-48.6846,-26.9473,50.47,17
-48.682,-26.9487,50.47,17
-48.6825,-26.9485,50.47,17
-48.6795,-26.9522,50.47,17
-48.6796,-26.9527,50.47,17
-48.68,-26.9516,50.47,17
-48.6795,-26.9514,50.47,17
-48.6799,-26.9512,50.47,17
-48.6795,-26.9518,50.47,17
-48.6796,-26.9535,50.47,17
-48.6791,-26.9533,50.47,17
-48.6796,-26.9531,50.47,17
-48.6796,-26.9539,50.47,17
-48.6792,-26.9537,50.47,17
-48.7041,-26.9306,27.165,17
-48.7046,-26.9304,27.165,17
-48.7042,-26.931,27.165,17
-48.705,-26.9297,27.165,17
-48.705,-26.9293,27.165,17
-48.7046,-26.93,27.165,17
-48.7037,-26.9313,27.165,17
-48.7033,-26.9319,27.165,17
-48.7037,-26.9317,27.165,17
-48.7054,-26.9287,27.165,17
-48.7054,-26.9291,27.165,17
-48.7025,-26.9332,27.165,17
-48.7033,-26.9323,27.165,17
-48.702,-26.9331,27.165,17
-48.7016,-26.9337,27.165,17
-48.7021,-26.9335,27.165,17
-48.7029,-26.9322,27.165,17
-48.7025,-26.9328,27.165,17
-48.7029,-26.9326,27.165,17
-48.7074,-26.9233,27.165,17
-48.7078,-26.9222,27.165,17
-48.7082,-26.922,27.165,17
-48.7078,-26.9226,27.165,17
-48.7082,-26.9224,27.165,17
-48.7074,-26.9241,27.165,17
-48.7074,-26.9237,27.165,17
-48.707,-26.9244,27.165,17
-48.7078,-26.9231,27.165,17
-48.7058,-26.9276,27.165,17
-48.7054,-26.9282,27.165,17
-48.7058,-26.928,27.165,17
-48.7066,-26.9259,27.165,17
-48.7066,-26.9263,27.165,17
-48.7062,-26.9261,27.165,17
-48.707,-26.9248,27.165,17
-48.7066,-26.9254,27.165,17
-48.707,-26.9252,27.165,17
-48.7062,-26.9269,27.165,17
-48.7062,-26.9265,27.165,17
-48.7058,-26.9272,27.165,17
-48.7014,-26.9385,21.685,17
-48.7009,-26.9384,21.685,17
-48.7,-26.938,21.685,17
-48.6996,-26.9378,21.685,17
-48.7,-26.9384,21.685,17
-48.7005,-26.9382,21.685,17
-48.6996,-26.9382,21.685,17
-48.7022,-26.9389,21.685,17
-48.7018,-26.9387,21.685,17
-48.7027,-26.9387,21.685,17
-48.7022,-26.9385,21.685,17
-48.6987,-26.9379,21.685,17
-48.6983,-26.9377,21.685,17
-48.6992,-26.938,21.685,17
-48.6978,-26.9375,21.685,17
-48.7004,-26.9348,27.165,17
-48.6999,-26.9355,27.165,17
-48.7004,-26.9352,27.165,17
-48.7012,-26.9339,27.165,17
-48.7008,-26.9346,27.165,17
-48.7012,-26.9344,27.165,17
-48.7044,-26.9394,21.685,17
-48.7049,-26.9391,21.685,17
-48.704,-26.9392,21.685,17
-48.7049,-26.9396,21.685,17
-48.7036,-26.939,21.685,17
-48.7027,-26.9391,21.685,17
-48.7031,-26.9388,21.685,17
-48.7053,-26.9393,21.685,17
-48.6796,-26.9543,50.47,17
-48.7253,-26.8977,9.76,17
-48.7249,-26.8975,9.76,17
-48.7253,-26.8973,9.76,17
-48.7257,-26.8979,9.76,17
-48.7266,-26.8978,9.76,17
-48.7262,-26.8981,9.76,17
-48.7179,-26.8988,23.83666666666667,17
-48.7179,-26.8992,17.18,17
-48.7175,-26.899,27.165,17
-48.7179,-26.898,27.165,17
-48.7183,-26.8977,23.83666666666667,17
-48.7179,-26.8984,23.83666666666667,17
-48.7183,-26.8981,23.83666666666667,17
-48.7175,-26.8999,21.47,17
-48.7175,-26.8994,23.83666666666667,17
-48.7175,-26.9003,15.775,17
-48.7171,-26.9001,27.165,17
-48.7218,-26.8971,13.63,17
-48.7213,-26.8969,13.63,17
-48.7222,-26.8968,13.63,17
-48.7226,-26.8966,12.175,17
-48.7209,-26.8967,9.155,17
-48.7205,-26.8965,9.155,17
-48.7227,-26.897,12.175,17
-48.7187,-26.8962,27.165,17
-48.7191,-26.8952,24.345,17
-48.7195,-26.8949,23.83666666666667,17
-48.7191,-26.8947,21.525,17
-48.7191,-26.8956,22.912,17
-48.7195,-26.8953,17.18,17
-48.7178,-26.895,19.31,17
-48.7173,-26.8949,19.31,17
-48.7178,-26.8946,19.31,17
-48.7187,-26.8971,23.83666666666667,17
-48.7187,-26.8967,23.83666666666667,17
-48.7183,-26.8973,23.83666666666667,17
-48.7196,-26.8962,9.155,17
-48.7191,-26.896,17.964,17
-48.72,-26.8964,9.155,17
-48.7191,-26.8964,17.18,17
-48.7167,-26.9016,21.47,17
-48.7171,-26.9014,21.47,17
-48.7167,-26.902,21.47,17
-48.7166,-26.8999,4.42,17
-48.7171,-26.9005,21.47,17
-48.7162,-26.9006,4.42,17
-48.7166,-26.9003,4.42,17
-48.7167,-26.9012,27.165,17
-48.7171,-26.9009,21.47,17
-48.7162,-26.901,4.42,17
-48.7212,-26.8915,17.18,17
-48.7216,-26.8912,17.18,17
-48.7207,-26.8913,22.494,17
-48.7211,-26.8911,23.83666666666667,17
-48.7212,-26.8919,17.18,17
-48.7207,-26.8917,27.165,17
-48.7224,-26.8903,16.26,17
-48.7216,-26.8904,20.242,17
-48.722,-26.8902,15.626666666666665,17
-48.7216,-26.8908,17.18,17
-48.7203,-26.8915,19.38,17
-48.7207,-26.8905,19.38,17
-48.7211,-26.8902,21.455,17
-48.7202,-26.8903,12.48,17
-48.7207,-26.89,17.655,17
-48.7207,-26.8909,19.38,17
-48.7211,-26.8906,27.165,17
-48.7203,-26.8924,22.494,17
-48.7207,-26.8921,23.83666666666667,17
-48.7203,-26.8919,19.38,17
-48.7203,-26.8928,23.83666666666667,17
-48.7208,-26.8925,17.18,17
-48.7199,-26.8926,19.38,17
-48.7242,-26.8898,16.26,17
-48.7246,-26.8896,16.26,17
-48.7237,-26.8901,16.26,17
-48.7229,-26.8901,16.26,17
-48.7233,-26.8899,16.26,17
-48.7224,-26.8899,16.26,17
-48.725,-26.8898,16.26,17
-48.7255,-26.8895,16.26,17
-48.7248,-26.8971,9.76,17
-48.7244,-26.8969,9.76,17
-48.7235,-26.8966,12.175,17
-48.7235,-26.897,12.175,17
-48.724,-26.8967,12.175,17
-48.7231,-26.8968,12.175,17
-48.7199,-26.8943,23.83666666666667,17
-48.7195,-26.8941,24.345,17
-48.7199,-26.8939,23.83666666666667,17
-48.7195,-26.8945,22.912,17
-48.7203,-26.8932,23.83666666666667,17
-48.7204,-26.8936,17.18,17
-48.7393,-26.8976,16.6,17
-48.7384,-26.8977,16.6,17
-48.738,-26.8975,16.6,17
-48.7431,-26.8947,16.6,17
-48.7427,-26.8953,16.6,17
-48.7431,-26.8951,16.6,17
-48.7418,-26.8958,16.6,17
-48.7423,-26.8956,16.6,17
-48.7418,-26.8962,16.6,17
-48.7401,-26.8972,16.6,17
-48.7406,-26.8969,16.6,17
-48.7397,-26.8974,16.6,17
-48.7414,-26.896,16.6,17
-48.741,-26.8967,16.6,17
-48.7414,-26.8965,16.6,17
-48.7388,-26.8975,16.6,17
-48.7384,-26.8973,16.6,17
-48.6405,-26.9478,14.97,17
-48.6405,-26.9474,14.97,17
-48.6405,-26.9482,14.97,17
-48.6405,-26.947,14.97,17
-48.6405,-26.9486,14.97,17
-48.641,-26.9484,14.97,17
-48.6405,-26.9491,14.97,17
-48.633,-26.9447,5.6,17
-48.6317,-26.945,5.6,17
-48.6321,-26.9448,5.6,17
-48.6312,-26.9448,5.6,17
-48.6325,-26.9445,5.6,17
-48.6303,-26.9449,5.6,17
-48.6308,-26.9451,5.6,17
-48.6406,-26.9507,6.4375,17
-48.6406,-26.9503,14.97,17
-48.6406,-26.9511,6.4375,17
-48.6406,-26.9495,14.97,17
-48.6406,-26.9499,14.97,17
-48.6406,-26.9516,6.4375,17
-48.6402,-26.9514,3.5933333333333337,17
-48.6402,-26.9518,3.5933333333333337,17
-48.6298,-26.9426,4.71,17
-48.6298,-26.941,4.71,17
-48.6298,-26.9414,4.71,17
-48.6298,-26.9418,4.71,17
-48.6303,-26.9424,4.71,17
-48.6298,-26.9422,4.71,17
-48.6459,-26.9274,13.95,17
-48.6463,-26.9272,13.95,17
-48.6468,-26.9265,13.95,17
-48.6472,-26.9263,13.95,17
-48.6468,-26.9269,13.95,17
-48.6518,-26.9216,7.29,17
-48.6523,-26.9213,7.29,17
-48.6527,-26.9219,17.15,17
-48.6531,-26.9209,7.29,17
-48.6536,-26.9206,12.22,17
-48.6531,-26.9213,17.15,17
-48.6536,-26.9211,17.15,17
-48.6527,-26.9211,7.29,17
-48.6514,-26.9218,7.29,17
-48.6485,-26.9251,13.95,17
-48.6489,-26.9249,13.95,17
-48.6485,-26.9256,13.95,17
-48.6498,-26.9244,13.95,17
-48.6498,-26.9248,13.95,17
-48.6502,-26.9246,15.55,17
-48.6493,-26.9247,13.95,17
-48.6476,-26.926,13.95,17
-48.6481,-26.9258,13.95,17
-48.6519,-26.9237,17.15,17
-48.6523,-26.9234,17.15,17
-48.6515,-26.9239,17.15,17
-48.6528,-26.9228,17.15,17
-48.6527,-26.9224,17.15,17
-48.6523,-26.923,17.15,17
-48.6519,-26.9245,4.78,17
-48.6524,-26.9251,4.78,17
-48.652,-26.9249,4.78,17
-48.6515,-26.9243,4.78,17
-48.6506,-26.9244,17.15,17
-48.6511,-26.9241,10.965,17
-48.6887,-26.9017,7.4,21
-48.6883,-26.9023,5.62,21
-48.6887,-26.9021,5.62,21
-48.6879,-26.9022,5.62,21
-48.687,-26.9022,5.62,21
-48.6874,-26.902,5.62,21
-48.6866,-26.902,5.62,21
-48.6904,-26.9122,14.03,21
-48.69,-26.9121,14.03,21
-48.6909,-26.9018,7.4,21
-48.6918,-26.9017,7.4,21
-48.6922,-26.9015,7.4,21
-48.6914,-26.9015,7.4,21
-48.69,-26.9018,7.4,21
-48.6892,-26.9019,7.4,21
-48.6896,-26.9016,7.4,21
-48.6905,-26.9016,7.4,21
-48.694,-26.9018,7.4,21
-48.6931,-26.9018,7.4,21
-48.6935,-26.9016,7.4,21
-48.6927,-26.9016,7.4,21
-48.6978,-26.886,12.235,21
-48.6974,-26.8859,12.235,21
-48.6978,-26.8865,12.235,21
-48.7043,-26.8838,6.41,21
-48.7043,-26.8842,6.41,21
-48.7043,-26.8833,6.41,21
-48.7043,-26.885,6.41,21
-48.7043,-26.8846,6.41,21
-48.7043,-26.8854,6.41,21
-48.7048,-26.8852,6.41,21
-48.6983,-26.8862,12.235,21
-48.6626,-26.9038,12.29,21
-48.663,-26.9035,12.29,21
-48.6933,-26.8834,15.33,21
-48.6942,-26.8838,15.33,21
-48.6934,-26.8838,15.33,21
-48.6938,-26.8836,15.33,21
-48.6947,-26.8835,15.33,21
-48.6942,-26.8833,15.33,21
-48.6925,-26.8839,15.33,21
-48.6929,-26.8836,15.33,21
-48.6921,-26.8841,15.33,21
-48.696,-26.8845,12.235,21
-48.6951,-26.8841,12.235,21
-48.6947,-26.8839,12.235,21
-48.6956,-26.8843,12.235,21
-48.6969,-26.8853,12.235,21
-48.6965,-26.8851,12.235,21
-48.6969,-26.8857,12.235,21
-48.696,-26.8849,12.235,21
-48.6956,-26.8847,12.235,21
-48.6916,-26.8848,15.33,21
-48.6916,-26.8843,15.33,21
-48.6816,-26.9231,6.24,21
-48.6812,-26.9229,6.24,21
-48.6821,-26.9236,6.24,21
-48.6816,-26.9235,6.24,21
-48.682,-26.9232,6.24,21
-48.6953,-26.9138,15.96,21
-48.694,-26.9137,15.96,21
-48.6922,-26.913,14.03,21
-48.6917,-26.9128,14.03,21
-48.6926,-26.9132,14.03,21
-48.6913,-26.9126,14.03,21
-48.6909,-26.9124,14.03,21
-48.6945,-26.9181,3.4,21
-48.6946,-26.9185,3.4,21
-48.695,-26.9182,3.4,21
-48.695,-26.9191,3.4,21
-48.6946,-26.9189,3.4,21
-48.695,-26.9186,3.4,21
-48.695,-26.9195,3.4,21
-48.6946,-26.9193,3.4,21
-48.6772,-26.9217,5.42,21
-48.6776,-26.9214,5.42,21
-48.6781,-26.922,5.42,21
-48.6776,-26.9218,5.42,21
-48.6785,-26.9218,5.42,21
-48.6781,-26.9216,5.42,21
-48.6732,-26.9196,4.77,21
-48.6803,-26.9225,6.24,21
-48.6798,-26.9223,6.24,21
-48.6803,-26.9229,6.24,21
-48.6807,-26.9227,6.24,21
-48.6798,-26.9227,6.24,21
-48.679,-26.9224,5.83,21
-48.6794,-26.9221,5.83,21
-48.6785,-26.9222,5.42,21
-48.6789,-26.922,5.42,21
-48.6794,-26.9226,5.83,21
-48.6812,-26.9233,6.24,21
-48.6807,-26.9231,6.24,21
-48.7003,-26.9089,14.13,21
-48.7008,-26.9087,14.13,21
-48.7003,-26.9085,14.13,21
-48.7004,-26.9093,14.13,21
-48.7008,-26.9091,14.13,21
-48.7008,-26.9082,14.13,21
-48.7003,-26.9076,14.13,21
-48.7003,-26.9081,14.13,21
-48.7008,-26.9099,14.13,21
-48.7004,-26.9097,14.13,21
-48.7008,-26.9095,14.13,21
-48.7008,-26.9103,14.13,21
-48.7004,-26.9102,14.13,21
-48.7004,-26.9118,14.13,21
-48.7009,-26.9116,14.13,21
-48.7004,-26.9114,14.13,21
-48.7005,-26.9122,14.13,21
-48.7009,-26.912,14.13,21
-48.7008,-26.9108,14.13,21
-48.7009,-26.9112,14.13,21
-48.7004,-26.9106,14.13,21
-48.7004,-26.911,14.13,21
-48.7009,-26.9128,14.13,21
-48.7005,-26.9127,14.13,21
-48.7009,-26.9124,14.13,21
-48.7009,-26.9133,14.13,21
-48.7005,-26.9131,14.13,21
-48.6948,-26.9136,15.96,21
-48.6944,-26.9135,15.96,21
-48.6935,-26.9131,14.03,21
-48.6931,-26.9129,14.03,21
-48.6935,-26.9135,14.03,21
-48.6939,-26.9133,14.03,21
-48.6931,-26.9133,14.03,21
-48.7002,-26.906,14.13,21
-48.7002,-26.9056,14.13,21
-48.7003,-26.9064,14.13,21
-48.7002,-26.9047,14.13,21
-48.7002,-26.9051,14.13,21
-48.7003,-26.9068,14.13,21
-48.7003,-26.9072,14.13,21
-48.7005,-26.9135,14.13,21
-48.6642,-26.9139,9.34,21
-48.6638,-26.9137,9.34,21
-48.6642,-26.9135,9.34,21
-48.6633,-26.9131,9.34,21
-48.6629,-26.9129,9.34,21
-48.6638,-26.9133,9.34,21
-48.6647,-26.9141,9.34,21
-48.6607,-26.9129,7.53,21
-48.6603,-26.9127,7.53,21
-48.6612,-26.913,8.556666666666667,21
-48.662,-26.9122,10.105,21
-48.6598,-26.9125,7.53,21
-48.6594,-26.9123,7.53,21
-48.6607,-26.9137,7.27,21
-48.6612,-26.9135,7.27,21
-48.6608,-26.9141,7.27,21
-48.6616,-26.9128,9.07,21
-48.662,-26.9126,10.87,21
-48.6628,-26.9108,10.87,21
-48.6624,-26.9115,10.87,21
-48.6628,-26.9113,10.87,21
-48.6632,-26.9102,10.87,21
-48.6637,-26.91,10.87,21
-48.6633,-26.9106,10.87,21
-48.6637,-26.9104,10.87,21
-48.6624,-26.9119,10.87,21
-48.6629,-26.9125,9.34,21
-48.6624,-26.9123,9.34,21
-48.6595,-26.9157,5.465,21
-48.6591,-26.9155,5.465,21
-48.6603,-26.9148,7.27,21
-48.6603,-26.9144,7.27,21
-48.6727,-26.9067,9.84,21
-48.6723,-26.9065,9.84,21
-48.6714,-26.9061,9.84,21
-48.6714,-26.9065,9.84,21
-48.6719,-26.9063,9.84,21
-48.671,-26.9064,9.84,21
-48.6736,-26.907,9.84,21
-48.6732,-26.9068,9.84,21
-48.6719,-26.9067,9.84,21
-48.6705,-26.9062,9.84,21
-48.6533,-26.9131,21.0,21
-48.6537,-26.9129,21.0,21
-48.6533,-26.9127,21.0,21
-48.6533,-26.9135,21.0,21
-48.6537,-26.9121,21.0,21
-48.6537,-26.9125,21.0,21
-48.6533,-26.914,21.0,21
-48.6533,-26.9144,21.0,21
-48.6576,-26.9116,7.53,21
-48.6576,-26.912,7.53,21
-48.6581,-26.9118,7.53,21
-48.6572,-26.9118,7.53,21
-48.6589,-26.9121,7.53,21
-48.6585,-26.912,7.53,21
-48.6541,-26.9106,21.0,21
-48.6536,-26.9104,21.0,21
-48.6537,-26.9112,21.0,21
-48.6537,-26.9108,21.0,21
-48.6537,-26.9116,21.0,21
-48.653,-26.9159,21.0,21
-48.6581,-26.9143,5.465,21
-48.6577,-26.9141,5.465,21
-48.6582,-26.9147,5.465,21
-48.659,-26.9151,5.465,21
-48.6586,-26.9149,5.465,21
-48.6525,-26.9161,21.0,21
-48.6529,-26.915,21.0,21
-48.6534,-26.9148,21.0,21
-48.6529,-26.9154,21.0,21
-48.6534,-26.9152,21.0,21
-48.6605,-26.9074,11.77,21
-48.6601,-26.9073,11.77,21
-48.6614,-26.9061,8.6,21
-48.6618,-26.9059,12.29,21
-48.6609,-26.9059,8.6,21
-48.6614,-26.9065,8.6,21
-48.6618,-26.9063,10.445,21
-48.6592,-26.9069,11.77,21
-48.6592,-26.9073,11.77,21
-48.6596,-26.9071,11.77,21
-48.6588,-26.9071,11.77,21
-48.6605,-26.9058,8.6,21
-48.66,-26.9056,8.6,21
-48.6614,-26.9078,12.03,21
-48.661,-26.9076,11.77,21
-48.6614,-26.907,12.29,21
-48.6618,-26.9067,12.29,21
-48.6614,-26.9074,12.29,21
-48.6601,-26.9077,11.77,21
-48.6597,-26.9075,11.77,21
-48.6622,-26.9052,12.29,21
-48.6622,-26.9048,12.29,21
-48.6622,-26.9057,12.29,21
-48.6626,-26.9042,12.29,21
-48.663,-26.9039,12.29,21
-48.6626,-26.9046,12.29,21
-48.6579,-26.9068,11.77,21
-48.6574,-26.9066,11.77,21
-48.6583,-26.9069,11.77,21
-48.6596,-26.905,8.6,21
-48.6591,-26.9048,8.6,21
-48.6596,-26.9054,8.6,21
-48.66,-26.9052,8.6,21
-48.6641,-26.9093,10.87,21
-48.6645,-26.9091,10.87,21
-48.6641,-26.9097,10.87,21
-48.6731,-26.9179,4.77,21
-48.6731,-26.9184,4.77,21
-48.6732,-26.9188,4.77,21
-48.6732,-26.9192,4.77,21
-48.7211,-26.8783,6.87,21
-48.7212,-26.8795,6.87,21
-48.7216,-26.8789,6.87,21
-48.7211,-26.8787,6.87,21
-48.7216,-26.8785,6.87,21
-48.7216,-26.8793,6.87,21
-48.7212,-26.8791,6.87,21
-48.7216,-26.8806,6.87,21
-48.7217,-26.881,6.87,21
-48.7216,-26.8797,6.87,21
-48.7216,-26.8801,6.87,21
-48.7217,-26.8818,6.87,21
-48.7217,-26.8814,6.87,21
-48.7217,-26.8822,6.87,21
-48.7217,-26.8827,6.87,21
-48.7217,-26.8831,6.87,21
-48.7516,-26.887,10.17,21
-48.7511,-26.8869,10.17,21
-48.7502,-26.8865,10.17,21
-48.7498,-26.8863,10.17,21
-48.7503,-26.8869,10.17,21
-48.7498,-26.8867,10.17,21
-48.752,-26.8876,10.17,21
-48.7525,-26.8874,10.17,21
-48.7516,-26.8875,10.17,21
-48.752,-26.8872,10.17,21
-48.7511,-26.8873,10.17,21
-48.7507,-26.8871,10.17,21
-48.7533,-26.8878,10.17,21
-48.7529,-26.8876,10.17,21
-48.6513,-26.9176,21.0,21
-48.6517,-26.9174,21.0,21
-48.6521,-26.9168,21.0,21
-48.6525,-26.9165,21.0,21
-48.6517,-26.917,21.0,21
-48.6887,-26.9021,18.63,6
-48.6888,-26.9029,18.63,6
-48.6888,-26.9025,18.63,6
-48.6888,-26.9034,18.63,6
-48.6888,-26.9046,18.63,6
-48.6888,-26.905,18.63,6
-48.6888,-26.9038,18.63,6
-48.6888,-26.9042,18.63,6
-48.689,-26.9088,18.63,6
-48.6885,-26.9086,18.63,6
-48.689,-26.9084,18.63,6
-48.689,-26.9092,18.63,6
-48.6885,-26.909,18.63,6
-48.6885,-26.9069,18.63,6
-48.6889,-26.9059,18.63,6
-48.6889,-26.9054,18.63,6
-48.6889,-26.9063,18.63,6
-48.6885,-26.9078,18.63,6
-48.6889,-26.9075,18.63,6
-48.6885,-26.9073,18.63,6
-48.6885,-26.9082,18.63,6
-48.6889,-26.9079,18.63,6
-48.6889,-26.9067,18.63,6
-48.6889,-26.9071,18.63,6
-48.7088,-26.8893,6.05,6
-48.7084,-26.8891,6.05,6
-48.7093,-26.8895,6.05,6
-48.708,-26.889,6.05,6
-48.7075,-26.8888,6.05,6
-48.7102,-26.8899,6.05,6
-48.7097,-26.8897,6.05,6
-48.7057,-26.8881,6.05,6
-48.7062,-26.8878,6.05,6
-48.7053,-26.8879,6.05,6
-48.7062,-26.8882,6.05,6
-48.7044,-26.8879,6.05,6
-48.7049,-26.8881,6.05,6
-48.704,-26.8882,6.05,6
-48.7071,-26.8882,6.05,6
-48.7066,-26.888,6.05,6
-48.7071,-26.8886,6.05,6
-48.7075,-26.8884,6.05,6
-48.7066,-26.8884,6.05,6
-48.7155,-26.8916,4.83,6
-48.715,-26.8914,4.83,6
-48.7142,-26.8915,4.83,6
-48.7137,-26.8913,4.83,6
-48.7146,-26.8913,4.83,6
-48.7141,-26.8911,4.83,6
-48.7164,-26.892,4.53,6
-48.7159,-26.8918,4.53,6
-48.7164,-26.8924,4.53,6
-48.7119,-26.8906,4.83,6
-48.7115,-26.8904,4.83,6
-48.712,-26.891,4.83,6
-48.7124,-26.8908,4.83,6
-48.7115,-26.8908,4.83,6
-48.7106,-26.8905,6.05,6
-48.7102,-26.8903,6.05,6
-48.7106,-26.89,6.05,6
-48.7111,-26.8906,4.83,6
-48.7133,-26.8911,4.83,6
-48.7128,-26.891,4.83,6
-48.7168,-26.893,4.53,6
-48.7164,-26.8928,4.53,6
-48.7168,-26.8934,4.53,6
-48.7164,-26.8932,4.53,6
-48.7169,-26.8938,4.53,6
-48.7173,-26.8944,4.53,6
-48.7169,-26.8943,4.53,6
-48.7005,-26.9003,14.97,6
-48.7001,-26.901,14.97,6
-48.7005,-26.9007,14.97,6
-48.7001,-26.9014,14.97,6
-48.7009,-26.9005,14.97,6
-48.6578,-26.9038,8.93,6
-48.6578,-26.9043,8.93,6
-48.6574,-26.9041,8.93,6
-48.6953,-26.9142,11.47,6
-48.6957,-26.914,11.47,6
-48.6948,-26.9141,11.47,6
-48.6953,-26.9138,11.47,6
-48.6944,-26.9139,11.47,6
-48.694,-26.9137,11.47,6
-48.6923,-26.9295,9.45,6
-48.6927,-26.9292,9.45,6
-48.6923,-26.9299,9.45,6
-48.6902,-26.9323,9.45,6
-48.6902,-26.9328,9.45,6
-48.6924,-26.9312,13.51,6
-48.6915,-26.9312,9.45,6
-48.6928,-26.9305,13.51,6
-48.6932,-26.9303,13.51,6
-48.6928,-26.9309,13.51,6
-48.6932,-26.9307,13.51,6
-48.6906,-26.9317,9.45,6
-48.6911,-26.9314,9.45,6
-48.6919,-26.9301,9.45,6
-48.6915,-26.9308,9.45,6
-48.6919,-26.9306,9.45,6
-48.6907,-26.9321,9.45,6
-48.6943,-26.9237,12.49,6
-48.6943,-26.9241,12.49,6
-48.6943,-26.9229,12.49,6
-48.6938,-26.9227,12.49,6
-48.6943,-26.9225,12.49,6
-48.6943,-26.9233,12.49,6
-48.6938,-26.9231,12.49,6
-48.6943,-26.9245,12.49,6
-48.6943,-26.925,12.49,6
-48.6938,-26.9223,12.49,6
-48.6944,-26.9258,12.49,6
-48.6944,-26.9254,12.49,6
-48.6948,-26.926,12.49,6
-48.6953,-26.9282,13.51,6
-48.6958,-26.928,13.51,6
-48.6962,-26.9274,13.51,6
-48.6966,-26.9271,13.51,6
-48.6983,-26.9253,13.51,6
-48.6991,-26.9245,13.51,6
-48.6979,-26.926,13.51,6
-48.6983,-26.9258,13.51,6
-48.6987,-26.9251,13.51,6
-48.6991,-26.9249,13.51,6
-48.697,-26.9265,13.51,6
-48.6974,-26.9262,13.51,6
-48.7003,-26.9089,14.405,6
-48.7008,-26.9087,14.405,6
-48.7003,-26.9085,14.405,6
-48.7004,-26.9093,14.405,6
-48.7008,-26.9091,14.405,6
-48.7008,-26.9082,14.405,6
-48.7003,-26.9076,14.405,6
-48.7003,-26.9081,14.405,6
-48.6979,-26.9149,11.47,6
-48.6975,-26.9147,11.47,6
-48.6966,-26.9144,11.47,6
-48.6962,-26.9142,11.47,6
-48.697,-26.9145,11.47,6
-48.6948,-26.9136,11.47,6
-48.7001,-26.9031,14.405,6
-48.7001,-26.9026,14.405,6
-48.7002,-26.9035,14.405,6
-48.7001,-26.9018,14.405,6
-48.7001,-26.9022,14.405,6
-48.7002,-26.9039,14.405,6
-48.7002,-26.9043,14.405,6
-48.7002,-26.906,14.405,6
-48.7002,-26.9056,14.405,6
-48.7003,-26.9064,14.405,6
-48.7002,-26.9047,14.405,6
-48.7002,-26.9051,14.405,6
-48.7003,-26.9068,14.405,6
-48.7003,-26.9072,14.405,6
-48.6651,-26.9147,9.6,6
-48.6665,-26.9152,9.6,6
-48.6669,-26.9158,9.6,6
-48.6665,-26.9156,9.6,6
-48.666,-26.915,9.6,6
-48.6656,-26.9149,9.6,6
-48.666,-26.9155,9.6,6
-48.6674,-26.9164,9.6,6
-48.6674,-26.916,9.6,6
-48.6678,-26.9166,9.6,6
-48.6538,-26.9141,0.59,6
-48.6542,-26.9139,0.59,6
-48.6538,-26.9146,0.59,6
-48.6542,-26.9143,0.59,6
-48.6538,-26.915,0.59,6
-48.6538,-26.9154,0.59,6
-48.6614,-26.9061,8.93,6
-48.6609,-26.9059,8.93,6
-48.6614,-26.9065,8.93,6
-48.6618,-26.9063,8.93,6
-48.6605,-26.9058,8.93,6
-48.66,-26.9056,8.93,6
-48.6587,-26.9046,8.93,6
-48.6582,-26.9044,8.93,6
-48.6596,-26.905,8.93,6
-48.6591,-26.9048,8.93,6
-48.6596,-26.9054,8.93,6
-48.66,-26.9052,8.93,6
-48.6683,-26.9168,9.6,6
-48.7158,-26.9403,14.36,6
-48.6952,-26.936,6.0,6
-48.6947,-26.9358,6.0,6
-48.6938,-26.9359,6.0,6
-48.6943,-26.9356,6.0,6
-48.6956,-26.9366,6.0,6
-48.696,-26.9364,6.0,6
-48.6952,-26.9364,6.0,6
-48.6956,-26.9362,6.0,6
-48.6947,-26.9362,6.0,6
-48.6943,-26.9361,6.0,6
-48.6923,-26.9431,3.1,6
-48.6919,-26.9429,3.1,6
-48.6923,-26.9427,3.1,6
-48.6919,-26.9433,3.1,6
-48.6915,-26.9431,3.1,6
-48.6953,-26.9287,13.51,6
-48.6941,-26.9294,13.51,6
-48.6936,-26.93,13.51,6
-48.6941,-26.9298,13.51,6
-48.6949,-26.9285,13.51,6
-48.6945,-26.9291,13.51,6
-48.6949,-26.9289,13.51,6
-48.6962,-26.9278,13.51,6
-48.697,-26.9269,13.51,6
-48.6975,-26.9267,13.51,6
-48.7004,-26.9233,13.51,6
-48.7008,-26.9231,13.51,6
-48.7004,-26.9237,13.51,6
-48.7012,-26.9224,13.51,6
-48.7017,-26.9222,13.51,6
-48.7013,-26.9229,13.51,6
-48.7,-26.9236,13.51,6
-48.6996,-26.9242,13.51,6
-48.7,-26.924,13.51,6
-48.7021,-26.922,13.51,6
-48.7118,-26.9379,14.36,6
-48.7114,-26.9377,14.36,6
-48.7127,-26.9382,14.36,6
-48.7123,-26.938,14.36,6
-48.7127,-26.9386,14.36,6
-48.7123,-26.9385,14.36,6
-48.7109,-26.9371,14.36,6
-48.7105,-26.9369,14.36,6
-48.7109,-26.9375,14.36,6
-48.7114,-26.9373,14.36,6
-48.71,-26.9367,14.36,6
-48.7141,-26.9392,14.36,6
-48.7145,-26.9398,14.36,6
-48.7141,-26.9396,14.36,6
-48.7136,-26.939,14.36,6
-48.7132,-26.9388,14.36,6
-48.7136,-26.9394,14.36,6
-48.7154,-26.9402,14.36,6
-48.715,-26.94,14.36,6
-48.7154,-26.9406,14.36,6
-48.7,-26.938,6.54,6
-48.6996,-26.9378,6.54,6
-48.7,-26.9384,6.54,6
-48.7005,-26.9382,6.54,6
-48.6996,-26.9382,6.54,6
-48.6978,-26.9371,6.0,6
-48.6969,-26.9367,6.0,6
-48.6965,-26.9365,6.0,6
-48.6974,-26.9369,6.0,6
-48.6987,-26.9379,6.54,6
-48.6983,-26.9377,6.54,6
-48.6992,-26.938,6.54,6
-48.6978,-26.9375,6.54,6
-48.7209,-26.8967,4.32,6
-48.7205,-26.8965,4.32,6
-48.7191,-26.8956,4.53,6
-48.7187,-26.8954,4.53,6
-48.7178,-26.895,4.53,6
-48.7173,-26.8949,4.53,6
-48.7178,-26.8946,4.53,6
-48.7182,-26.8952,4.53,6
-48.7196,-26.8962,4.32,6
-48.7191,-26.896,4.32,6
-48.72,-26.8964,4.32,6
-48.7224,-26.8903,8.83,6
-48.7216,-26.8904,8.83,6
-48.722,-26.8902,8.83,6
-48.7207,-26.8905,8.83,6
-48.7211,-26.8902,8.83,6
-48.7237,-26.8901,8.83,6
-48.7229,-26.8901,8.83,6
-48.7233,-26.8899,8.83,6
-48.7224,-26.8899,8.83,6
-48.7274,-26.8578,63.79,2
-48.7274,-26.8582,63.79,2
-48.7275,-26.8591,63.79,2
-48.7279,-26.8588,63.79,2
-48.7274,-26.8586,63.79,2
-48.7279,-26.8592,63.79,2
-48.7274,-26.857,63.79,2
-48.7274,-26.8574,63.79,2
-48.7279,-26.8584,63.79,2
-48.7269,-26.8551,63.79,2
-48.7269,-26.8547,63.79,2
-48.7269,-26.8555,63.79,2
-48.7274,-26.8561,63.79,2
-48.7269,-26.856,63.79,2
-48.7273,-26.8557,63.79,2
-48.7274,-26.8566,63.79,2
-48.7269,-26.8564,63.79,2
-48.7279,-26.8601,63.79,2
-48.7279,-26.8597,63.79,2
-48.7279,-26.8605,63.79,2
-48.7284,-26.8611,63.79,2
-48.728,-26.8609,63.79,2
-48.7284,-26.8607,63.79,2
-48.7284,-26.8615,63.79,2
-48.7254,-26.85,63.79,2
-48.7259,-26.8506,63.79,2
-48.7254,-26.8504,63.79,2
-48.7249,-26.849,63.79,2
-48.7254,-26.8496,63.79,2
-48.7249,-26.8494,63.79,2
-48.7263,-26.8512,63.79,2
-48.7259,-26.851,63.79,2
-48.7263,-26.8516,63.79,2
-48.7259,-26.8514,63.79,2
-48.7236,-26.848,63.79,2
-48.7231,-26.8478,63.79,2
-48.724,-26.8482,63.79,2
-48.7245,-26.8488,63.79,2
-48.724,-26.8486,63.79,2
-48.7245,-26.8492,63.79,2
-48.7264,-26.8528,63.79,2
-48.7264,-26.8533,63.79,2
-48.7263,-26.852,63.79,2
-48.7268,-26.8526,63.79,2
-48.7264,-26.8524,63.79,2
-48.7268,-26.8539,63.79,2
-48.7264,-26.8537,63.79,2
-48.7269,-26.8543,63.79,2
-48.7268,-26.853,63.79,2
-48.7268,-26.8534,63.79,2
-48.7299,-26.8658,63.79,2
-48.7299,-26.8662,63.79,2
-48.7298,-26.865,63.79,2
-48.7299,-26.8654,63.79,2
-48.7294,-26.8648,63.79,2
-48.7294,-26.8652,63.79,2
-48.7299,-26.8671,63.79,2
-48.7299,-26.8666,63.79,2
-48.7299,-26.8675,63.79,2
-48.7289,-26.8629,63.79,2
-48.7294,-26.8635,63.79,2
-48.7289,-26.8634,63.79,2
-48.7289,-26.8621,63.79,2
-48.7284,-26.8619,63.79,2
-48.7289,-26.8625,63.79,2
-48.7284,-26.8623,63.79,2
-48.7294,-26.864,63.79,2
-48.7294,-26.8644,63.79,2
-48.7289,-26.8638,63.79,2
-48.73,-26.8687,63.79,2
-48.7296,-26.8694,63.79,2
-48.73,-26.8692,63.79,2
-48.73,-26.8679,63.79,2
-48.73,-26.8683,63.79,2
-48.7296,-26.8698,63.79,2
-48.73,-26.8696,63.79,2
-48.7296,-26.8702,63.79,2
-48.7195,-26.8447,63.79,2
-48.72,-26.8449,63.79,2
-48.7204,-26.8455,63.79,2
-48.7204,-26.8451,63.79,2
-48.7213,-26.8458,63.79,2
-48.7209,-26.8457,63.79,2
-48.7213,-26.8463,63.79,2
-48.7231,-26.8474,63.79,2
-48.7227,-26.8472,63.79,2
-48.7222,-26.8466,63.79,2
-48.7218,-26.8464,63.79,2
-48.7222,-26.847,63.79,2
-48.7264,-26.8792,36.06,2
-48.726,-26.879,36.06,2
-48.726,-26.8795,36.06,2
-48.7264,-26.8784,36.06,2
-48.7268,-26.8781,36.06,2
-48.7264,-26.8788,36.06,2
-48.726,-26.8803,36.06,2
-48.7256,-26.8801,36.06,2
-48.726,-26.8799,36.06,2
-48.7256,-26.8805,36.06,2
-48.7272,-26.8762,36.06,2
-48.7272,-26.8767,36.06,2
-48.7276,-26.8756,36.06,2
-48.728,-26.8753,36.06,2
-48.7276,-26.876,36.06,2
-48.7268,-26.8773,36.06,2
-48.7272,-26.8771,36.06,2
-48.7268,-26.8777,36.06,2
-48.7252,-26.882,36.06,2
-48.7248,-26.8822,36.06,2
-48.7252,-26.8812,36.06,2
-48.7256,-26.8809,36.06,2
-48.7252,-26.8816,36.06,2
-48.7292,-26.8717,63.79,2
-48.7288,-26.8715,63.79,2
-48.7288,-26.872,63.79,2
-48.7292,-26.8709,63.79,2
-48.7296,-26.8706,63.79,2
-48.7292,-26.8713,63.79,2
-48.7284,-26.8726,63.79,2
-48.7288,-26.8724,63.79,2
-48.7284,-26.873,63.79,2
-48.728,-26.8745,36.06,2
-48.7284,-26.8743,36.06,2
-48.728,-26.8749,36.06,2
-48.7288,-26.8736,36.06,2
-48.7284,-26.8734,49.925,2
-48.7284,-26.8739,36.06,2
-48.724,-26.884,36.06,2
-48.7244,-26.8837,36.06,2
-48.724,-26.8844,36.06,2
-48.7244,-26.8842,36.06,2
-48.7248,-26.8831,36.06,2
-48.7248,-26.8827,36.06,2
-48.7244,-26.8833,36.06,2
-48.724,-26.8848,36.06,2
-48.7236,-26.885,36.06,2
-48.7236,-26.8859,36.06,2
-48.7236,-26.8855,36.06,2
-48.7232,-26.8861,36.06,2
-48.7351,-26.8918,10.01,2
-48.7356,-26.8916,10.01,2
-48.7351,-26.8914,10.01,2
-48.7352,-26.8923,10.01,2
-48.7356,-26.892,10.01,2
-48.7355,-26.8908,10.01,2
-48.7356,-26.8912,10.01,2
-48.7356,-26.8924,10.01,2
-48.7351,-26.8906,10.01,2
-48.7351,-26.891,10.01,2
-48.735,-26.8889,10.01,2
-48.735,-26.8885,10.01,2
-48.7351,-26.8893,10.01,2
-48.7355,-26.8899,10.01,2
-48.7351,-26.8898,10.01,2
-48.7355,-26.8895,10.01,2
-48.7355,-26.8904,10.01,2
-48.7351,-26.8902,10.01,2
-48.6857,-26.9017,12.755,15
-48.6857,-26.9013,12.755,15
-48.6861,-26.9018,11.715,15
-48.6883,-26.9023,7.91,15
-48.6887,-26.9021,10.91,15
-48.6879,-26.9022,7.91,15
-48.687,-26.9022,7.91,15
-48.6874,-26.902,7.91,15
-48.6866,-26.902,7.91,15
-48.6817,-26.9009,14.426666666666668,15
-48.6826,-26.9008,13.3175,15
-48.683,-26.9006,13.3175,15
-48.6821,-26.9006,14.426666666666668,15
-48.6808,-26.9009,14.426666666666668,15
-48.6804,-26.9007,14.426666666666668,15
-48.6813,-26.9007,14.426666666666668,15
-48.6852,-26.9011,13.3175,15
-48.6848,-26.9009,13.3175,15
-48.6839,-26.9005,13.3175,15
-48.6839,-26.9009,13.3175,15
-48.6843,-26.9007,13.3175,15
-48.6835,-26.9008,13.3175,15
-48.6888,-26.9029,10.69,15
-48.6888,-26.9025,10.69,15
-48.6888,-26.9034,10.69,15
-48.6888,-26.9046,10.69,15
-48.6888,-26.905,10.69,15
-48.6888,-26.9038,10.69,15
-48.6888,-26.9042,10.69,15
-48.6823,-26.9056,6.55,15
-48.6819,-26.9055,6.55,15
-48.681,-26.9055,6.55,15
-48.6806,-26.9053,6.55,15
-48.6902,-26.8932,11.92,15
-48.6902,-26.8936,11.92,15
-48.6902,-26.8924,11.92,15
-48.6901,-26.892,11.92,15
-48.6902,-26.8928,11.92,15
-48.6902,-26.8941,11.92,15
-48.6775,-26.9045,11.21,15
-48.6775,-26.9049,11.21,15
-48.6779,-26.9043,11.21,15
-48.6709,-26.903,7.52,15
-48.6713,-26.9036,8.51,15
-48.6709,-26.9034,8.51,15
-48.6713,-26.904,8.51,15
-48.6718,-26.9046,8.51,15
-48.6714,-26.9045,8.51,15
-48.6819,-26.8944,9.68,15
-48.6819,-26.8948,9.68,15
-48.6819,-26.8923,9.68,15
-48.6819,-26.8927,9.68,15
-48.6818,-26.8915,9.68,15
-48.6818,-26.8919,9.68,15
-48.6819,-26.8935,9.68,15
-48.6819,-26.8931,9.68,15
-48.6819,-26.894,9.68,15
-48.6916,-26.9095,8.2,15
-48.6889,-26.9059,10.69,15
-48.6889,-26.9054,10.69,15
-48.6891,-26.9117,13.25,15
-48.6891,-26.9121,16.856666666666666,15
-48.6895,-26.9119,13.645,15
-48.69,-26.9125,18.66,15
-48.6895,-26.9123,16.1525,15
-48.6921,-26.9096,8.2,15
-48.6912,-26.9097,8.2,15
-48.6908,-26.9095,8.2,15
-48.6904,-26.9122,16.1525,15
-48.69,-26.9121,16.1525,15
-48.694,-26.9034,17.09,15
-48.6936,-26.9033,17.09,15
-48.694,-26.903,17.09,15
-48.6941,-26.9039,17.09,15
-48.6936,-26.9037,17.09,15
-48.6936,-26.9024,17.09,15
-48.694,-26.9022,14.043333333333335,15
-48.6931,-26.9022,12.52,15
-48.6936,-26.902,12.52,15
-48.6936,-26.9028,17.09,15
-48.694,-26.9026,17.09,15
-48.6941,-26.9043,17.09,15
-48.6941,-26.9047,17.09,15
-48.6936,-26.9041,17.09,15
-48.6936,-26.9045,17.09,15
-48.6909,-26.9022,12.52,15
-48.6914,-26.9024,12.52,15
-48.6905,-26.9024,12.52,15
-48.6896,-26.902,12.52,15
-48.6901,-26.9022,12.52,15
-48.6892,-26.9023,12.52,15
-48.6923,-26.9023,12.52,15
-48.6927,-26.9021,12.52,15
-48.6918,-26.9021,12.52,15
-48.6941,-26.9064,17.09,15
-48.6937,-26.9062,17.09,15
-48.6941,-26.9059,17.09,15
-48.6942,-26.9068,17.09,15
-48.6937,-26.9066,17.09,15
-48.6954,-26.9052,7.37,15
-48.6945,-26.9053,7.37,15
-48.695,-26.9051,7.37,15
-48.6937,-26.9053,12.23,15
-48.6941,-26.9051,12.23,15
-48.6932,-26.9052,7.37,15
-48.6937,-26.9049,17.09,15
-48.6937,-26.9058,17.09,15
-48.6941,-26.9055,17.09,15
-48.6942,-26.9072,17.09,15
-48.6942,-26.9076,17.09,15
-48.6937,-26.907,17.09,15
-48.6937,-26.9074,17.09,15
-48.6924,-26.9052,7.37,15
-48.6928,-26.9054,7.37,15
-48.6776,-26.9082,9.9,15
-48.6814,-26.9057,6.55,15
-48.6776,-26.9074,9.9,15
-48.6776,-26.9078,9.9,15
-48.6793,-26.9056,6.55,15
-48.6784,-26.9057,6.55,15
-48.6788,-26.9054,6.55,15
-48.6797,-26.9054,6.55,15
-48.6775,-26.9057,8.783333333333333,15
-48.6779,-26.9055,6.55,15
-48.6775,-26.9053,9.9,15
-48.6775,-26.9062,9.9,15
-48.6779,-26.9047,11.21,15
-48.6779,-26.9051,9.9,15
-48.6801,-26.9056,6.55,15
-48.6775,-26.9066,9.9,15
-48.6776,-26.907,9.9,15
-48.6773,-26.9114,9.5075,15
-48.6773,-26.9118,9.5075,15
-48.6772,-26.9106,9.5075,15
-48.6777,-26.9103,9.5075,15
-48.6772,-26.9102,9.5075,15
-48.6773,-26.911,9.5075,15
-48.7058,-26.891,15.47,15
-48.7058,-26.8906,15.47,15
-48.7059,-26.8914,15.47,15
-48.7058,-26.8897,15.47,15
-48.7058,-26.8901,15.47,15
-48.7063,-26.892,15.47,15
-48.7059,-26.8918,15.47,15
-48.7063,-26.8924,15.47,15
-48.7059,-26.8922,15.47,15
-48.7057,-26.8881,15.47,15
-48.7058,-26.8885,15.47,15
-48.7058,-26.8889,15.47,15
-48.7058,-26.8893,15.47,15
-48.7063,-26.8928,15.47,15
-48.7059,-26.8926,15.47,15
-48.7059,-26.8931,15.47,15
-48.7107,-26.8921,14.63,15
-48.7107,-26.8926,14.63,15
-48.7001,-26.8882,13.69,15
-48.7001,-26.8886,13.69,15
-48.7001,-26.8878,13.69,15
-48.6979,-26.8881,6.29,15
-48.6979,-26.8886,6.29,15
-48.6987,-26.8872,14.16,15
-48.7001,-26.8895,13.69,15
-48.7001,-26.889,13.69,15
-48.7001,-26.8899,13.69,15
-48.6974,-26.8863,14.16,15
-48.6978,-26.886,14.16,15
-48.6974,-26.8859,14.16,15
-48.6978,-26.8865,14.16,15
-48.6979,-26.8873,6.29,15
-48.6978,-26.8869,6.29,15
-48.6979,-26.8877,6.29,15
-48.7002,-26.8911,9.47,15
-48.7002,-26.8915,9.47,15
-48.7006,-26.8905,13.69,15
-48.7001,-26.8903,13.69,15
-48.7006,-26.8909,13.69,15
-48.7002,-26.8907,13.69,15
-48.7002,-26.8924,9.47,15
-48.7006,-26.8921,9.47,15
-48.7002,-26.892,9.47,15
-48.7002,-26.8928,9.47,15
-48.7007,-26.8926,9.47,15
-48.7006,-26.8913,9.47,15
-48.7006,-26.8917,9.47,15
-48.6987,-26.8868,14.16,15
-48.6983,-26.8866,11.536666666666667,15
-48.7113,-26.8961,14.63,15
-48.7113,-26.8965,14.63,15
-48.7112,-26.8952,14.63,15
-48.7112,-26.8957,14.63,15
-48.7113,-26.8973,14.63,15
-48.7113,-26.8969,14.63,15
-48.7113,-26.8977,14.63,15
-48.7114,-26.899,14.63,15
-48.7114,-26.8994,14.63,15
-48.7113,-26.8982,14.63,15
-48.7113,-26.8986,14.63,15
-48.7114,-26.9003,14.63,15
-48.7114,-26.8998,14.63,15
-48.7114,-26.9007,14.63,15
-48.7199,-26.893,17.79,15
-48.7195,-26.8937,17.79,15
-48.7199,-26.8934,17.79,15
-48.7107,-26.8934,14.63,15
-48.7112,-26.8932,14.63,15
-48.7107,-26.893,14.63,15
-48.7107,-26.8938,14.63,15
-48.7112,-26.8936,14.63,15
-48.7111,-26.8923,14.63,15
-48.7111,-26.8927,14.63,15
-48.7112,-26.8944,14.63,15
-48.7108,-26.8942,14.63,15
-48.7112,-26.894,14.63,15
-48.7112,-26.8948,14.63,15
-48.7007,-26.8934,13.69,15
-48.7002,-26.8932,9.47,15
-48.7007,-26.893,9.47,15
-48.7007,-26.8938,13.69,15
-48.7003,-26.8936,13.69,15
-48.67,-26.9018,5.36,15
-48.6695,-26.9016,5.36,15
-48.6691,-26.901,5.36,15
-48.6695,-26.9012,5.36,15
-48.6704,-26.902,5.36,15
-48.6709,-26.9026,7.52,15
-48.6704,-26.9024,6.53,15
-48.6565,-26.9037,5.43,15
-48.6569,-26.9035,5.43,15
-48.656,-26.904,5.43,15
-48.69,-26.8874,11.92,15
-48.69,-26.8878,11.92,15
-48.6895,-26.8872,11.92,15
-48.6896,-26.8876,11.92,15
-48.6895,-26.8868,11.92,15
-48.6896,-26.8884,11.92,15
-48.69,-26.8882,11.92,15
-48.6896,-26.888,11.92,15
-48.6896,-26.8889,11.92,15
-48.69,-26.8886,11.92,15
-48.6901,-26.8903,11.92,15
-48.6901,-26.8907,11.92,15
-48.6896,-26.8901,11.92,15
-48.6901,-26.8895,11.92,15
-48.6896,-26.8893,11.92,15
-48.69,-26.889,11.92,15
-48.6901,-26.8899,11.92,15
-48.6896,-26.8897,11.92,15
-48.6901,-26.8911,11.92,15
-48.6901,-26.8916,11.92,15
-48.6942,-26.8838,16.69,15
-48.6938,-26.8836,16.69,15
-48.6959,-26.8816,8.38,15
-48.6955,-26.8814,8.38,15
-48.6955,-26.8822,8.38,15
-48.6959,-26.882,8.38,15
-48.6955,-26.8818,8.38,15
-48.6955,-26.8826,8.38,15
-48.6959,-26.8824,8.38,15
-48.6951,-26.8841,16.69,15
-48.6956,-26.8839,8.38,15
-48.6947,-26.8839,16.69,15
-48.6951,-26.8845,14.16,15
-48.6956,-26.8843,12.233333333333334,15
-48.696,-26.8832,8.38,15
-48.6955,-26.8831,8.38,15
-48.696,-26.8828,8.38,15
-48.696,-26.8837,8.38,15
-48.6955,-26.8835,8.38,15
-48.6965,-26.8851,14.16,15
-48.6969,-26.8857,14.16,15
-48.6965,-26.8855,14.16,15
-48.696,-26.8849,14.16,15
-48.6956,-26.8847,14.16,15
-48.6807,-26.9214,5.75,15
-48.6811,-26.9212,5.75,15
-48.6807,-26.9219,5.75,15
-48.6953,-26.9142,18.66,15
-48.6957,-26.914,18.66,15
-48.6948,-26.9141,18.66,15
-48.6953,-26.9138,18.66,15
-48.6931,-26.915,5.2,15
-48.6936,-26.9148,5.2,15
-48.6931,-26.9146,5.2,15
-48.6931,-26.9154,5.2,15
-48.6936,-26.9152,5.2,15
-48.6944,-26.9139,18.66,15
-48.6935,-26.9139,5.2,15
-48.694,-26.9137,18.66,15
-48.6935,-26.9143,5.2,15
-48.6936,-26.9156,5.2,15
-48.6922,-26.913,16.1525,15
-48.6917,-26.9128,16.1525,15
-48.6926,-26.9132,16.1525,15
-48.6909,-26.9128,18.66,15
-48.6913,-26.9126,16.1525,15
-48.6904,-26.9127,18.66,15
-48.6909,-26.9124,16.1525,15
-48.6931,-26.9138,5.2,15
-48.6931,-26.9142,5.2,15
-48.6772,-26.9212,6.83,15
-48.6776,-26.921,6.83,15
-48.6772,-26.9208,6.83,15
-48.6772,-26.9217,6.83,15
-48.6776,-26.9214,6.83,15
-48.6776,-26.9202,6.83,15
-48.6776,-26.9206,6.83,15
-48.6807,-26.921,5.75,15
-48.6771,-26.92,6.83,15
-48.6771,-26.9204,6.83,15
-48.6775,-26.9193,6.83,15
-48.6771,-26.9192,6.83,15
-48.6775,-26.9189,6.83,15
-48.6776,-26.9198,6.83,15
-48.6771,-26.9196,6.83,15
-48.6807,-26.9223,5.75,15
-48.6807,-26.9227,5.75,15
-48.6807,-26.9231,5.75,15
-48.6774,-26.9143,14.45,15
-48.6774,-26.9147,14.45,15
-48.7159,-26.9037,17.96,15
-48.7163,-26.9027,17.96,15
-48.7167,-26.9024,17.96,15
-48.7163,-26.9031,17.96,15
-48.7155,-26.9044,17.96,15
-48.7159,-26.9041,17.96,15
-48.7155,-26.9048,17.96,15
-48.7163,-26.9035,17.96,15
-48.7134,-26.9089,51.82,15
-48.7135,-26.9093,51.82,15
-48.7139,-26.9083,51.82,15
-48.7138,-26.9078,51.82,15
-48.7139,-26.9087,51.82,15
-48.7147,-26.9061,51.82,15
-48.7142,-26.9068,51.82,15
-48.7147,-26.9065,51.82,15
-48.7151,-26.9055,34.89,15
-48.7151,-26.905,17.96,15
-48.7151,-26.9059,51.82,15
-48.7146,-26.9057,51.82,15
-48.7143,-26.9072,51.82,15
-48.7143,-26.9076,51.82,15
-48.7003,-26.9089,14.742,15
-48.7008,-26.9087,14.742,15
-48.7003,-26.9085,14.742,15
-48.7004,-26.9093,14.742,15
-48.7008,-26.9091,14.742,15
-48.7008,-26.9082,14.742,15
-48.7003,-26.9076,14.742,15
-48.7003,-26.9081,14.742,15
-48.7008,-26.9099,14.9925,15
-48.7004,-26.9097,14.9925,15
-48.7008,-26.9095,14.9925,15
-48.7008,-26.9103,14.9925,15
-48.7004,-26.9102,14.9925,15
-48.6942,-26.9093,12.645,15
-48.6938,-26.9091,17.09,15
-48.6942,-26.9089,17.09,15
-48.6947,-26.9095,8.2,15
-48.6938,-26.9095,12.645,15
-48.6929,-26.9096,8.2,15
-48.6934,-26.9093,8.2,15
-48.6925,-26.9094,8.2,15
-48.6938,-26.9083,17.09,15
-48.6942,-26.908,17.09,15
-48.6938,-26.9079,17.09,15
-48.6938,-26.9087,17.09,15
-48.6942,-26.9085,17.09,15
-48.6951,-26.9092,8.2,15
-48.6938,-26.9099,17.09,15
-48.6979,-26.9149,18.66,15
-48.6975,-26.9147,18.66,15
-48.6966,-26.9144,18.66,15
-48.6962,-26.9142,18.66,15
-48.697,-26.9145,18.66,15
-48.7004,-26.9118,17.935,15
-48.7009,-26.9116,17.935,15
-48.7004,-26.9114,14.9925,15
-48.7005,-26.9122,17.935,15
-48.7009,-26.912,17.935,15
-48.7008,-26.9108,14.9925,15
-48.7009,-26.9112,14.9925,15
-48.7004,-26.9106,14.9925,15
-48.7004,-26.911,14.9925,15
-48.7009,-26.9128,17.935,15
-48.7005,-26.9127,17.935,15
-48.7009,-26.9124,17.935,15
-48.7009,-26.9133,17.935,15
-48.7005,-26.9131,17.935,15
-48.6948,-26.9136,18.66,15
-48.6935,-26.9131,13.645,15
-48.6931,-26.9129,13.645,15
-48.6935,-26.9135,13.962,15
-48.6939,-26.9133,13.645,15
-48.6931,-26.9133,16.1525,15
-48.7001,-26.9031,17.88,15
-48.7001,-26.9026,17.88,15
-48.7002,-26.9035,17.88,15
-48.7001,-26.9018,17.88,15
-48.7001,-26.9022,17.88,15
-48.7002,-26.9039,17.88,15
-48.7002,-26.9043,17.88,15
-48.7002,-26.906,14.742,15
-48.7002,-26.9056,14.742,15
-48.7003,-26.9064,14.742,15
-48.7002,-26.9047,14.742,15
-48.7002,-26.9051,14.742,15
-48.7003,-26.9068,14.742,15
-48.7003,-26.9072,14.742,15
-48.7098,-26.9185,51.82,15
-48.7094,-26.9184,51.82,15
-48.7098,-26.9181,51.82,15
-48.7094,-26.9188,51.82,15
-48.7102,-26.9175,51.82,15
-48.7098,-26.9177,51.82,15
-48.709,-26.9194,51.82,15
-48.7094,-26.9192,51.82,15
-48.709,-26.9199,51.82,15
-48.7068,-26.9177,10.75,15
-48.7063,-26.9175,10.75,15
-48.7054,-26.9172,10.75,15
-48.705,-26.917,10.75,15
-48.7059,-26.9173,10.75,15
-48.7076,-26.9181,10.75,15
-48.7072,-26.9179,10.75,15
-48.7081,-26.9178,10.75,15
-48.7076,-26.9176,10.75,15
-48.711,-26.9145,51.82,15
-48.711,-26.9149,51.82,15
-48.7102,-26.9166,51.82,15
-48.7106,-26.9164,51.82,15
-48.7102,-26.9171,51.82,15
-48.7106,-26.9156,51.82,15
-48.711,-26.9153,51.82,15
-48.7106,-26.916,51.82,15
-48.709,-26.9203,51.82,15
-48.7086,-26.9205,51.82,15
-48.7126,-26.911,51.82,15
-48.7131,-26.9108,51.82,15
-48.7126,-26.9106,51.82,15
-48.7127,-26.9115,51.82,15
-48.713,-26.91,51.82,15
-48.7135,-26.9097,51.82,15
-48.7131,-26.9104,51.82,15
-48.7122,-26.9117,51.82,15
-48.7122,-26.9121,51.82,15
-48.7114,-26.9138,51.82,15
-48.7119,-26.9136,51.82,15
-48.7114,-26.9143,51.82,15
-48.7118,-26.9128,51.82,15
-48.7123,-26.9125,51.82,15
-48.7118,-26.9132,51.82,15
-48.7037,-26.9164,10.75,15
-48.7023,-26.9163,10.75,15
-48.7019,-26.9161,10.75,15
-48.7041,-26.917,10.75,15
-48.7045,-26.9168,10.75,15
-48.7037,-26.9168,10.75,15
-48.7041,-26.9166,10.75,15
-48.7032,-26.9167,10.75,15
-48.7028,-26.9165,10.75,15
-48.7005,-26.9135,17.935,15
-48.6642,-26.9139,8.58,15
-48.6638,-26.9137,8.58,15
-48.6642,-26.9135,8.58,15
-48.6633,-26.9131,8.58,15
-48.6629,-26.9129,8.58,15
-48.6638,-26.9133,8.58,15
-48.6647,-26.9141,8.58,15
-48.6612,-26.913,8.625,15
-48.6616,-26.912,4.27,15
-48.6611,-26.9118,4.27,15
-48.6616,-26.9124,4.27,15
-48.662,-26.9122,8.58,15
-48.6607,-26.9116,4.27,15
-48.6607,-26.9137,8.625,15
-48.6612,-26.9135,8.625,15
-48.6608,-26.9141,8.625,15
-48.6616,-26.9128,8.625,15
-48.662,-26.9126,4.27,15
-48.6629,-26.9125,8.58,15
-48.6624,-26.9123,8.58,15
-48.6595,-26.9157,11.99,15
-48.6599,-26.9154,10.33,15
-48.6591,-26.9159,11.99,15
-48.6603,-26.9148,8.625,15
-48.6603,-26.9144,8.625,15
-48.6599,-26.915,10.33,15
-48.6714,-26.9065,9.33,15
-48.6719,-26.9063,9.33,15
-48.6718,-26.9051,8.51,15
-48.6718,-26.9055,8.51,15
-48.6719,-26.9071,7.61,15
-48.6719,-26.9067,9.33,15
-48.6719,-26.9076,7.61,15
-48.6714,-26.9049,8.51,15
-48.6719,-26.9088,7.61,15
-48.672,-26.9092,7.61,15
-48.6719,-26.908,7.61,15
-48.6719,-26.9084,7.61,15
-48.672,-26.9096,7.61,15
-48.6614,-26.9061,9.3,15
-48.6609,-26.9059,9.3,15
-48.6614,-26.9065,9.3,15
-48.6618,-26.9063,9.3,15
-48.6605,-26.9058,9.3,15
-48.66,-26.9056,9.3,15
-48.6623,-26.9069,3.05,15
-48.6635,-26.9058,3.05,15
-48.6631,-26.906,3.05,15
-48.6627,-26.9067,3.05,15
-48.6631,-26.9064,3.05,15
-48.6587,-26.9046,10.3,15
-48.6582,-26.9044,10.3,15
-48.6566,-26.9066,4.69,15
-48.6561,-26.9065,4.69,15
-48.6596,-26.905,9.3,15
-48.6591,-26.9048,9.3,15
-48.6596,-26.9054,9.3,15
-48.66,-26.9052,9.3,15
-48.6602,-26.9102,5.28,15
-48.6593,-26.9098,5.28,15
-48.6589,-26.9096,5.28,15
-48.6593,-26.9094,5.28,15
-48.6597,-26.91,5.28,15
-48.6598,-26.9104,5.28,15
-48.6588,-26.9092,5.28,15
-48.6584,-26.909,5.28,15
-48.6773,-26.9122,9.5075,15
-48.6773,-26.9127,9.5075,15
-48.6769,-26.9146,14.45,15
-48.6773,-26.9135,14.45,15
-48.6773,-26.9131,14.45,15
-48.6774,-26.9139,14.45,15
-48.677,-26.9154,14.45,15
-48.6774,-26.9152,14.45,15
-48.677,-26.915,14.45,15
-48.677,-26.9158,14.45,15
-48.6774,-26.9156,14.45,15
-48.6774,-26.9164,14.45,15
-48.677,-26.9162,14.45,15
-48.6774,-26.916,14.45,15
-48.677,-26.9166,14.45,15
-48.7284,-26.8615,25.04,15
-48.7288,-26.8613,25.04,15
-48.7298,-26.865,25.04,15
-48.7303,-26.8656,25.04,15
-48.7299,-26.8654,25.04,15
-48.7304,-26.8668,25.04,15
-48.7304,-26.8672,25.04,15
-48.7303,-26.866,25.04,15
-48.7303,-26.8664,25.04,15
-48.7293,-26.8631,25.04,15
-48.7289,-26.8629,25.04,15
-48.7293,-26.8627,25.04,15
-48.7294,-26.8635,25.04,15
-48.7289,-26.8621,25.04,15
-48.7289,-26.8617,25.04,15
-48.7289,-26.8625,25.04,15
-48.7298,-26.8641,25.04,15
-48.7294,-26.864,25.04,15
-48.7298,-26.8646,25.04,15
-48.7294,-26.8644,25.04,15
-48.7304,-26.8681,25.04,15
-48.7304,-26.8677,25.04,15
-48.7304,-26.8685,25.04,15
-48.73,-26.87,25.04,15
-48.73,-26.8696,25.04,15
-48.73,-26.8704,25.04,15
-48.7304,-26.8689,25.04,15
-48.7304,-26.8693,25.04,15
-48.726,-26.879,48.59,15
-48.7256,-26.8797,48.59,15
-48.726,-26.8795,48.59,15
-48.7264,-26.8784,48.59,15
-48.7264,-26.878,48.59,15
-48.726,-26.8786,48.59,15
-48.7256,-26.8801,48.59,15
-48.7268,-26.8765,48.59,15
-48.7272,-26.8762,48.59,15
-48.7268,-26.8769,48.59,15
-48.7276,-26.8756,48.59,15
-48.7272,-26.8754,48.59,15
-48.7276,-26.8752,48.59,15
-48.7272,-26.8758,48.59,15
-48.7268,-26.8773,48.59,15
-48.7264,-26.8775,48.59,15
-48.7251,-26.8803,48.59,15
-48.7248,-26.8818,48.59,15
-48.7243,-26.8825,48.59,15
-48.7248,-26.8822,48.59,15
-48.7252,-26.8812,48.59,15
-48.7252,-26.8808,48.59,15
-48.7247,-26.8814,48.59,15
-48.728,-26.8745,48.59,15
-48.7276,-26.8747,48.59,15
-48.728,-26.8737,48.59,15
-48.7284,-26.8734,48.59,15
-48.728,-26.8741,48.59,15
-48.724,-26.884,48.59,15
-48.7239,-26.8836,48.59,15
-48.724,-26.8844,48.59,15
-48.7235,-26.8842,48.59,15
-48.7244,-26.8829,48.59,15
-48.7244,-26.8833,48.59,15
-48.7235,-26.8846,48.59,15
-48.7231,-26.8853,48.59,15
-48.7236,-26.885,48.59,15
-48.7223,-26.8874,48.59,15
-48.7219,-26.8881,48.59,15
-48.7223,-26.8878,48.59,15
-48.722,-26.8893,14.363333333333335,15
-48.722,-26.8897,15.42,15
-48.7224,-26.8887,14.363333333333335,15
-48.7219,-26.8885,48.59,15
-48.7224,-26.8883,22.92,15
-48.7224,-26.8891,14.363333333333335,15
-48.7219,-26.8889,22.92,15
-48.7227,-26.8868,48.59,15
-48.7227,-26.8864,48.59,15
-48.7228,-26.8872,22.92,15
-48.7231,-26.8857,48.59,15
-48.7232,-26.8861,48.59,15
-48.7228,-26.8876,14.363333333333335,15
-48.7228,-26.888,14.363333333333335,15
-48.6548,-26.9047,5.43,15
-48.6543,-26.9053,5.43,15
-48.6548,-26.9051,5.43,15
-48.6544,-26.9057,5.43,15
-48.6552,-26.9044,5.43,15
-48.6556,-26.9042,5.43,15
-48.6553,-26.9065,4.69,15
-48.6557,-26.9063,4.69,15
-48.6548,-26.9063,4.69,15
-48.6552,-26.9061,4.69,15
-48.6544,-26.9062,5.06,15
-48.6539,-26.906,5.43,15
-48.7112,-26.9463,5.53,15
-48.7104,-26.9476,5.53,15
-48.7104,-26.948,5.53,15
-48.7108,-26.9465,5.53,15
-48.7104,-26.9472,5.53,15
-48.7108,-26.9469,5.53,15
-48.6956,-26.9366,6.51,15
-48.696,-26.9364,6.51,15
-48.6956,-26.9362,6.51,15
-48.6978,-26.9371,6.51,15
-48.6969,-26.9367,6.51,15
-48.6965,-26.9365,6.51,15
-48.6974,-26.9369,6.51,15
-48.7253,-26.8977,12.23,15
-48.7249,-26.8975,12.23,15
-48.7253,-26.8973,12.23,15
-48.7257,-26.8979,12.23,15
-48.7266,-26.8978,12.23,15
-48.7262,-26.8981,12.23,15
-48.7175,-26.8999,17.96,15
-48.7175,-26.9003,17.96,15
-48.7218,-26.8971,9.81,15
-48.7213,-26.8969,9.81,15
-48.7222,-26.8968,9.81,15
-48.7226,-26.8966,11.02,15
-48.7209,-26.8967,9.81,15
-48.7227,-26.897,11.02,15
-48.7191,-26.8952,17.79,15
-48.7195,-26.8949,18.59,15
-48.7191,-26.8947,17.79,15
-48.7191,-26.8956,18.19,15
-48.7195,-26.8953,18.59,15
-48.7191,-26.896,18.59,15
-48.7167,-26.9016,17.96,15
-48.7171,-26.9014,17.96,15
-48.7167,-26.902,17.96,15
-48.7171,-26.9005,17.96,15
-48.7171,-26.9009,17.96,15
-48.7212,-26.8915,15.42,15
-48.7216,-26.8912,15.42,15
-48.7207,-26.8913,17.79,15
-48.7211,-26.8911,15.42,15
-48.7212,-26.8919,15.42,15
-48.7224,-26.8903,9.53,15
-48.7216,-26.8904,14.242,15
-48.722,-26.8902,14.242,15
-48.7216,-26.8908,15.42,15
-48.7203,-26.8915,17.79,15
-48.7207,-26.8905,13.66,15
-48.7211,-26.8902,13.66,15
-48.7207,-26.89,17.79,15
-48.7207,-26.8909,17.79,15
-48.7203,-26.8924,17.79,15
-48.7207,-26.8921,15.42,15
-48.7203,-26.8919,17.79,15
-48.7203,-26.8928,15.42,15
-48.7208,-26.8925,15.42,15
-48.7199,-26.8926,17.79,15
-48.7242,-26.8898,9.53,15
-48.7237,-26.8901,9.53,15
-48.7229,-26.8901,9.53,15
-48.7233,-26.8899,9.53,15
-48.7224,-26.8899,9.53,15
-48.7248,-26.8971,12.23,15
-48.7244,-26.8969,11.02,15
-48.7235,-26.8966,11.02,15
-48.7235,-26.897,11.02,15
-48.724,-26.8967,11.02,15
-48.7231,-26.8968,11.02,15
-48.7199,-26.8943,18.59,15
-48.7195,-26.8941,17.79,15
-48.7199,-26.8939,18.59,15
-48.7195,-26.8945,18.19,15
-48.7203,-26.8932,15.42,15
-48.7204,-26.8936,18.59,15
-48.6469,-26.9192,12.33,15
-48.647,-26.9196,12.33,15
-48.6474,-26.9206,12.33,15
-48.6456,-26.9182,12.33,15
-48.6452,-26.918,12.33,15
-48.646,-26.9184,12.33,15
-48.6447,-26.9178,12.33,15
-48.6443,-26.9177,12.33,15
-48.6465,-26.919,12.33,15
-48.6469,-26.9188,12.33,15
-48.6465,-26.9186,12.33,15
-48.647,-26.92,12.33,15
-48.647,-26.9204,12.33,15
-48.647,-26.9208,12.33,15
-48.6434,-26.9165,12.33,15
-48.6429,-26.9163,12.33,15
-48.6438,-26.9171,12.33,15
-48.6434,-26.9169,12.33,15
-48.6438,-26.9175,12.33,15
-48.6316,-26.9557,3.54,15
-48.6312,-26.9559,3.54,15
-48.6303,-26.956,3.54,15
-48.6307,-26.9557,3.54,15
-48.6298,-26.9558,3.54,15
-48.7689,-26.9978,12.68,14
-48.7685,-26.9976,12.68,14
-48.7685,-26.998,12.68,14
-48.7689,-26.9969,12.68,14
-48.7689,-26.9974,12.68,14
-48.7664,-27.0013,12.68,14
-48.7677,-26.9997,12.68,14
-48.7681,-26.9995,12.68,14
-48.7677,-27.0001,12.68,14
-48.7673,-27.0,12.68,14
-48.7685,-26.9988,12.68,14
-48.7681,-26.9987,12.68,14
-48.7685,-26.9984,12.68,14
-48.7681,-26.9991,12.68,14
-48.7668,-27.0006,12.68,14
-48.7673,-27.0004,12.68,14
-48.7669,-27.001,12.68,14
-48.8464,-27.0392,4.35,14
-48.8468,-27.0389,4.35,14
-48.8464,-27.0396,4.35,14
-48.8472,-27.0383,4.35,14
-48.8476,-27.038,4.35,14
-48.8468,-27.0385,4.35,14
-48.6887,-26.9,13.86,14
-48.6887,-26.9004,13.86,14
-48.6887,-26.9017,13.86,14
-48.6887,-26.9021,12.955,14
-48.6887,-26.9008,13.86,14
-48.6887,-26.9013,13.86,14
-48.6817,-26.9009,13.69,14
-48.6826,-26.9004,4.58,14
-48.6821,-26.9002,4.58,14
-48.6826,-26.9,4.58,14
-48.6826,-26.9008,9.135,14
-48.683,-26.9006,13.69,14
-48.6821,-26.9006,9.135,14
-48.6808,-26.9009,13.69,14
-48.6804,-26.9007,13.69,14
-48.6813,-26.9007,13.69,14
-48.6826,-26.9012,4.58,14
-48.6852,-26.9011,13.69,14
-48.6848,-26.9009,13.69,14
-48.6839,-26.9005,13.69,14
-48.6839,-26.9009,13.69,14
-48.6843,-26.9007,13.69,14
-48.6835,-26.9008,13.69,14
-48.6888,-26.9029,13.86,14
-48.6888,-26.9025,13.86,14
-48.6888,-26.9034,13.86,14
-48.6888,-26.9038,13.86,14
-48.6888,-26.9042,13.86,14
-48.6907,-26.8967,12.86,14
-48.6903,-26.8966,12.86,14
-48.6908,-26.8972,12.86,14
-48.6908,-26.8976,12.86,14
-48.6903,-26.897,12.86,14
-48.6903,-26.8974,12.86,14
-48.6908,-26.8993,12.86,14
-48.6904,-26.8991,12.86,14
-48.6908,-26.8988,12.86,14
-48.6908,-26.8997,12.86,14
-48.6904,-26.8995,12.86,14
-48.6904,-26.8982,12.86,14
-48.6908,-26.898,12.86,14
-48.6903,-26.8978,12.86,14
-48.6904,-26.8987,12.86,14
-48.6908,-26.8984,12.86,14
-48.6909,-26.9001,12.86,14
-48.6904,-26.8999,12.86,14
-48.6904,-26.9003,12.86,14
-48.6774,-26.9016,14.6,14
-48.6774,-26.902,14.6,14
-48.6778,-26.9009,14.6,14
-48.6778,-26.9013,14.6,14
-48.6774,-26.9011,14.6,14
-48.6775,-26.9045,10.8725,14
-48.6775,-26.9049,10.8725,14
-48.6778,-26.9026,14.6,14
-48.6774,-26.9024,14.6,14
-48.6779,-26.903,14.6,14
-48.6778,-26.9017,14.6,14
-48.6778,-26.9022,14.6,14
-48.6779,-26.9038,14.6,14
-48.6779,-26.9034,14.6,14
-48.6779,-26.9043,14.6,14
-48.6709,-26.903,8.84,14
-48.6713,-26.9036,8.84,14
-48.6709,-26.9034,8.84,14
-48.6713,-26.904,8.84,14
-48.6881,-26.9097,14.11,14
-48.6886,-26.9094,14.11,14
-48.6877,-26.9095,14.11,14
-48.6868,-26.9095,14.11,14
-48.6873,-26.9097,14.11,14
-48.6864,-26.9098,14.11,14
-48.6899,-26.9096,14.11,14
-48.689,-26.9096,14.11,14
-48.6894,-26.9094,14.11,14
-48.6916,-26.9095,14.11,14
-48.6859,-26.9096,14.11,14
-48.6921,-26.9096,14.11,14
-48.6921,-26.9105,4.7,14
-48.6912,-26.9097,14.11,14
-48.6903,-26.9097,14.11,14
-48.6908,-26.9095,14.11,14
-48.6925,-26.9106,4.7,14
-48.6904,-26.9122,10.29,14
-48.69,-26.9121,10.29,14
-48.6945,-26.9032,6.83,14
-48.6944,-26.9024,6.83,14
-48.6945,-26.9028,6.83,14
-48.694,-26.9022,12.05,14
-48.6931,-26.9022,12.05,14
-48.6936,-26.902,12.05,14
-48.6909,-26.9022,12.05,14
-48.6905,-26.902,12.86,14
-48.6914,-26.9024,12.05,14
-48.6905,-26.9024,12.455,14
-48.6922,-26.901,8.26,14
-48.6922,-26.9015,8.26,14
-48.6896,-26.902,12.05,14
-48.6901,-26.9022,12.05,14
-48.6892,-26.9023,12.05,14
-48.6905,-26.9012,12.86,14
-48.6904,-26.9007,12.86,14
-48.6905,-26.9016,12.86,14
-48.6923,-26.9023,10.155,14
-48.6927,-26.9021,12.05,14
-48.6918,-26.9021,12.05,14
-48.6922,-26.9019,8.26,14
-48.6923,-26.9027,8.26,14
-48.6922,-26.9002,8.26,14
-48.6922,-26.9006,8.26,14
-48.6944,-26.9015,6.83,14
-48.6944,-26.9011,6.83,14
-48.6944,-26.902,9.44,14
-48.6776,-26.9087,10.855,14
-48.6776,-26.9082,10.855,14
-48.6776,-26.9091,11.136666666666665,14
-48.6794,-26.9102,9.86,14
-48.6798,-26.91,9.86,14
-48.679,-26.91,9.86,14
-48.6776,-26.9095,11.645,14
-48.6781,-26.9101,9.86,14
-48.6777,-26.9099,11.645,14
-48.6776,-26.9074,10.722,14
-48.6776,-26.9078,10.722,14
-48.6775,-26.9057,10.722,14
-48.6775,-26.9053,10.722,14
-48.6775,-26.9062,10.722,14
-48.6779,-26.9047,10.8725,14
-48.6779,-26.9051,10.722,14
-48.6775,-26.9066,10.722,14
-48.6776,-26.907,10.722,14
-48.6773,-26.9114,11.645,14
-48.6773,-26.9118,11.645,14
-48.6785,-26.9103,9.86,14
-48.6807,-26.9099,9.86,14
-48.6803,-26.9102,9.86,14
-48.6759,-26.9104,7.65,14
-48.6755,-26.9103,7.65,14
-48.6759,-26.9109,7.65,14
-48.6764,-26.9106,7.65,14
-48.6755,-26.9107,7.65,14
-48.6772,-26.9093,11.645,14
-48.6772,-26.9097,11.645,14
-48.6746,-26.9103,7.65,14
-48.6742,-26.9101,7.65,14
-48.6751,-26.9105,7.65,14
-48.6764,-26.911,7.65,14
-48.6772,-26.9106,11.645,14
-48.6777,-26.9103,11.05,14
-48.6772,-26.9102,11.05,14
-48.6773,-26.911,10.313333333333333,14
-48.6768,-26.9108,7.65,14
-48.7001,-26.8882,15.39,14
-48.7001,-26.8886,15.39,14
-48.7005,-26.888,8.29,14
-48.7009,-26.8877,8.29,14
-48.7001,-26.8878,9.71,14
-48.6992,-26.8874,11.43,14
-48.6987,-26.8872,12.08,14
-48.6992,-26.887,11.43,14
-48.6996,-26.8876,11.43,14
-48.7001,-26.8895,15.39,14
-48.7001,-26.889,15.39,14
-48.7001,-26.8899,15.39,14
-48.6974,-26.8863,12.73,14
-48.6978,-26.886,12.73,14
-48.6974,-26.8859,12.73,14
-48.6978,-26.8865,12.73,14
-48.7002,-26.8911,15.39,14
-48.7002,-26.8915,15.39,14
-48.7006,-26.8905,15.39,14
-48.7001,-26.8903,15.39,14
-48.7006,-26.8909,15.39,14
-48.7002,-26.8907,15.39,14
-48.7002,-26.8924,15.39,14
-48.7006,-26.8921,15.39,14
-48.7002,-26.892,15.39,14
-48.7002,-26.8928,15.39,14
-48.7007,-26.8926,15.39,14
-48.7006,-26.8913,15.39,14
-48.7006,-26.8917,15.39,14
-48.7056,-26.883,4.45,14
-48.7056,-26.8835,4.45,14
-48.7051,-26.8833,4.45,14
-48.7003,-26.8817,10.06,14
-48.7003,-26.8813,10.06,14
-48.7003,-26.8821,10.06,14
-48.7003,-26.8834,10.06,14
-48.7003,-26.8825,10.06,14
-48.7003,-26.883,10.06,14
-48.7031,-26.8882,9.12,14
-48.7027,-26.888,7.243333333333333,14
-48.7018,-26.8881,8.29,14
-48.7022,-26.8879,8.29,14
-48.7014,-26.8879,8.29,14
-48.7056,-26.8851,4.45,14
-48.7056,-26.8847,4.45,14
-48.7057,-26.8856,4.45,14
-48.7052,-26.8841,4.45,14
-48.7056,-26.8839,4.45,14
-48.7052,-26.8837,4.45,14
-48.7052,-26.8845,4.45,14
-48.7056,-26.8843,4.45,14
-48.6987,-26.8868,12.08,14
-48.6983,-26.8866,12.08,14
-48.715,-26.8914,22.77,14
-48.7159,-26.8914,22.77,14
-48.7163,-26.8912,22.77,14
-48.7155,-26.8912,22.77,14
-48.7137,-26.8913,22.77,14
-48.7146,-26.8913,22.77,14
-48.7141,-26.8911,22.77,14
-48.7181,-26.891,22.77,14
-48.7185,-26.8908,22.77,14
-48.7194,-26.8908,22.77,14
-48.7198,-26.8905,22.77,14
-48.7189,-26.8906,22.77,14
-48.7172,-26.8911,22.77,14
-48.7176,-26.8909,22.77,14
-48.7168,-26.8913,22.77,14
-48.7119,-26.8906,22.77,14
-48.7115,-26.8904,22.77,14
-48.7124,-26.8908,22.77,14
-48.7115,-26.8908,22.77,14
-48.7111,-26.8902,22.77,14
-48.7111,-26.8906,22.77,14
-48.7133,-26.8911,22.77,14
-48.7137,-26.8909,22.77,14
-48.7128,-26.891,22.77,14
-48.7007,-26.8934,15.39,14
-48.7002,-26.8932,15.39,14
-48.7007,-26.893,15.39,14
-48.7007,-26.8938,15.39,14
-48.7003,-26.8936,15.39,14
-48.6669,-26.9035,4.59,14
-48.667,-26.9039,4.59,14
-48.6669,-26.9026,4.59,14
-48.6674,-26.9032,4.59,14
-48.6669,-26.9031,4.59,14
-48.6674,-26.9045,4.59,14
-48.667,-26.9043,4.59,14
-48.6674,-26.9049,4.59,14
-48.6674,-26.9037,4.59,14
-48.6674,-26.9041,4.59,14
-48.67,-26.9018,8.84,14
-48.6695,-26.9016,8.84,14
-48.6691,-26.901,8.84,14
-48.6695,-26.9012,8.84,14
-48.6704,-26.902,8.84,14
-48.6709,-26.9026,8.84,14
-48.6704,-26.9024,8.84,14
-48.6626,-26.9038,12.48,14
-48.663,-26.9035,12.48,14
-48.6586,-26.9034,13.88,14
-48.6582,-26.9032,13.88,14
-48.6565,-26.9037,4.87,14
-48.6569,-26.9035,4.87,14
-48.656,-26.904,4.87,14
-48.6951,-26.8845,12.73,14
-48.6956,-26.8843,12.73,14
-48.6965,-26.8851,12.73,14
-48.6969,-26.8857,12.73,14
-48.6965,-26.8855,12.73,14
-48.696,-26.8849,12.73,14
-48.6956,-26.8847,12.73,14
-48.6787,-26.8885,5.76,14
-48.6795,-26.8876,5.76,14
-48.6783,-26.8892,5.76,14
-48.6787,-26.8889,5.76,14
-48.6791,-26.8883,5.76,14
-48.6795,-26.888,5.76,14
-48.6778,-26.8894,5.76,14
-48.6804,-26.8876,5.76,14
-48.6799,-26.8874,5.76,14
-48.68,-26.8878,5.76,14
-48.6774,-26.8901,5.76,14
-48.6778,-26.8898,5.76,14
-48.6953,-26.9142,17.15,14
-48.6957,-26.914,17.15,14
-48.6948,-26.9141,17.15,14
-48.6953,-26.9138,17.15,14
-48.6944,-26.9139,17.15,14
-48.694,-26.9137,17.15,14
-48.6922,-26.913,13.72,14
-48.6917,-26.9128,13.72,14
-48.6926,-26.9132,13.72,14
-48.6909,-26.9128,17.15,14
-48.6913,-26.9126,13.72,14
-48.6909,-26.9124,13.72,14
-48.6772,-26.9212,5.07,14
-48.6776,-26.921,5.07,14
-48.6772,-26.9208,5.07,14
-48.6772,-26.9217,5.07,14
-48.6776,-26.9214,5.07,14
-48.6776,-26.9202,5.07,14
-48.6776,-26.9206,5.07,14
-48.6771,-26.92,5.07,14
-48.6771,-26.9204,5.07,14
-48.6775,-26.9193,5.07,14
-48.6771,-26.9192,5.07,14
-48.6775,-26.9189,5.07,14
-48.6776,-26.9198,5.07,14
-48.6771,-26.9196,5.07,14
-48.6773,-26.9242,5.27,14
-48.6777,-26.9239,5.27,14
-48.679,-26.9241,5.27,14
-48.6781,-26.9241,5.27,14
-48.6786,-26.9239,5.27,14
-48.6853,-26.9287,10.67,14
-48.6857,-26.9293,10.67,14
-48.6853,-26.9291,10.67,14
-48.6848,-26.9285,10.67,14
-48.6844,-26.9283,10.67,14
-48.6862,-26.9299,10.67,14
-48.6862,-26.9295,10.67,14
-48.6862,-26.9303,10.67,14
-48.6867,-26.9301,10.67,14
-48.6867,-26.9309,10.67,14
-48.6867,-26.9305,10.67,14
-48.7154,-26.9036,45.36,14
-48.7159,-26.9033,45.36,14
-48.7155,-26.904,45.36,14
-48.7158,-26.9025,45.36,14
-48.7163,-26.9022,45.36,14
-48.7159,-26.9029,45.36,14
-48.7155,-26.9044,45.36,14
-48.715,-26.9046,45.36,14
-48.7138,-26.9074,45.36,14
-48.7134,-26.9089,46.46666666666667,14
-48.713,-26.9096,45.36,14
-48.7135,-26.9093,46.46666666666667,14
-48.7139,-26.9083,46.46666666666667,14
-48.7138,-26.9078,46.46666666666667,14
-48.7139,-26.9087,48.68,14
-48.7134,-26.9085,45.36,14
-48.7147,-26.9061,46.46666666666667,14
-48.7142,-26.9068,46.46666666666667,14
-48.7147,-26.9065,46.46666666666667,14
-48.7151,-26.9055,46.46666666666667,14
-48.7151,-26.905,45.36,14
-48.7151,-26.9059,48.68,14
-48.7146,-26.9057,46.46666666666667,14
-48.7143,-26.9072,46.46666666666667,14
-48.7143,-26.9076,46.46666666666667,14
-48.6964,-26.9094,6.73,14
-48.7003,-26.9089,14.876,14
-48.7008,-26.9087,14.876,14
-48.7003,-26.9085,14.876,14
-48.7004,-26.9093,14.876,14
-48.7008,-26.9091,14.876,14
-48.7008,-26.9082,14.876,14
-48.7003,-26.9076,14.876,14
-48.7003,-26.9081,14.876,14
-48.7008,-26.9099,15.223333333333334,14
-48.7004,-26.9097,15.223333333333334,14
-48.7008,-26.9095,15.223333333333334,14
-48.7008,-26.9103,15.223333333333334,14
-48.7004,-26.9102,15.223333333333334,14
-48.6942,-26.9093,8.84,14
-48.6938,-26.9091,10.95,14
-48.6947,-26.9095,6.73,14
-48.6938,-26.9095,10.596666666666666,14
-48.6929,-26.9096,14.11,14
-48.6934,-26.9093,14.11,14
-48.6925,-26.9094,14.11,14
-48.6956,-26.9094,6.73,14
-48.6951,-26.9092,6.73,14
-48.696,-26.9096,6.73,14
-48.6938,-26.9099,10.95,14
-48.6934,-26.9106,4.7,14
-48.6938,-26.9104,7.825,14
-48.693,-26.9104,4.7,14
-48.6979,-26.9149,17.15,14
-48.6975,-26.9147,17.15,14
-48.6966,-26.9144,17.15,14
-48.6962,-26.9142,17.15,14
-48.697,-26.9145,17.15,14
-48.7004,-26.9118,15.73,14
-48.7009,-26.9116,15.73,14
-48.7004,-26.9114,15.223333333333334,14
-48.7005,-26.9122,15.73,14
-48.7009,-26.912,15.73,14
-48.7008,-26.9108,15.223333333333334,14
-48.7009,-26.9112,15.223333333333334,14
-48.7004,-26.9106,15.223333333333334,14
-48.7004,-26.911,15.223333333333334,14
-48.7009,-26.9128,15.73,14
-48.7005,-26.9127,15.73,14
-48.7009,-26.9124,15.73,14
-48.7009,-26.9133,15.73,14
-48.7005,-26.9131,15.73,14
-48.6939,-26.912,8.7,14
-48.6939,-26.9124,8.7,14
-48.6939,-26.9112,8.7,14
-48.6939,-26.9108,10.95,14
-48.6939,-26.9116,8.7,14
-48.6948,-26.9136,17.15,14
-48.6939,-26.9129,8.7,14
-48.6931,-26.9129,10.29,14
-48.6935,-26.9135,17.15,14
-48.6939,-26.9133,8.7,14
-48.6931,-26.9133,13.72,14
-48.7001,-26.9031,12.83,14
-48.7001,-26.9026,12.83,14
-48.7002,-26.9035,12.83,14
-48.7001,-26.9018,12.83,14
-48.7001,-26.9022,12.83,14
-48.7002,-26.9039,12.83,14
-48.7002,-26.9043,12.83,14
-48.7002,-26.906,14.876,14
-48.7002,-26.9056,14.876,14
-48.7003,-26.9064,14.876,14
-48.7002,-26.9047,13.845,14
-48.7002,-26.9051,14.876,14
-48.7003,-26.9068,14.876,14
-48.7003,-26.9072,14.876,14
-48.7098,-26.9185,48.68,14
-48.7094,-26.9184,47.57,14
-48.7098,-26.9181,47.57,14
-48.7094,-26.9188,47.57,14
-48.7102,-26.9175,48.68,14
-48.7098,-26.9173,46.46,14
-48.7098,-26.9177,47.57,14
-48.709,-26.9194,47.57,14
-48.7094,-26.9192,47.57,14
-48.709,-26.9199,47.57,14
-48.711,-26.9145,47.57,14
-48.7106,-26.9152,46.46,14
-48.711,-26.9149,47.57,14
-48.7102,-26.9166,47.57,14
-48.7106,-26.9164,47.57,14
-48.7102,-26.9162,46.46,14
-48.7102,-26.9171,47.57,14
-48.7106,-26.9156,47.57,14
-48.711,-26.9153,47.57,14
-48.7106,-26.916,47.57,14
-48.7082,-26.9212,46.46,14
-48.7086,-26.9209,46.46,14
-48.7082,-26.9216,46.46,14
-48.709,-26.9203,47.57,14
-48.7086,-26.9201,46.46,14
-48.7086,-26.9205,47.57,14
-48.7126,-26.911,47.57,14
-48.7131,-26.9108,48.68,14
-48.7126,-26.9106,47.57,14
-48.7127,-26.9115,47.57,14
-48.7122,-26.9113,46.46,14
-48.713,-26.91,46.46666666666667,14
-48.7135,-26.9097,48.68,14
-48.7131,-26.9104,47.57,14
-48.7122,-26.9117,47.57,14
-48.7118,-26.9124,46.46,14
-48.7122,-26.9121,47.57,14
-48.7114,-26.9138,47.57,14
-48.7119,-26.9136,48.68,14
-48.7114,-26.9134,46.46,14
-48.7114,-26.9143,47.57,14
-48.7118,-26.9128,47.57,14
-48.7123,-26.9125,48.68,14
-48.7118,-26.9132,47.57,14
-48.7015,-26.9168,7.01,14
-48.7019,-26.9165,7.01,14
-48.701,-26.9166,7.01,14
-48.7019,-26.9157,7.01,14
-48.7019,-26.9161,7.01,14
-48.7005,-26.9135,15.73,14
-48.7014,-26.9155,7.01,14
-48.701,-26.9153,7.01,14
-48.6607,-26.9129,7.655,14
-48.6603,-26.9127,7.655,14
-48.6612,-26.913,7.655,14
-48.6598,-26.9125,7.655,14
-48.6594,-26.9123,7.655,14
-48.6697,-26.9079,13.14,14
-48.6702,-26.9077,13.14,14
-48.6693,-26.9077,12.55,14
-48.6702,-26.9081,13.14,14
-48.6693,-26.9081,12.55,14
-48.6693,-26.9073,12.55,14
-48.6702,-26.9089,13.14,14
-48.6702,-26.9085,13.14,14
-48.6702,-26.9093,13.14,14
-48.6693,-26.9086,12.55,14
-48.6693,-26.909,12.55,14
-48.6698,-26.9108,12.55,14
-48.6703,-26.9106,13.14,14
-48.6694,-26.9106,12.55,14
-48.6698,-26.9104,12.55,14
-48.6698,-26.9112,12.55,14
-48.6703,-26.911,13.14,14
-48.6694,-26.9111,12.55,14
-48.6702,-26.9098,13.14,14
-48.6702,-26.9102,13.14,14
-48.6694,-26.9098,12.55,14
-48.6698,-26.9096,12.55,14
-48.6693,-26.9094,12.55,14
-48.6694,-26.9102,12.55,14
-48.6698,-26.91,12.55,14
-48.6703,-26.9118,13.14,14
-48.6707,-26.9116,13.14,14
-48.6699,-26.9117,12.55,14
-48.6703,-26.9114,13.14,14
-48.6703,-26.9123,13.14,14
-48.6707,-26.912,13.14,14
-48.6699,-26.9121,12.55,14
-48.6576,-26.9116,7.655,14
-48.6576,-26.912,7.655,14
-48.6581,-26.9118,7.655,14
-48.6572,-26.9118,7.655,14
-48.6581,-26.913,6.82,14
-48.6577,-26.9128,6.82,14
-48.6589,-26.9121,7.655,14
-48.6585,-26.912,7.655,14
-48.6572,-26.9122,6.82,14
-48.6572,-26.9127,6.82,14
-48.6573,-26.9143,6.82,14
-48.6568,-26.9142,6.82,14
-48.6564,-26.9148,6.82,14
-48.6568,-26.9146,6.82,14
-48.6577,-26.9133,6.82,14
-48.6573,-26.9139,6.82,14
-48.6577,-26.9137,6.82,14
-48.6605,-26.9074,6.28,14
-48.6601,-26.9073,6.28,14
-48.6614,-26.9061,7.85,14
-48.6618,-26.9059,12.48,14
-48.6609,-26.9059,7.85,14
-48.6614,-26.9065,7.85,14
-48.6618,-26.9063,9.393333333333333,14
-48.6592,-26.9073,6.28,14
-48.6596,-26.9071,6.28,14
-48.6605,-26.9058,7.85,14
-48.66,-26.9056,7.85,14
-48.6614,-26.9078,9.38,14
-48.661,-26.9076,6.28,14
-48.6614,-26.907,12.48,14
-48.6618,-26.9067,12.48,14
-48.6614,-26.9074,12.48,14
-48.6601,-26.9077,6.28,14
-48.6597,-26.9075,6.28,14
-48.6622,-26.9052,12.48,14
-48.6622,-26.9048,12.48,14
-48.6622,-26.9057,13.413333333333334,14
-48.6618,-26.9055,13.88,14
-48.6626,-26.9042,12.48,14
-48.663,-26.9039,12.48,14
-48.6626,-26.9046,12.48,14
-48.6557,-26.9054,8.11,14
-48.6557,-26.9059,8.11,14
-48.6604,-26.9045,13.88,14
-48.66,-26.9043,13.88,14
-48.6591,-26.904,13.88,14
-48.6587,-26.9038,13.88,14
-48.6591,-26.9036,13.88,14
-48.6595,-26.9042,13.88,14
-48.6609,-26.9051,13.88,14
-48.6613,-26.9049,13.88,14
-48.6609,-26.9047,13.88,14
-48.6613,-26.9053,13.88,14
-48.6596,-26.905,7.85,14
-48.6591,-26.9048,7.85,14
-48.6596,-26.9054,7.85,14
-48.66,-26.9052,7.85,14
-48.6636,-26.9083,4.43,14
-48.6636,-26.9079,4.43,14
-48.6641,-26.9085,4.43,14
-48.6632,-26.9077,4.43,14
-48.6645,-26.9091,4.43,14
-48.6645,-26.9087,4.43,14
-48.6735,-26.916,10.92,14
-48.6739,-26.9162,10.92,14
-48.6731,-26.9163,10.92,14
-48.6722,-26.9163,10.92,14
-48.6726,-26.9161,10.92,14
-48.6718,-26.9161,10.92,14
-48.6773,-26.9122,11.645,14
-48.6773,-26.9127,11.645,14
-48.6773,-26.9135,11.7,14
-48.6773,-26.9131,11.7,14
-48.6766,-26.916,10.92,14
-48.6757,-26.9161,10.92,14
-48.6761,-26.9159,10.92,14
-48.677,-26.9158,10.92,14
-48.6748,-26.9162,10.92,14
-48.6752,-26.9159,10.92,14
-48.6744,-26.916,10.92,14
-48.7315,-26.8883,20.21,14
-48.7307,-26.8884,20.21,14
-48.7311,-26.8881,20.21,14
-48.7289,-26.8889,20.21,14
-48.7298,-26.8884,20.21,14
-48.7302,-26.8886,20.21,14
-48.7294,-26.8887,20.21,14
-48.7333,-26.8878,20.21,14
-48.7328,-26.888,20.21,14
-48.732,-26.8881,20.21,14
-48.7324,-26.8878,20.21,14
-48.7276,-26.8892,20.21,14
-48.7281,-26.8889,20.21,14
-48.7272,-26.889,20.21,14
-48.7285,-26.8887,20.21,14
-48.7263,-26.8891,20.21,14
-48.7263,-26.8895,15.155,14
-48.7268,-26.8892,20.21,14
-48.7259,-26.8893,15.155,14
-48.724,-26.8844,9.35,14
-48.724,-26.8848,9.35,14
-48.7236,-26.885,9.35,14
-48.722,-26.8893,8.295,14
-48.722,-26.8897,8.295,14
-48.7224,-26.8887,8.295,14
-48.7224,-26.8883,8.295,14
-48.7224,-26.8891,8.295,14
-48.7219,-26.8889,8.295,14
-48.7232,-26.8865,9.35,14
-48.7228,-26.8872,8.295,14
-48.7232,-26.887,9.35,14
-48.7236,-26.8859,9.35,14
-48.7236,-26.8855,9.35,14
-48.7232,-26.8861,9.35,14
-48.7228,-26.8876,8.295,14
-48.7228,-26.888,8.295,14
-48.7482,-26.8766,10.32,14
-48.7481,-26.8762,10.32,14
-48.7482,-26.877,10.32,14
-48.7481,-26.8753,10.32,14
-48.7481,-26.8757,10.32,14
-48.7482,-26.8774,10.32,14
-48.7482,-26.8778,10.32,14
-48.7002,-26.8805,10.06,14
-48.7003,-26.8809,10.06,14
-48.7002,-26.88,10.06,14
-48.6548,-26.9047,4.87,14
-48.6543,-26.9053,4.87,14
-48.6548,-26.9051,4.87,14
-48.6544,-26.9057,4.87,14
-48.6552,-26.9044,4.87,14
-48.6556,-26.9042,4.87,14
-48.6556,-26.905,8.11,14
-48.6553,-26.9065,8.11,14
-48.6557,-26.9063,8.11,14
-48.6552,-26.9061,8.11,14
-48.6553,-26.9069,8.11,14
-48.6544,-26.9062,4.87,14
-48.6539,-26.906,4.87,14
-48.6553,-26.9073,8.11,14
-48.697,-26.9384,46.46,14
-48.7041,-26.9306,46.46,14
-48.7046,-26.9304,46.46,14
-48.7042,-26.931,46.46,14
-48.705,-26.9297,46.46,14
-48.705,-26.9293,46.46,14
-48.7046,-26.93,46.46,14
-48.7037,-26.9313,46.46,14
-48.7033,-26.9319,46.46,14
-48.7037,-26.9317,46.46,14
-48.7054,-26.9287,46.46,14
-48.7016,-26.9333,46.46,14
-48.702,-26.9331,46.46,14
-48.7016,-26.9337,46.46,14
-48.7021,-26.9335,46.46,14
-48.7029,-26.9322,46.46,14
-48.7025,-26.9328,46.46,14
-48.7029,-26.9326,46.46,14
-48.7074,-26.9229,46.46,14
-48.7074,-26.9233,46.46,14
-48.7078,-26.9222,46.46,14
-48.7082,-26.922,46.46,14
-48.7078,-26.9226,46.46,14
-48.707,-26.924,46.46,14
-48.7074,-26.9237,46.46,14
-48.707,-26.9244,46.46,14
-48.7078,-26.9231,46.46,14
-48.705,-26.9289,46.46,14
-48.7054,-26.9278,46.46,14
-48.7058,-26.9276,46.46,14
-48.7054,-26.9282,46.46,14
-48.7058,-26.928,46.46,14
-48.7066,-26.9259,46.46,14
-48.7062,-26.9261,46.46,14
-48.7066,-26.925,46.46,14
-48.707,-26.9248,46.46,14
-48.7066,-26.9254,46.46,14
-48.7062,-26.9269,46.46,14
-48.7062,-26.9265,46.46,14
-48.7058,-26.9272,46.46,14
-48.7014,-26.9385,19.49,14
-48.7009,-26.9384,19.49,14
-48.7,-26.938,19.49,14
-48.6996,-26.9378,19.49,14
-48.7,-26.9384,19.49,14
-48.7005,-26.9382,19.49,14
-48.6996,-26.9382,19.49,14
-48.7022,-26.9389,19.49,14
-48.7018,-26.9387,19.49,14
-48.7027,-26.9387,19.49,14
-48.7022,-26.9385,19.49,14
-48.6982,-26.9368,46.46,14
-48.6987,-26.9366,46.46,14
-48.6983,-26.9373,46.46,14
-48.6978,-26.9371,46.46,14
-48.6991,-26.936,46.46,14
-48.6995,-26.9357,46.46,14
-48.6991,-26.9364,46.46,14
-48.6987,-26.9379,19.49,14
-48.6983,-26.9377,19.49,14
-48.6992,-26.938,19.49,14
-48.6974,-26.9377,46.46,14
-48.6978,-26.9375,32.975,14
-48.6974,-26.9382,46.46,14
-48.697,-26.938,46.46,14
-48.6999,-26.9351,46.46,14
-48.7004,-26.9348,46.46,14
-48.6999,-26.9355,46.46,14
-48.7008,-26.9342,46.46,14
-48.7012,-26.9339,46.46,14
-48.7008,-26.9346,46.46,14
-48.7012,-26.9344,46.46,14
-48.704,-26.9392,19.49,14
-48.7036,-26.939,19.49,14
-48.7027,-26.9391,19.49,14
-48.7031,-26.9388,19.49,14
-48.7179,-26.8988,33.35666666666666,14
-48.7179,-26.8992,9.35,14
-48.717,-26.8988,11.35,14
-48.7175,-26.8986,34.02333333333333,14
-48.7175,-26.899,34.02333333333333,14
-48.7179,-26.898,45.36,14
-48.7183,-26.8977,33.35666666666666,14
-48.7174,-26.8978,11.35,14
-48.7179,-26.8984,33.35666666666666,14
-48.7183,-26.8981,9.35,14
-48.7174,-26.8982,11.35,14
-48.7171,-26.8997,45.36,14
-48.7175,-26.8994,33.35666666666666,14
-48.7171,-26.9001,45.36,14
-48.7209,-26.8967,4.25,14
-48.7205,-26.8965,4.25,14
-48.7178,-26.8959,9.5,14
-48.7178,-26.8963,9.5,14
-48.7195,-26.8949,9.35,14
-48.7191,-26.8956,9.35,14
-48.7195,-26.8953,9.35,14
-48.7174,-26.8961,9.5,14
-48.7178,-26.895,9.5,14
-48.7178,-26.8955,9.5,14
-48.7187,-26.8971,9.35,14
-48.7187,-26.8967,9.35,14
-48.7183,-26.8973,33.35666666666666,14
-48.7196,-26.8962,4.25,14
-48.7191,-26.896,6.8,14
-48.72,-26.8964,4.25,14
-48.7191,-26.8964,9.35,14
-48.7174,-26.8969,9.5,14
-48.7174,-26.8965,9.5,14
-48.7174,-26.8974,9.5,14
-48.7167,-26.9016,45.36,14
-48.7162,-26.9014,45.36,14
-48.7163,-26.9018,45.36,14
-48.7167,-26.9008,45.36,14
-48.7171,-26.9005,45.36,14
-48.7167,-26.9012,45.36,14
-48.7212,-26.8915,9.35,14
-48.7216,-26.8912,9.35,14
-48.7211,-26.8911,9.35,14
-48.7212,-26.8919,9.35,14
-48.7224,-26.8903,15.155,14
-48.7216,-26.8904,11.725,14
-48.722,-26.8902,11.725,14
-48.7216,-26.8908,9.35,14
-48.7207,-26.8905,15.155,14
-48.7211,-26.8902,15.155,14
-48.7202,-26.8903,22.77,14
-48.7207,-26.8921,9.35,14
-48.7203,-26.8928,9.35,14
-48.7208,-26.8925,9.35,14
-48.7242,-26.8898,15.155,14
-48.7246,-26.8896,15.155,14
-48.7237,-26.8901,15.155,14
-48.7229,-26.8901,15.155,14
-48.7233,-26.8899,15.155,14
-48.7224,-26.8899,15.155,14
-48.725,-26.8898,15.155,14
-48.7255,-26.8895,15.155,14
-48.7199,-26.8943,9.35,14
-48.7199,-26.8939,9.35,14
-48.7195,-26.8945,9.35,14
-48.7203,-26.8932,9.35,14
-48.7204,-26.8936,9.35,14
-48.7482,-26.8782,10.32,14
-48.7482,-26.8787,10.32,14
-48.6399,-26.9558,7.35,14
-48.6857,-26.9017,14.17,19
-48.6857,-26.9013,14.17,19
-48.6861,-26.9018,10.695,19
-48.6874,-26.9007,10.453333333333333,19
-48.6869,-26.9005,10.453333333333333,19
-48.687,-26.901,10.453333333333333,19
-48.6874,-26.8999,13.375,19
-48.6878,-26.8997,13.375,19
-48.6873,-26.8995,13.375,19
-48.6874,-26.9003,13.375,19
-48.6883,-26.9023,7.22,19
-48.6887,-26.9021,7.22,19
-48.6879,-26.9022,7.22,19
-48.687,-26.9018,10.453333333333333,19
-48.687,-26.9014,10.453333333333333,19
-48.687,-26.9022,8.814,19
-48.6874,-26.902,7.22,19
-48.6866,-26.902,7.22,19
-48.6817,-26.9009,14.17,19
-48.6826,-26.9008,14.17,19
-48.683,-26.9006,14.17,19
-48.6821,-26.9006,14.17,19
-48.6808,-26.9009,14.17,19
-48.68,-26.901,14.17,19
-48.6804,-26.9007,14.17,19
-48.6813,-26.9007,14.17,19
-48.6852,-26.9011,14.17,19
-48.6848,-26.9009,14.17,19
-48.6839,-26.9005,14.17,19
-48.6839,-26.9009,14.17,19
-48.6843,-26.9007,14.17,19
-48.6835,-26.9008,14.17,19
-48.6866,-26.9037,10.746666666666668,19
-48.687,-26.9035,10.746666666666668,19
-48.6866,-26.9033,10.746666666666668,19
-48.687,-26.9026,10.746666666666668,19
-48.687,-26.903,10.746666666666668,19
-48.6889,-26.8931,11.88,19
-48.6877,-26.898,12.08,19
-48.6877,-26.8984,13.375,19
-48.6878,-26.8988,13.375,19
-48.6878,-26.8992,13.375,19
-48.6791,-26.901,14.17,19
-48.6795,-26.9008,14.17,19
-48.6787,-26.9009,14.17,19
-48.6791,-26.9006,14.17,19
-48.6782,-26.9007,14.17,19
-48.6709,-26.903,11.59,19
-48.6713,-26.9036,11.59,19
-48.6709,-26.9034,11.59,19
-48.6713,-26.904,11.59,19
-48.6718,-26.9046,11.59,19
-48.6714,-26.9045,11.59,19
-48.6784,-26.8938,10.43,19
-48.6793,-26.8937,10.43,19
-48.6797,-26.8935,10.43,19
-48.6788,-26.8935,10.43,19
-48.678,-26.8936,10.43,19
-48.6819,-26.8935,10.43,19
-48.6815,-26.8938,10.43,19
-48.6806,-26.8934,10.43,19
-48.681,-26.8936,10.43,19
-48.6802,-26.8936,10.43,19
-48.6881,-26.9097,10.6325,19
-48.6886,-26.9094,10.6325,19
-48.6877,-26.9095,10.6325,19
-48.6868,-26.9095,10.6325,19
-48.6873,-26.9097,10.6325,19
-48.6864,-26.9098,10.6325,19
-48.6876,-26.9082,4.64,19
-48.6899,-26.9096,10.436,19
-48.689,-26.9096,10.436,19
-48.6894,-26.9094,10.436,19
-48.6916,-26.9095,10.41,19
-48.6859,-26.9096,10.6325,19
-48.6868,-26.9083,4.64,19
-48.6885,-26.9082,4.64,19
-48.6889,-26.9079,4.64,19
-48.6881,-26.908,4.64,19
-48.6872,-26.9081,4.64,19
-48.6921,-26.9096,10.41,19
-48.6912,-26.9097,10.41,19
-48.6903,-26.9097,10.436,19
-48.6908,-26.9095,10.413333333333334,19
-48.6776,-26.9087,10.9,19
-48.6776,-26.9082,10.9,19
-48.6776,-26.9091,10.9,19
-48.6784,-26.9074,12.04,19
-48.6776,-26.9095,10.9,19
-48.6777,-26.9099,10.9,19
-48.6819,-26.9071,10.955,19
-48.6815,-26.907,10.955,19
-48.6824,-26.9073,10.955,19
-48.6806,-26.907,10.955,19
-48.6811,-26.9072,10.955,19
-48.6802,-26.9072,10.955,19
-48.6832,-26.9073,10.955,19
-48.6828,-26.9071,10.955,19
-48.6776,-26.9074,11.47,19
-48.6776,-26.9078,10.9,19
-48.6775,-26.9057,10.9,19
-48.6775,-26.9062,10.9,19
-48.6793,-26.9073,10.955,19
-48.6797,-26.9071,10.955,19
-48.6789,-26.9071,12.04,19
-48.6775,-26.9066,10.9,19
-48.678,-26.9072,12.04,19
-48.6776,-26.907,10.9,19
-48.6773,-26.9114,8.312,19
-48.6773,-26.9118,8.312,19
-48.6772,-26.9093,10.9,19
-48.6772,-26.9097,10.9,19
-48.6772,-26.9106,8.312,19
-48.6777,-26.9103,8.312,19
-48.6772,-26.9102,8.312,19
-48.6773,-26.911,8.312,19
-48.7057,-26.8881,10.25,19
-48.7057,-26.8876,10.25,19
-48.7057,-26.8868,10.25,19
-48.7057,-26.8872,10.25,19
-48.6962,-26.8891,7.38,19
-48.6957,-26.8893,7.38,19
-48.7005,-26.888,6.305,19
-48.7009,-26.8877,6.305,19
-48.7001,-26.8878,6.305,19
-48.6936,-26.8892,7.38,19
-48.694,-26.8894,7.38,19
-48.6949,-26.8894,7.38,19
-48.6953,-26.8891,7.38,19
-48.6944,-26.8892,7.38,19
-48.6974,-26.8859,9.565,19
-48.7056,-26.883,10.25,19
-48.7056,-26.8835,10.25,19
-48.7051,-26.8833,10.25,19
-48.7027,-26.888,6.305,19
-48.7018,-26.8881,6.305,19
-48.7022,-26.8879,6.305,19
-48.7014,-26.8879,6.305,19
-48.7056,-26.8851,10.25,19
-48.7056,-26.8847,10.25,19
-48.7057,-26.8856,10.25,19
-48.7052,-26.8841,10.25,19
-48.7056,-26.8839,10.25,19
-48.7052,-26.8837,10.25,19
-48.7052,-26.8845,10.25,19
-48.7056,-26.8843,10.25,19
-48.7057,-26.886,10.25,19
-48.7057,-26.8864,10.25,19
-48.715,-26.8914,16.18,19
-48.7159,-26.8914,16.18,19
-48.7163,-26.8912,16.18,19
-48.7155,-26.8912,16.18,19
-48.7146,-26.8913,16.18,19
-48.7181,-26.891,16.18,19
-48.7185,-26.8908,16.18,19
-48.7194,-26.8908,16.18,19
-48.7198,-26.8905,16.18,19
-48.7189,-26.8906,16.18,19
-48.7172,-26.8911,16.18,19
-48.7176,-26.8909,16.18,19
-48.7168,-26.8913,16.18,19
-48.669,-26.8874,9.73,19
-48.669,-26.8879,9.73,19
-48.6699,-26.8882,9.73,19
-48.6695,-26.888,9.73,19
-48.6708,-26.8886,9.73,19
-48.6704,-26.8884,9.73,19
-48.6708,-26.889,9.73,19
-48.6704,-26.8888,9.73,19
-48.6722,-26.8895,9.73,19
-48.6722,-26.89,9.73,19
-48.6717,-26.8894,9.73,19
-48.6713,-26.8892,9.73,19
-48.6717,-26.8898,9.73,19
-48.6651,-26.9019,4.51,19
-48.6638,-26.9022,4.51,19
-48.6634,-26.902,4.51,19
-48.6643,-26.902,4.51,19
-48.6647,-26.9017,4.51,19
-48.6883,-26.8883,11.88,19
-48.6883,-26.8879,11.88,19
-48.6883,-26.8887,11.88,19
-48.6883,-26.89,11.88,19
-48.6883,-26.8904,11.88,19
-48.6883,-26.8892,11.88,19
-48.6883,-26.8896,11.88,19
-48.6884,-26.8912,11.88,19
-48.6888,-26.891,11.88,19
-48.6884,-26.8908,11.88,19
-48.6884,-26.8917,11.88,19
-48.6888,-26.8914,11.88,19
-48.6884,-26.8929,11.88,19
-48.6888,-26.8923,11.88,19
-48.6884,-26.8921,11.88,19
-48.6888,-26.8918,11.88,19
-48.6889,-26.8927,11.88,19
-48.6884,-26.8925,11.88,19
-48.6901,-26.8903,5.2,19
-48.6901,-26.8907,5.2,19
-48.6896,-26.8901,5.2,19
-48.6888,-26.8902,11.88,19
-48.6888,-26.8906,11.88,19
-48.6901,-26.8895,5.2,19
-48.6896,-26.8893,5.2,19
-48.69,-26.889,5.2,19
-48.6901,-26.8899,5.2,19
-48.6896,-26.8897,5.2,19
-48.6901,-26.8911,5.2,19
-48.6942,-26.8838,12.44,19
-48.6934,-26.8838,12.44,19
-48.6938,-26.8836,12.44,19
-48.6951,-26.8841,9.565,19
-48.6947,-26.8839,12.44,19
-48.6951,-26.8845,9.565,19
-48.6956,-26.8843,9.565,19
-48.6965,-26.8851,9.565,19
-48.6969,-26.8857,9.565,19
-48.6965,-26.8855,9.565,19
-48.696,-26.8849,9.565,19
-48.6956,-26.8847,9.565,19
-48.6953,-26.9142,12.685,19
-48.6957,-26.914,12.685,19
-48.6948,-26.9141,12.685,19
-48.6953,-26.9138,12.685,19
-48.6931,-26.915,10.833333333333334,19
-48.6936,-26.9148,10.833333333333334,19
-48.6931,-26.9146,10.833333333333334,19
-48.6931,-26.9154,10.833333333333334,19
-48.6936,-26.9152,10.833333333333334,19
-48.6944,-26.9139,12.685,19
-48.6935,-26.9139,10.833333333333334,19
-48.694,-26.9137,12.685,19
-48.6935,-26.9143,10.833333333333334,19
-48.6936,-26.916,13.385,19
-48.6932,-26.9158,13.385,19
-48.6936,-26.9156,10.833333333333334,19
-48.6936,-26.9164,13.385,19
-48.6931,-26.9138,8.99,19
-48.6931,-26.9142,10.833333333333334,19
-48.6937,-26.9177,13.385,19
-48.6937,-26.9181,14.52,19
-48.6936,-26.9169,13.385,19
-48.6936,-26.9173,13.385,19
-48.6937,-26.9189,14.52,19
-48.6937,-26.9185,14.52,19
-48.6937,-26.9194,14.52,19
-48.6772,-26.9212,5.17,19
-48.6767,-26.9211,5.17,19
-48.6772,-26.9217,5.17,19
-48.6767,-26.9215,5.17,19
-48.6759,-26.9211,5.17,19
-48.6763,-26.9209,5.17,19
-48.6763,-26.9213,5.17,19
-48.6943,-26.9237,9.88,19
-48.6943,-26.9241,9.88,19
-48.6943,-26.9233,9.88,19
-48.6956,-26.9247,16.47,19
-48.6952,-26.9253,16.47,19
-48.6957,-26.9251,16.47,19
-48.6961,-26.924,16.47,19
-48.6965,-26.9238,16.47,19
-48.6961,-26.9244,16.47,19
-48.6943,-26.9245,9.88,19
-48.6943,-26.925,9.88,19
-48.6977,-26.9222,16.47,19
-48.6977,-26.9218,16.47,19
-48.6973,-26.9225,16.47,19
-48.6981,-26.9212,16.47,19
-48.6982,-26.9216,16.47,19
-48.6969,-26.9231,16.47,19
-48.6973,-26.9229,16.47,19
-48.6969,-26.9235,16.47,19
-48.6937,-26.9198,14.52,19
-48.6937,-26.9202,14.52,19
-48.6952,-26.9257,16.47,19
-48.6944,-26.9258,9.88,19
-48.6944,-26.9254,9.88,19
-48.6948,-26.926,13.175,19
-48.7159,-26.9037,19.68,19
-48.7163,-26.9027,19.68,19
-48.7167,-26.9024,19.68,19
-48.7163,-26.9031,19.68,19
-48.7155,-26.9044,19.68,19
-48.7159,-26.9041,19.68,19
-48.7155,-26.9048,19.68,19
-48.7163,-26.9035,19.68,19
-48.7151,-26.9055,19.68,19
-48.7151,-26.905,19.68,19
-48.7003,-26.9089,16.495,19
-48.7008,-26.9087,16.495,19
-48.7003,-26.9085,16.495,19
-48.7004,-26.9093,16.495,19
-48.7008,-26.9091,16.495,19
-48.7008,-26.9082,16.495,19
-48.7003,-26.9076,16.495,19
-48.7003,-26.9081,16.495,19
-48.7008,-26.9099,15.47,19
-48.7004,-26.9097,15.47,19
-48.7008,-26.9095,15.47,19
-48.7008,-26.9103,15.47,19
-48.7004,-26.9102,15.47,19
-48.6942,-26.9093,10.3,19
-48.6947,-26.9095,10.3,19
-48.6938,-26.9095,10.3,19
-48.6929,-26.9096,10.3,19
-48.6934,-26.9093,10.3,19
-48.6925,-26.9094,10.41,19
-48.6956,-26.9094,10.3,19
-48.6951,-26.9092,10.3,19
-48.6979,-26.9149,12.685,19
-48.6975,-26.9147,12.685,19
-48.6966,-26.9144,12.685,19
-48.6962,-26.9142,12.685,19
-48.697,-26.9145,12.685,19
-48.7004,-26.9118,15.47,19
-48.7009,-26.9116,15.47,19
-48.7004,-26.9114,15.47,19
-48.7005,-26.9122,15.47,19
-48.7009,-26.912,15.47,19
-48.7008,-26.9108,15.47,19
-48.7009,-26.9112,15.47,19
-48.7004,-26.9106,15.47,19
-48.7004,-26.911,15.47,19
-48.7009,-26.9128,15.47,19
-48.7005,-26.9127,15.47,19
-48.7009,-26.9124,15.47,19
-48.7009,-26.9133,15.47,19
-48.7005,-26.9131,15.47,19
-48.6948,-26.9136,12.685,19
-48.6935,-26.9135,10.173333333333334,19
-48.6931,-26.9133,12.54,19
-48.7001,-26.9031,17.52,19
-48.7001,-26.9026,17.52,19
-48.7002,-26.9035,17.52,19
-48.7001,-26.9018,17.52,19
-48.7001,-26.9022,17.52,19
-48.7002,-26.9039,17.52,19
-48.7002,-26.9043,17.52,19
-48.7051,-26.9071,1.67,19
-48.7051,-26.9076,1.67,19
-48.7051,-26.9063,1.67,19
-48.7051,-26.9067,1.67,19
-48.7002,-26.906,16.495,19
-48.7002,-26.9056,16.495,19
-48.7003,-26.9064,16.495,19
-48.7002,-26.9047,16.495,19
-48.7002,-26.9051,16.495,19
-48.7003,-26.9068,16.495,19
-48.7003,-26.9072,16.495,19
-48.709,-26.9194,9.93,19
-48.709,-26.9199,9.93,19
-48.7086,-26.9197,9.93,19
-48.7082,-26.9212,9.93,19
-48.7082,-26.9216,9.93,19
-48.7086,-26.9201,9.93,19
-48.7082,-26.9207,9.93,19
-48.7086,-26.9205,9.93,19
-48.7005,-26.9147,15.47,19
-48.701,-26.9145,15.47,19
-48.7005,-26.9143,15.47,19
-48.7006,-26.9152,15.47,19
-48.701,-26.9149,15.47,19
-48.7009,-26.9137,15.47,19
-48.701,-26.9141,15.47,19
-48.7005,-26.9135,15.47,19
-48.7005,-26.9139,15.47,19
-48.701,-26.9158,15.47,19
-48.7006,-26.9156,15.47,19
-48.701,-26.9153,15.47,19
-48.6637,-26.91,7.53,19
-48.6637,-26.9104,7.53,19
-48.6693,-26.9077,11.88,19
-48.6693,-26.9081,11.88,19
-48.6693,-26.9069,11.88,19
-48.6692,-26.9065,11.88,19
-48.6693,-26.9073,11.88,19
-48.6693,-26.9086,11.88,19
-48.6693,-26.909,11.88,19
-48.6727,-26.9063,11.59,19
-48.6723,-26.9061,11.59,19
-48.6727,-26.9067,11.59,19
-48.6723,-26.9065,11.59,19
-48.6718,-26.9051,11.59,19
-48.6723,-26.9057,11.59,19
-48.6718,-26.9055,11.59,19
-48.6728,-26.9071,6.45,19
-48.6728,-26.9075,6.45,19
-48.6662,-26.9077,6.97,19
-48.6714,-26.9049,11.59,19
-48.6688,-26.9059,11.88,19
-48.6692,-26.9056,11.88,19
-48.6692,-26.9061,11.88,19
-48.6698,-26.9108,11.88,19
-48.6694,-26.9106,11.88,19
-48.6698,-26.9104,11.88,19
-48.6698,-26.9112,11.88,19
-48.6694,-26.9111,11.88,19
-48.6694,-26.9098,11.88,19
-48.6698,-26.9096,11.88,19
-48.6693,-26.9094,11.88,19
-48.6694,-26.9102,11.88,19
-48.6698,-26.91,11.88,19
-48.6699,-26.9117,11.88,19
-48.6699,-26.9121,11.88,19
-48.6728,-26.9092,6.45,19
-48.6733,-26.9089,6.45,19
-48.6728,-26.9088,6.45,19
-48.6728,-26.9096,6.45,19
-48.6733,-26.9094,6.45,19
-48.6728,-26.9079,6.45,19
-48.6728,-26.9083,6.45,19
-48.672,-26.9101,11.2,19
-48.6724,-26.9098,11.2,19
-48.672,-26.9096,11.2,19
-48.672,-26.9105,11.2,19
-48.6724,-26.9102,11.2,19
-48.6671,-26.9085,6.97,19
-48.6676,-26.9091,6.97,19
-48.6671,-26.9089,6.97,19
-48.6667,-26.9083,6.97,19
-48.6662,-26.9081,6.97,19
-48.668,-26.9093,6.97,19
-48.6605,-26.9074,11.87,19
-48.6601,-26.9073,11.87,19
-48.6592,-26.9069,11.87,19
-48.6592,-26.9073,11.87,19
-48.6596,-26.9071,11.87,19
-48.6588,-26.9071,11.87,19
-48.6614,-26.9078,11.87,19
-48.661,-26.9076,11.87,19
-48.6601,-26.9077,11.87,19
-48.6597,-26.9075,11.87,19
-48.6579,-26.9068,11.87,19
-48.6574,-26.9066,11.87,19
-48.6583,-26.9069,11.87,19
-48.6641,-26.9093,7.53,19
-48.6645,-26.9091,7.53,19
-48.6641,-26.9097,7.53,19
-48.6649,-26.9084,7.53,19
-48.6654,-26.9082,7.53,19
-48.6649,-26.9088,7.53,19
-48.6735,-26.916,12.58,19
-48.6739,-26.9162,10.565,19
-48.6731,-26.9163,12.58,19
-48.6722,-26.9163,12.58,19
-48.6726,-26.9161,12.58,19
-48.6718,-26.9161,12.58,19
-48.6773,-26.9122,8.312,19
-48.6773,-26.9127,10.755,19
-48.6773,-26.9135,10.61,19
-48.6773,-26.9131,10.61,19
-48.6725,-26.9119,11.2,19
-48.6725,-26.9123,11.2,19
-48.6725,-26.9111,11.2,19
-48.672,-26.9109,11.2,19
-48.6724,-26.9107,11.2,19
-48.6725,-26.9115,11.2,19
-48.6725,-26.9127,11.2,19
-48.6725,-26.9132,11.2,19
-48.6766,-26.916,10.565,19
-48.6757,-26.9161,10.565,19
-48.6761,-26.9159,10.565,19
-48.677,-26.9158,10.565,19
-48.6748,-26.9162,10.565,19
-48.6752,-26.9159,10.565,19
-48.6744,-26.916,10.565,19
-48.7299,-26.8675,34.24,19
-48.7304,-26.8672,34.24,19
-48.73,-26.8687,34.24,19
-48.73,-26.8692,34.24,19
-48.7304,-26.8681,34.24,19
-48.73,-26.8679,34.24,19
-48.7304,-26.8677,34.24,19
-48.73,-26.8683,34.24,19
-48.73,-26.87,34.24,19
-48.7296,-26.8698,34.24,19
-48.73,-26.8696,34.24,19
-48.7296,-26.8702,34.24,19
-48.7264,-26.8792,18.59,19
-48.726,-26.879,26.415,19
-48.7256,-26.8797,34.24,19
-48.726,-26.8795,26.415,19
-48.7264,-26.8784,26.415,19
-48.7268,-26.8781,18.59,19
-48.7264,-26.878,34.24,19
-48.7264,-26.8788,26.415,19
-48.726,-26.8786,34.24,19
-48.726,-26.8803,18.59,19
-48.7256,-26.8801,26.415,19
-48.726,-26.8799,18.59,19
-48.7256,-26.8805,26.415,19
-48.7272,-26.8762,26.415,19
-48.7268,-26.8769,34.24,19
-48.7272,-26.8767,26.415,19
-48.7276,-26.8756,26.415,19
-48.728,-26.8753,18.59,19
-48.7276,-26.8752,34.24,19
-48.7276,-26.876,18.59,19
-48.7272,-26.8758,34.24,19
-48.7268,-26.8773,26.415,19
-48.7272,-26.8771,18.59,19
-48.7268,-26.8777,26.415,19
-48.7252,-26.882,18.59,19
-48.7248,-26.8818,34.24,19
-48.7243,-26.8825,34.24,19
-48.7248,-26.8822,26.415,19
-48.7252,-26.8812,26.415,19
-48.7256,-26.8809,18.59,19
-48.7252,-26.8808,34.24,19
-48.7252,-26.8816,26.415,19
-48.7292,-26.8717,34.24,19
-48.7288,-26.872,34.24,19
-48.7292,-26.8709,34.24,19
-48.7296,-26.8706,34.24,19
-48.7292,-26.8713,34.24,19
-48.7288,-26.8728,34.24,19
-48.7288,-26.8724,34.24,19
-48.7284,-26.873,34.24,19
-48.728,-26.8745,34.24,19
-48.728,-26.8749,34.24,19
-48.7276,-26.8747,34.24,19
-48.7284,-26.8734,34.24,19
-48.728,-26.8741,34.24,19
-48.7284,-26.8739,34.24,19
-48.724,-26.884,34.24,19
-48.7239,-26.8836,34.24,19
-48.724,-26.8844,34.24,19
-48.7244,-26.8829,34.24,19
-48.7248,-26.8827,26.415,19
-48.7244,-26.8833,34.24,19
-48.7235,-26.8846,34.24,19
-48.7236,-26.885,34.24,19
-48.7223,-26.8874,34.24,19
-48.7223,-26.8878,34.24,19
-48.7224,-26.8883,34.24,19
-48.7227,-26.8868,34.24,19
-48.7232,-26.8865,34.24,19
-48.7227,-26.8864,34.24,19
-48.7228,-26.8872,34.24,19
-48.7231,-26.8857,34.24,19
-48.7236,-26.8855,34.24,19
-48.7232,-26.8861,34.24,19
-48.6799,-26.9508,54.82,19
-48.6795,-26.9522,54.82,19
-48.6796,-26.9527,54.82,19
-48.68,-26.9516,54.82,19
-48.6799,-26.9512,54.82,19
-48.6795,-26.9518,54.82,19
-48.6796,-26.9535,54.82,19
-48.6796,-26.9531,54.82,19
-48.6796,-26.9539,54.82,19
-48.7078,-26.9222,9.93,19
-48.7078,-26.9218,9.93,19
-48.6825,-26.9625,54.82,19
-48.6821,-26.9623,54.82,19
-48.6825,-26.9621,54.82,19
-48.6825,-26.9629,54.82,19
-48.683,-26.9635,54.82,19
-48.683,-26.9631,54.82,19
-48.683,-26.9639,54.82,19
-48.6834,-26.9637,54.82,19
-48.6839,-26.9656,54.82,19
-48.6835,-26.9654,54.82,19
-48.6839,-26.9651,54.82,19
-48.684,-26.966,54.82,19
-48.6835,-26.9658,54.82,19
-48.6835,-26.9645,54.82,19
-48.6835,-26.9641,54.82,19
-48.6835,-26.965,54.82,19
-48.684,-26.9664,54.82,19
-48.684,-26.9668,54.82,19
-48.6811,-26.9603,54.82,19
-48.6816,-26.9609,54.82,19
-48.6811,-26.9607,54.82,19
-48.6807,-26.9601,54.82,19
-48.682,-26.9615,54.82,19
-48.6816,-26.9613,54.82,19
-48.6821,-26.9619,54.82,19
-48.6796,-26.9552,54.82,19
-48.6797,-26.9556,54.82,19
-48.6796,-26.9543,54.82,19
-48.6796,-26.9547,54.82,19
-48.6797,-26.9564,54.82,19
-48.6801,-26.9562,54.82,19
-48.6797,-26.956,54.82,19
-48.6797,-26.9568,54.82,19
-48.6801,-26.9566,54.82,19
-48.6802,-26.9583,54.82,19
-48.6802,-26.9587,54.82,19
-48.6802,-26.9574,54.82,19
-48.6797,-26.9573,54.82,19
-48.6801,-26.957,54.82,19
-48.6802,-26.9578,54.82,19
-48.6807,-26.9593,54.82,19
-48.6807,-26.9597,54.82,19
-48.6802,-26.9591,54.82,19
-48.6802,-26.9595,54.82,19
-48.6836,-26.9683,54.82,19
-48.6836,-26.9687,54.82,19
-48.6836,-26.9675,54.82,19
-48.684,-26.9672,54.82,19
-48.6836,-26.967,54.82,19
-48.6836,-26.9679,54.82,19
-48.684,-26.9676,54.82,19
-48.6836,-26.9691,54.82,19
-48.6832,-26.9698,54.82,19
-48.6836,-26.9695,54.82,19
-48.6833,-26.971,54.82,19
-48.6832,-26.9702,54.82,19
-48.6837,-26.97,54.82,19
-48.6832,-26.9706,54.82,19
-48.734,-26.8963,18.37,19
-48.7335,-26.8961,18.37,19
-48.7318,-26.8962,18.37,19
-48.7331,-26.8955,18.37,19
-48.7326,-26.8953,18.37,19
-48.7331,-26.8959,18.37,19
-48.7335,-26.8957,18.37,19
-48.7344,-26.8965,18.37,19
-48.7349,-26.8971,18.37,19
-48.7344,-26.8969,18.37,19
-48.7314,-26.8961,18.37,19
-48.7314,-26.8965,18.37,19
-48.7318,-26.8958,18.37,19
-48.7322,-26.8956,18.37,19
-48.7175,-26.8999,19.68,19
-48.7175,-26.9003,19.68,19
-48.7167,-26.9016,19.68,19
-48.7171,-26.9014,19.68,19
-48.7167,-26.902,19.68,19
-48.7171,-26.9005,19.68,19
-48.7171,-26.9009,19.68,19
-48.7202,-26.8903,16.18,19
-48.7207,-26.89,16.18,19
-48.7367,-26.8978,18.37,19
-48.7371,-26.8976,18.37,19
-48.7362,-26.8976,18.37,19
-48.7366,-26.8974,18.37,19
-48.7375,-26.8973,18.37,19
-48.7353,-26.8977,18.37,19
-48.7358,-26.8975,18.37,19
-48.7353,-26.8973,18.37,19
-48.7358,-26.8979,18.37,19
-48.738,-26.8975,18.37,19
-48.6438,-26.9549,0.52,19
-48.6438,-26.9553,0.52,19
-48.6434,-26.9552,0.52,19
-48.6425,-26.9552,0.52,19
-48.6429,-26.955,0.52,19
-48.6421,-26.955,0.52,19
-48.6447,-26.9557,0.52,19
-48.6443,-26.9555,0.52,19
-48.6443,-26.9563,0.52,19
-48.6447,-26.9561,0.52,19
-48.6406,-26.9507,4.795,19
-48.6406,-26.9511,4.795,19
-48.6406,-26.9516,4.795,19
-48.6402,-26.9514,4.795,19
-48.6402,-26.9518,4.795,19
-48.6412,-26.9551,0.52,19
-48.6416,-26.9548,0.52,19
-48.6407,-26.9549,0.52,19
-48.6452,-26.958,5.25,19
-48.6403,-26.9551,0.52,19
-48.6861,-26.9018,7.085,11
-48.6874,-26.9007,12.54,11
-48.6887,-26.9,12.06,11
-48.6887,-26.8996,12.06,11
-48.6887,-26.9004,12.06,11
-48.6869,-26.9005,12.54,11
-48.687,-26.901,12.54,11
-48.6874,-26.8999,12.54,11
-48.6878,-26.8997,12.54,11
-48.6873,-26.8995,12.54,11
-48.6874,-26.9003,12.54,11
-48.6887,-26.9017,12.06,11
-48.6883,-26.9023,6.623333333333334,11
-48.6887,-26.9021,7.48,11
-48.6879,-26.9022,6.623333333333334,11
-48.6887,-26.9008,12.06,11
-48.6887,-26.9013,12.06,11
-48.687,-26.9018,12.54,11
-48.687,-26.9014,12.54,11
-48.687,-26.9022,8.1025,11
-48.6874,-26.902,6.623333333333334,11
-48.6866,-26.902,6.623333333333334,11
-48.6888,-26.9029,7.676666666666667,11
-48.6892,-26.9027,5.5,11
-48.6888,-26.9025,8.765,11
-48.6888,-26.9034,8.765,11
-48.6866,-26.9037,12.54,11
-48.687,-26.9035,12.54,11
-48.6866,-26.9033,12.54,11
-48.687,-26.9026,12.54,11
-48.687,-26.903,12.54,11
-48.6888,-26.9038,5.47,11
-48.6877,-26.898,12.54,11
-48.6877,-26.8984,12.54,11
-48.6886,-26.8988,12.06,11
-48.6878,-26.8988,12.54,11
-48.6886,-26.8992,12.06,11
-48.6878,-26.8992,12.54,11
-48.6743,-26.902,12.66,11
-48.6739,-26.9018,12.66,11
-48.6721,-26.9002,12.66,11
-48.6725,-26.9008,12.66,11
-48.6721,-26.9006,12.66,11
-48.6716,-26.9,12.66,11
-48.6712,-26.8999,12.66,11
-48.673,-26.9014,12.66,11
-48.6734,-26.9012,12.66,11
-48.673,-26.901,12.66,11
-48.6734,-26.9016,12.66,11
-48.6742,-26.899,5.72,11
-48.6738,-26.8989,5.72,11
-48.676,-26.9002,5.72,11
-48.6756,-26.9,5.72,11
-48.6747,-26.8996,5.72,11
-48.6751,-26.8994,5.72,11
-48.6747,-26.8992,5.72,11
-48.6751,-26.8998,5.72,11
-48.6775,-26.9045,11.665,11
-48.6775,-26.9049,11.665,11
-48.6779,-26.9043,12.92,11
-48.682,-26.8952,15.15,11
-48.682,-26.8956,15.15,11
-48.6819,-26.8944,15.15,11
-48.6819,-26.8948,15.15,11
-48.682,-26.8965,15.15,11
-48.682,-26.896,15.15,11
-48.682,-26.8969,15.15,11
-48.6819,-26.8923,15.15,11
-48.6819,-26.8927,15.15,11
-48.6818,-26.8915,15.15,11
-48.6818,-26.8919,15.15,11
-48.6819,-26.8935,15.15,11
-48.6819,-26.8931,15.15,11
-48.6819,-26.894,15.15,11
-48.682,-26.8973,15.15,11
-48.682,-26.8977,15.15,11
-48.6916,-26.9095,9.07,11
-48.6891,-26.9121,15.98,11
-48.69,-26.9125,15.98,11
-48.6895,-26.9123,15.98,11
-48.6921,-26.9096,9.07,11
-48.6912,-26.9097,9.07,11
-48.6908,-26.9095,9.07,11
-48.6904,-26.9122,15.98,11
-48.69,-26.9121,15.98,11
-48.6905,-26.9028,5.5,11
-48.6896,-26.9029,5.5,11
-48.6901,-26.9026,5.5,11
-48.6954,-26.9052,9.46,11
-48.6945,-26.9053,9.46,11
-48.695,-26.9051,9.46,11
-48.6937,-26.9053,9.46,11
-48.6941,-26.9051,9.46,11
-48.6972,-26.9051,9.46,11
-48.6976,-26.9049,9.61,11
-48.6967,-26.9049,9.46,11
-48.6958,-26.905,9.46,11
-48.6985,-26.9048,9.61,11
-48.6989,-26.905,9.61,11
-48.698,-26.9051,9.61,11
-48.6963,-26.9052,9.46,11
-48.6776,-26.9087,7.61,11
-48.6776,-26.9082,10.265,11
-48.6776,-26.9091,7.65,11
-48.6776,-26.9095,7.65,11
-48.6777,-26.9099,7.65,11
-48.6776,-26.9074,11.665,11
-48.6776,-26.9078,10.313333333333333,11
-48.6775,-26.9057,11.665,11
-48.6775,-26.9053,11.665,11
-48.6775,-26.9062,11.665,11
-48.6779,-26.9047,11.665,11
-48.6779,-26.9051,11.665,11
-48.6775,-26.9066,11.665,11
-48.6776,-26.907,11.665,11
-48.6773,-26.9114,7.025,11
-48.6773,-26.9118,7.025,11
-48.6772,-26.9093,7.65,11
-48.6772,-26.9097,7.65,11
-48.6772,-26.9106,7.69,11
-48.6777,-26.9103,7.69,11
-48.6772,-26.9102,7.65,11
-48.6773,-26.911,7.025,11
-48.7088,-26.8893,17.88,11
-48.7084,-26.8891,17.88,11
-48.7093,-26.8895,17.88,11
-48.708,-26.889,17.88,11
-48.7075,-26.8888,17.88,11
-48.7084,-26.8887,17.88,11
-48.7079,-26.8885,17.88,11
-48.7097,-26.8897,17.88,11
-48.7057,-26.8881,17.88,11
-48.7062,-26.8878,17.88,11
-48.7053,-26.8879,17.88,11
-48.7044,-26.8879,17.88,11
-48.7049,-26.8881,17.88,11
-48.704,-26.8882,17.88,11
-48.7071,-26.8882,17.88,11
-48.7066,-26.888,17.88,11
-48.7071,-26.8886,17.88,11
-48.7075,-26.8884,17.88,11
-48.7143,-26.8829,23.24,11
-48.7143,-26.8833,23.24,11
-48.7139,-26.8827,23.24,11
-48.7139,-26.8831,23.24,11
-48.7143,-26.8825,23.24,11
-48.7138,-26.8823,23.24,11
-48.7139,-26.884,23.24,11
-48.7143,-26.8837,23.24,11
-48.7139,-26.8836,23.24,11
-48.7139,-26.8844,23.24,11
-48.7143,-26.8842,23.24,11
-48.714,-26.8857,23.24,11
-48.714,-26.8861,23.24,11
-48.7139,-26.8848,23.24,11
-48.7139,-26.8852,23.24,11
-48.714,-26.8869,23.24,11
-48.714,-26.8865,23.24,11
-48.714,-26.8873,23.24,11
-48.6953,-26.89,14.44,11
-48.6958,-26.8897,14.44,11
-48.6953,-26.8896,14.44,11
-48.6953,-26.8904,14.44,11
-48.6958,-26.8902,14.44,11
-48.6957,-26.8893,14.44,11
-48.6958,-26.891,14.44,11
-48.6954,-26.8908,14.44,11
-48.6958,-26.8906,14.44,11
-48.7001,-26.8882,5.17,11
-48.7001,-26.8886,5.17,11
-48.7005,-26.8876,15.4,11
-48.7005,-26.888,7.22,11
-48.7009,-26.8877,9.265,11
-48.7001,-26.8878,8.446,11
-48.6992,-26.8874,15.4,11
-48.6996,-26.8872,15.4,11
-48.6987,-26.8872,8.8,11
-48.6992,-26.887,15.4,11
-48.6996,-26.8876,15.4,11
-48.7001,-26.8895,5.17,11
-48.7001,-26.889,5.17,11
-48.6953,-26.8887,14.44,11
-48.6953,-26.8891,14.44,11
-48.6974,-26.8863,8.8,11
-48.6978,-26.886,14.2325,11
-48.6974,-26.8859,14.2325,11
-48.6978,-26.8865,14.2325,11
-48.6952,-26.887,14.44,11
-48.6952,-26.8866,14.44,11
-48.6952,-26.8875,14.44,11
-48.6953,-26.8879,14.44,11
-48.6953,-26.8883,14.44,11
-48.7051,-26.882,2.69,11
-48.7051,-26.8824,2.69,11
-48.7047,-26.8818,2.69,11
-48.7047,-26.8823,2.69,11
-48.7051,-26.8812,2.69,11
-48.7046,-26.881,2.69,11
-48.7051,-26.8816,2.69,11
-48.7046,-26.8814,2.69,11
-48.7047,-26.8831,2.69,11
-48.7051,-26.8829,2.69,11
-48.7047,-26.8827,2.69,11
-48.7051,-26.8833,2.69,11
-48.7031,-26.8878,15.4,11
-48.7031,-26.8882,8.34,11
-48.7036,-26.888,15.4,11
-48.7027,-26.888,9.265,11
-48.7018,-26.8877,15.4,11
-48.7018,-26.8881,9.265,11
-48.7022,-26.8879,9.265,11
-48.7014,-26.8879,9.265,11
-48.6983,-26.8862,16.043333333333333,11
-48.6987,-26.8868,12.1,11
-48.6983,-26.8866,12.1,11
-48.7141,-26.8907,23.24,11
-48.7141,-26.8911,23.24,11
-48.7141,-26.8886,23.24,11
-48.7141,-26.889,23.24,11
-48.714,-26.8877,23.24,11
-48.714,-26.8882,23.24,11
-48.7141,-26.8898,23.24,11
-48.7141,-26.8894,23.24,11
-48.7141,-26.8902,23.24,11
-48.7038,-26.8951,11.71,11
-48.7038,-26.8963,11.71,11
-48.7039,-26.8968,11.71,11
-48.7038,-26.8955,11.71,11
-48.7038,-26.8959,11.71,11
-48.7039,-26.8976,11.71,11
-48.7039,-26.8972,11.71,11
-48.7039,-26.898,11.71,11
-48.7039,-26.8993,11.71,11
-48.704,-26.8997,11.71,11
-48.7039,-26.8984,11.71,11
-48.7039,-26.8988,11.71,11
-48.6707,-26.8993,12.66,11
-48.6708,-26.8997,12.66,11
-48.6712,-26.8994,12.66,11
-48.6626,-26.9038,13.47,11
-48.663,-26.9035,13.47,11
-48.6565,-26.9037,3.925,11
-48.6569,-26.9035,3.925,11
-48.656,-26.904,3.925,11
-48.6933,-26.8834,16.365,11
-48.6942,-26.8838,16.365,11
-48.6934,-26.8838,10.0425,11
-48.6938,-26.8836,16.365,11
-48.6947,-26.8835,16.365,11
-48.6942,-26.8833,16.365,11
-48.6925,-26.8839,10.0425,11
-48.6929,-26.8836,10.0425,11
-48.6921,-26.8841,10.0425,11
-48.6952,-26.8858,14.44,11
-48.6952,-26.8862,14.44,11
-48.696,-26.8845,16.365,11
-48.6951,-26.8841,16.365,11
-48.6947,-26.8839,16.365,11
-48.6951,-26.8845,8.8,11
-48.6956,-26.8843,13.843333333333334,11
-48.6969,-26.8853,16.365,11
-48.6965,-26.8851,13.843333333333334,11
-48.6969,-26.8857,14.2325,11
-48.6965,-26.8855,8.8,11
-48.696,-26.8849,13.843333333333334,11
-48.6952,-26.885,14.44,11
-48.6956,-26.8847,13.843333333333334,11
-48.6952,-26.8854,14.44,11
-48.6916,-26.8848,10.0425,11
-48.6916,-26.8843,10.0425,11
-48.6948,-26.9141,15.98,11
-48.6953,-26.9138,15.98,11
-48.6944,-26.9139,15.98,11
-48.694,-26.9137,15.98,11
-48.6922,-26.913,15.98,11
-48.6917,-26.9128,15.98,11
-48.6926,-26.9132,15.98,11
-48.6909,-26.9128,15.98,11
-48.6913,-26.9126,15.98,11
-48.6904,-26.9127,15.98,11
-48.6909,-26.9124,15.98,11
-48.6776,-26.921,14.225,11
-48.6772,-26.9208,14.225,11
-48.6776,-26.9202,14.225,11
-48.6776,-26.9206,14.225,11
-48.6771,-26.9183,14.225,11
-48.6775,-26.9181,14.225,11
-48.6771,-26.9179,14.225,11
-48.6771,-26.9187,14.225,11
-48.6775,-26.9185,14.225,11
-48.6771,-26.92,14.225,11
-48.6771,-26.9204,14.225,11
-48.6775,-26.9193,14.225,11
-48.6771,-26.9192,14.225,11
-48.6775,-26.9189,14.225,11
-48.6776,-26.9198,14.225,11
-48.6771,-26.9196,14.225,11
-48.6774,-26.9143,5.17,11
-48.6774,-26.9147,5.17,11
-48.6775,-26.9172,14.225,11
-48.6775,-26.9177,14.225,11
-48.6956,-26.9247,3.98,11
-48.6957,-26.9251,3.98,11
-48.6961,-26.9257,3.98,11
-48.6961,-26.9253,3.98,11
-48.6966,-26.9259,3.98,11
-48.697,-26.9265,3.98,11
-48.6966,-26.9263,3.98,11
-48.7003,-26.9089,13.846666666666666,11
-48.7008,-26.9087,13.846666666666666,11
-48.7003,-26.9085,13.846666666666666,11
-48.7004,-26.9093,13.846666666666666,11
-48.7008,-26.9091,13.846666666666666,11
-48.7008,-26.9082,13.846666666666666,11
-48.7003,-26.9076,13.846666666666666,11
-48.7003,-26.9081,13.846666666666666,11
-48.7008,-26.9099,12.995,11
-48.7004,-26.9097,12.995,11
-48.7008,-26.9095,12.995,11
-48.7008,-26.9103,12.995,11
-48.7004,-26.9102,12.995,11
-48.6938,-26.9095,9.07,11
-48.6929,-26.9096,9.07,11
-48.6934,-26.9093,9.07,11
-48.6925,-26.9094,9.07,11
-48.7004,-26.9114,12.995,11
-48.7008,-26.9108,12.995,11
-48.7009,-26.9112,12.995,11
-48.7004,-26.9106,12.995,11
-48.7004,-26.911,12.995,11
-48.6948,-26.9136,15.98,11
-48.6935,-26.9135,15.98,11
-48.6931,-26.9133,15.98,11
-48.7001,-26.9031,10.236666666666666,11
-48.7001,-26.9026,10.236666666666666,11
-48.7002,-26.9035,10.236666666666666,11
-48.7001,-26.9018,10.236666666666666,11
-48.7001,-26.9022,10.236666666666666,11
-48.7002,-26.9039,10.236666666666666,11
-48.7002,-26.9043,10.236666666666666,11
-48.7002,-26.906,13.846666666666666,11
-48.7002,-26.9056,13.846666666666666,11
-48.7003,-26.9064,13.846666666666666,11
-48.6998,-26.905,9.61,11
-48.7002,-26.9047,11.34,11
-48.6993,-26.9048,9.61,11
-48.7002,-26.9051,13.846666666666666,11
-48.7003,-26.9068,13.846666666666666,11
-48.7003,-26.9072,13.846666666666666,11
-48.6607,-26.9129,7.89,11
-48.6603,-26.9127,7.89,11
-48.6612,-26.913,6.6375,11
-48.6598,-26.9125,7.89,11
-48.6594,-26.9123,7.89,11
-48.6607,-26.9137,6.22,11
-48.6612,-26.9135,6.22,11
-48.6608,-26.9141,6.22,11
-48.6616,-26.9128,6.22,11
-48.6646,-26.9103,10.39,11
-48.6645,-26.9099,10.39,11
-48.665,-26.9105,10.39,11
-48.665,-26.9109,10.39,11
-48.6603,-26.9148,6.22,11
-48.6603,-26.9144,6.22,11
-48.6658,-26.9079,8.615,11
-48.6653,-26.9078,8.615,11
-48.6698,-26.9108,6.52,11
-48.6694,-26.9106,6.52,11
-48.6698,-26.9104,6.52,11
-48.6698,-26.9112,6.52,11
-48.6694,-26.9111,6.52,11
-48.6694,-26.9098,6.52,11
-48.6694,-26.9102,6.52,11
-48.6698,-26.91,6.52,11
-48.6699,-26.9117,6.52,11
-48.6699,-26.9121,6.52,11
-48.6662,-26.9085,8.615,11
-48.6658,-26.9084,8.615,11
-48.6667,-26.9087,11.43,11
-48.6576,-26.9116,7.89,11
-48.6572,-26.9114,5.32,11
-48.6576,-26.912,7.89,11
-48.6581,-26.9118,7.89,11
-48.6572,-26.9118,7.89,11
-48.6567,-26.9112,5.32,11
-48.6563,-26.9111,5.32,11
-48.6589,-26.9121,7.89,11
-48.6585,-26.912,7.89,11
-48.6554,-26.9111,5.32,11
-48.6558,-26.9109,5.32,11
-48.6554,-26.9107,5.32,11
-48.6618,-26.9059,13.47,11
-48.6618,-26.9063,13.125,11
-48.6592,-26.9073,6.06,11
-48.661,-26.908,13.725,11
-48.6614,-26.9078,13.125,11
-48.661,-26.9085,13.725,11
-48.6623,-26.9069,3.08,11
-48.6614,-26.907,13.125,11
-48.6618,-26.9067,13.125,11
-48.6614,-26.9074,13.125,11
-48.6635,-26.9054,3.08,11
-48.6635,-26.9058,3.08,11
-48.6622,-26.9052,13.47,11
-48.6622,-26.9048,13.47,11
-48.6622,-26.9057,13.47,11
-48.6626,-26.9042,13.47,11
-48.663,-26.9039,13.47,11
-48.6626,-26.9046,13.47,11
-48.664,-26.9068,8.615,11
-48.6636,-26.9066,8.615,11
-48.6631,-26.906,6.77,11
-48.6627,-26.9067,3.08,11
-48.6631,-26.9064,6.77,11
-48.6578,-26.9055,7.82,11
-48.6574,-26.9062,7.82,11
-48.6579,-26.9059,7.82,11
-48.6583,-26.9049,7.82,11
-48.6578,-26.9051,7.82,11
-48.6574,-26.9066,6.795,11
-48.6575,-26.907,7.82,11
-48.6566,-26.9066,5.77,11
-48.657,-26.9064,5.77,11
-48.6561,-26.9065,5.77,11
-48.657,-26.9068,7.82,11
-48.6602,-26.9098,12.09,11
-48.6606,-26.9095,12.09,11
-48.6602,-26.9102,8.715,11
-48.661,-26.9089,12.09,11
-48.6593,-26.9098,5.34,11
-48.6589,-26.9096,5.34,11
-48.6593,-26.9094,5.34,11
-48.6597,-26.91,5.34,11
-48.6606,-26.9087,12.09,11
-48.6606,-26.9091,12.09,11
-48.6598,-26.9104,5.34,11
-48.6632,-26.9081,10.39,11
-48.6636,-26.9087,10.39,11
-48.6632,-26.9085,10.39,11
-48.6645,-26.9074,8.615,11
-48.6649,-26.9072,8.615,11
-48.6644,-26.907,8.615,11
-48.6649,-26.9076,8.615,11
-48.6627,-26.9079,10.39,11
-48.6641,-26.9093,10.39,11
-48.6636,-26.9091,10.39,11
-48.6641,-26.9097,10.39,11
-48.6588,-26.9075,6.06,11
-48.6588,-26.908,6.06,11
-48.657,-26.9077,7.82,11
-48.657,-26.9072,7.82,11
-48.6571,-26.9081,7.82,11
-48.6584,-26.9086,6.06,11
-48.6588,-26.9084,6.06,11
-48.6588,-26.9092,5.34,11
-48.6584,-26.909,5.7,11
-48.6773,-26.9122,7.025,11
-48.6773,-26.9127,7.025,11
-48.6769,-26.9146,5.17,11
-48.6773,-26.9135,6.36,11
-48.6773,-26.9131,6.36,11
-48.677,-26.9154,9.625,11
-48.6774,-26.9152,5.17,11
-48.677,-26.915,5.17,11
-48.677,-26.9158,9.625,11
-48.6774,-26.9156,9.625,11
-48.677,-26.9171,14.225,11
-48.677,-26.9175,14.225,11
-48.6774,-26.9164,14.08,11
-48.677,-26.9162,14.08,11
-48.6774,-26.916,14.08,11
-48.6775,-26.9168,14.225,11
-48.677,-26.9166,14.225,11
-48.7251,-26.8803,30.17,11
-48.7243,-26.8821,30.17,11
-48.7248,-26.8818,30.17,11
-48.7243,-26.8825,30.17,11
-48.7247,-26.881,30.17,11
-48.7252,-26.8808,30.17,11
-48.7247,-26.8814,30.17,11
-48.7227,-26.8859,30.17,11
-48.724,-26.884,30.17,11
-48.7235,-26.8838,30.17,11
-48.7239,-26.8836,30.17,11
-48.7235,-26.8842,30.17,11
-48.7244,-26.8829,30.17,11
-48.7239,-26.8831,30.17,11
-48.7231,-26.8849,30.17,11
-48.7235,-26.8846,30.17,11
-48.7231,-26.8853,30.17,11
-48.7215,-26.8887,30.17,11
-48.7219,-26.8877,30.17,11
-48.7223,-26.8874,30.17,11
-48.7219,-26.8881,30.17,11
-48.7223,-26.8878,30.17,11
-48.7211,-26.8894,30.17,11
-48.7215,-26.8892,30.17,11
-48.7211,-26.8898,30.17,11
-48.7219,-26.8885,30.17,11
-48.7227,-26.8868,30.17,11
-48.7227,-26.8864,30.17,11
-48.7223,-26.887,30.17,11
-48.7231,-26.8857,30.17,11
-48.6548,-26.9047,3.925,11
-48.6543,-26.9053,3.925,11
-48.6548,-26.9051,3.925,11
-48.6544,-26.9057,3.925,11
-48.6552,-26.9044,3.925,11
-48.6556,-26.9042,3.925,11
-48.6557,-26.9063,5.77,11
-48.6544,-26.9062,3.925,11
-48.6539,-26.906,3.925,11
-48.7259,-26.9403,6.3,11
-48.725,-26.9408,6.3,11
-48.7255,-26.9406,6.3,11
-48.7246,-26.9406,6.3,11
-48.7237,-26.9411,6.3,11
-48.7242,-26.9409,6.3,11
-48.7078,-26.9362,22.24,11
-48.7065,-26.9361,22.24,11
-48.7061,-26.9359,22.24,11
-48.697,-26.9269,3.98,11
-48.7118,-26.9379,22.24,11
-48.7114,-26.9377,22.24,11
-48.7127,-26.9382,22.24,11
-48.7123,-26.938,22.24,11
-48.7127,-26.9386,22.24,11
-48.7123,-26.9385,22.24,11
-48.7087,-26.9366,22.24,11
-48.7083,-26.9364,22.24,11
-48.7074,-26.9365,22.24,11
-48.707,-26.9363,22.24,11
-48.7092,-26.9364,22.24,11
-48.7109,-26.9371,22.24,11
-48.7105,-26.9369,22.24,11
-48.7109,-26.9375,22.24,11
-48.7114,-26.9373,22.24,11
-48.71,-26.9367,22.24,11
-48.7096,-26.9365,22.24,11
-48.7141,-26.9392,22.24,11
-48.7145,-26.9398,22.24,11
-48.7141,-26.9396,22.24,11
-48.7136,-26.939,22.24,11
-48.7132,-26.9388,22.24,11
-48.7136,-26.9394,22.24,11
-48.7052,-26.9356,22.24,11
-48.7056,-26.9353,22.24,11
-48.7052,-26.9352,22.24,11
-48.7056,-26.9358,22.24,11
-48.7224,-26.8903,4.57,11
-48.7216,-26.8904,4.57,11
-48.722,-26.8902,4.57,11
-48.7207,-26.8905,30.17,11
-48.7211,-26.8902,30.17,11
-48.7207,-26.89,30.17,11
-48.7207,-26.8909,30.17,11
-48.7237,-26.8901,4.57,11
-48.7229,-26.8901,4.57,11
-48.7233,-26.8899,4.57,11
-48.7224,-26.8899,4.57,11
-48.6745,-26.9317,4.91,11
-48.674,-26.9319,4.91,11
-48.6732,-26.9319,4.91,11
-48.6736,-26.9317,4.91,11
-48.6727,-26.9318,4.91,11
-48.782,-26.9719,23.35,22
-48.7824,-26.9716,23.35,22
-48.7833,-26.9716,23.35,22
-48.7837,-26.9713,23.35,22
-48.7829,-26.9714,23.35,22
-48.7816,-26.9717,23.35,22
-48.7926,-26.9758,23.35,22
-48.7882,-26.974,23.35,22
-48.7878,-26.9738,23.35,22
-48.7873,-26.9732,23.35,22
-48.7873,-26.9736,23.35,22
-48.7873,-26.9724,23.35,22
-48.7873,-26.9728,23.35,22
-48.7887,-26.9746,23.35,22
-48.7882,-26.9744,23.35,22
-48.7891,-26.9748,23.35,22
-48.7851,-26.9719,23.35,22
-48.7859,-26.9718,23.35,22
-48.7855,-26.9716,23.35,22
-48.7846,-26.9717,23.35,22
-48.7851,-26.9715,23.35,22
-48.7842,-26.9715,23.35,22
-48.7868,-26.9722,23.35,22
-48.7864,-26.972,23.35,22
-48.7869,-26.9726,23.35,22
-48.7913,-26.9752,23.35,22
-48.7909,-26.9751,23.35,22
-48.79,-26.9751,23.35,22
-48.7896,-26.9749,23.35,22
-48.7922,-26.9756,23.35,22
-48.7918,-26.9754,23.35,22
-48.7909,-26.9755,23.35,22
-48.7904,-26.9753,23.35,22
-48.687,-26.9022,5.38,22
-48.6866,-26.9037,5.38,22
-48.687,-26.9035,5.38,22
-48.6866,-26.9033,5.38,22
-48.687,-26.9026,5.38,22
-48.687,-26.903,5.38,22
-48.6762,-26.9056,8.65,22
-48.6766,-26.9058,8.65,22
-48.6758,-26.9058,8.65,22
-48.6916,-26.9095,10.93,22
-48.6921,-26.9096,10.93,22
-48.6912,-26.9097,10.93,22
-48.6908,-26.9095,10.93,22
-48.6776,-26.9087,11.29,22
-48.6776,-26.9082,11.29,22
-48.6776,-26.9091,11.29,22
-48.6776,-26.9095,11.29,22
-48.6777,-26.9099,11.29,22
-48.6776,-26.9074,11.29,22
-48.6776,-26.9078,11.29,22
-48.6793,-26.9056,8.65,22
-48.6784,-26.9057,8.65,22
-48.6788,-26.9054,8.65,22
-48.6797,-26.9054,8.65,22
-48.6775,-26.9057,8.65,22
-48.6779,-26.9055,8.65,22
-48.6771,-26.9056,8.65,22
-48.6801,-26.9056,8.65,22
-48.6773,-26.9114,11.29,22
-48.6773,-26.9118,11.29,22
-48.6772,-26.9093,11.29,22
-48.6772,-26.9097,11.29,22
-48.6772,-26.9106,11.29,22
-48.6777,-26.9103,11.29,22
-48.6772,-26.9102,11.29,22
-48.6773,-26.911,11.29,22
-48.6978,-26.886,21.74,22
-48.6974,-26.8859,21.74,22
-48.6978,-26.8865,21.74,22
-48.6983,-26.8862,21.74,22
-48.6565,-26.9037,2.62,22
-48.6569,-26.9035,2.62,22
-48.656,-26.904,2.62,22
-48.69,-26.8874,13.18,22
-48.69,-26.8878,13.18,22
-48.6895,-26.8872,13.18,22
-48.6896,-26.8876,13.18,22
-48.6895,-26.8868,13.18,22
-48.6896,-26.8884,13.18,22
-48.69,-26.8882,13.18,22
-48.6896,-26.888,13.18,22
-48.6896,-26.8889,13.18,22
-48.69,-26.8886,13.18,22
-48.6901,-26.8903,13.18,22
-48.6901,-26.8907,13.18,22
-48.6896,-26.8901,13.18,22
-48.6901,-26.8895,13.18,22
-48.6896,-26.8893,13.18,22
-48.69,-26.889,13.18,22
-48.6901,-26.8899,13.18,22
-48.6896,-26.8897,13.18,22
-48.6901,-26.8911,13.18,22
-48.6933,-26.8834,21.74,22
-48.6942,-26.8838,21.74,22
-48.6934,-26.8838,21.74,22
-48.6938,-26.8836,21.74,22
-48.6947,-26.8835,21.74,22
-48.6942,-26.8833,21.74,22
-48.6925,-26.8839,21.74,22
-48.6929,-26.8836,21.74,22
-48.6921,-26.8841,21.74,22
-48.696,-26.8845,21.74,22
-48.6951,-26.8841,21.74,22
-48.6947,-26.8839,21.74,22
-48.6956,-26.8843,21.74,22
-48.6969,-26.8853,21.74,22
-48.6965,-26.8851,21.74,22
-48.6969,-26.8857,21.74,22
-48.696,-26.8849,21.74,22
-48.6956,-26.8847,21.74,22
-48.6916,-26.8848,21.74,22
-48.6916,-26.8843,21.74,22
-48.7003,-26.9089,15.363333333333335,22
-48.7008,-26.9087,15.363333333333335,22
-48.7003,-26.9085,15.363333333333335,22
-48.7004,-26.9093,15.363333333333335,22
-48.7008,-26.9091,15.363333333333335,22
-48.7008,-26.9082,15.363333333333335,22
-48.7003,-26.9076,15.363333333333335,22
-48.7003,-26.9081,15.363333333333335,22
-48.7008,-26.9099,14.445,22
-48.7004,-26.9097,14.445,22
-48.7008,-26.9095,14.445,22
-48.7008,-26.9103,14.445,22
-48.7004,-26.9102,14.445,22
-48.6942,-26.9093,10.93,22
-48.6947,-26.9095,10.93,22
-48.6938,-26.9095,10.93,22
-48.6929,-26.9096,10.93,22
-48.6934,-26.9093,10.93,22
-48.6925,-26.9094,10.93,22
-48.6951,-26.9092,10.93,22
-48.7004,-26.9118,14.445,22
-48.7009,-26.9116,14.445,22
-48.7004,-26.9114,14.445,22
-48.7005,-26.9122,14.445,22
-48.7009,-26.912,14.445,22
-48.7008,-26.9108,14.445,22
-48.7009,-26.9112,14.445,22
-48.7004,-26.9106,14.445,22
-48.7004,-26.911,14.445,22
-48.7009,-26.9128,14.445,22
-48.7005,-26.9127,14.445,22
-48.7009,-26.9124,14.445,22
-48.7009,-26.9133,14.445,22
-48.7005,-26.9131,14.445,22
-48.7001,-26.9031,17.2,22
-48.7001,-26.9026,17.2,22
-48.7002,-26.9035,17.2,22
-48.7001,-26.9018,17.2,22
-48.7001,-26.9022,17.2,22
-48.7002,-26.9039,17.2,22
-48.7002,-26.9043,17.2,22
-48.7002,-26.906,15.363333333333335,22
-48.7002,-26.9056,15.363333333333335,22
-48.7003,-26.9064,15.363333333333335,22
-48.7002,-26.9047,15.363333333333335,22
-48.7002,-26.9051,15.363333333333335,22
-48.7003,-26.9068,15.363333333333335,22
-48.7003,-26.9072,15.363333333333335,22
-48.7005,-26.9147,14.445,22
-48.701,-26.9145,14.445,22
-48.7005,-26.9143,14.445,22
-48.7006,-26.9152,14.445,22
-48.701,-26.9149,14.445,22
-48.7009,-26.9137,14.445,22
-48.701,-26.9141,14.445,22
-48.7005,-26.9135,14.445,22
-48.7005,-26.9139,14.445,22
-48.701,-26.9158,16.92,22
-48.7006,-26.9156,16.92,22
-48.701,-26.9153,14.445,22
-48.6693,-26.9077,10.725,22
-48.6693,-26.9081,10.725,22
-48.6693,-26.9069,10.725,22
-48.6692,-26.9065,10.725,22
-48.6693,-26.9073,10.725,22
-48.6693,-26.9086,10.725,22
-48.6693,-26.909,10.725,22
-48.6692,-26.9052,10.63,22
-48.6688,-26.905,10.63,22
-48.6688,-26.9059,10.725,22
-48.6692,-26.9056,10.725,22
-48.6688,-26.9055,10.63,22
-48.6692,-26.9061,10.725,22
-48.6698,-26.9108,10.725,22
-48.6694,-26.9106,10.725,22
-48.6698,-26.9104,10.725,22
-48.6698,-26.9112,10.725,22
-48.6694,-26.9111,10.725,22
-48.6694,-26.9098,10.725,22
-48.6698,-26.9096,10.725,22
-48.6693,-26.9094,10.725,22
-48.6694,-26.9102,10.725,22
-48.6698,-26.91,10.725,22
-48.6699,-26.9117,10.725,22
-48.6699,-26.9121,10.725,22
-48.6735,-26.916,13.4,22
-48.6739,-26.9162,13.4,22
-48.6731,-26.9163,13.4,22
-48.6722,-26.9163,13.4,22
-48.6726,-26.9161,13.4,22
-48.6718,-26.9161,13.4,22
-48.6773,-26.9122,11.29,22
-48.6766,-26.916,13.4,22
-48.6757,-26.9161,13.4,22
-48.6761,-26.9159,13.4,22
-48.677,-26.9158,13.4,22
-48.6748,-26.9162,13.4,22
-48.6752,-26.9159,13.4,22
-48.6744,-26.916,13.4,22
-48.7254,-26.85,37.49,22
-48.7259,-26.8506,37.49,22
-48.7254,-26.8504,37.49,22
-48.7249,-26.849,37.49,22
-48.7254,-26.8496,37.49,22
-48.7249,-26.8494,37.49,22
-48.7263,-26.8512,37.49,22
-48.7259,-26.851,37.49,22
-48.7236,-26.848,37.49,22
-48.7231,-26.8478,37.49,22
-48.724,-26.8482,37.49,22
-48.7245,-26.8488,37.49,22
-48.724,-26.8486,37.49,22
-48.7245,-26.8492,37.49,22
-48.7195,-26.8447,37.49,22
-48.72,-26.8449,37.49,22
-48.7204,-26.8455,37.49,22
-48.7204,-26.8451,37.49,22
-48.7213,-26.8458,37.49,22
-48.7209,-26.8457,37.49,22
-48.7213,-26.8463,37.49,22
-48.7231,-26.8474,37.49,22
-48.7227,-26.8472,37.49,22
-48.7222,-26.8466,37.49,22
-48.7218,-26.8464,37.49,22
-48.7222,-26.847,37.49,22
-48.6548,-26.9047,2.62,22
-48.6543,-26.9053,2.62,22
-48.6548,-26.9051,2.62,22
-48.6544,-26.9057,2.62,22
-48.6552,-26.9044,2.62,22
-48.6556,-26.9042,2.62,22
-48.6544,-26.9062,2.62,22
-48.6539,-26.906,2.62,22
-48.6874,-26.9007,3.7,7
-48.6869,-26.9005,3.7,7
-48.687,-26.901,3.7,7
-48.6883,-26.9023,4.28,7
-48.6887,-26.9021,4.28,7
-48.6879,-26.9022,4.28,7
-48.687,-26.9018,3.7,7
-48.687,-26.9014,3.7,7
-48.687,-26.9022,3.99,7
-48.6874,-26.902,4.28,7
-48.6817,-26.9009,6.81,7
-48.6826,-26.9008,6.81,7
-48.6821,-26.9006,6.81,7
-48.6808,-26.9009,6.81,7
-48.68,-26.901,6.81,7
-48.6804,-26.9007,6.81,7
-48.6813,-26.9007,6.81,7
-48.6795,-26.9008,8.47,7
-48.6725,-26.9004,18.64,7
-48.673,-26.9002,18.64,7
-48.6725,-26.9008,18.64,7
-48.6734,-26.8995,18.64,7
-48.6738,-26.8993,18.64,7
-48.6734,-26.8991,18.64,7
-48.6729,-26.8998,18.64,7
-48.6717,-26.9013,18.64,7
-48.6721,-26.9011,18.64,7
-48.6717,-26.9017,18.64,7
-48.6721,-26.9015,18.64,7
-48.6738,-26.8984,18.64,7
-48.6742,-26.8982,15.71,7
-48.6738,-26.8989,18.64,7
-48.6746,-26.8976,15.71,7
-48.6775,-26.9045,13.62,7
-48.6775,-26.9049,13.62,7
-48.6778,-26.9026,13.62,7
-48.6774,-26.9024,13.62,7
-48.6779,-26.903,13.62,7
-48.6778,-26.9022,13.62,7
-48.6779,-26.9038,13.62,7
-48.6779,-26.9034,13.62,7
-48.6779,-26.9043,13.62,7
-48.6735,-26.9029,5.77,7
-48.673,-26.9027,5.77,7
-48.6713,-26.9028,5.77,7
-48.6722,-26.9027,5.77,7
-48.6726,-26.9025,5.77,7
-48.6717,-26.9025,5.77,7
-48.6819,-26.8944,9.84,7
-48.6819,-26.8948,9.84,7
-48.6819,-26.8923,9.84,7
-48.6819,-26.8927,5.92,7
-48.6818,-26.8915,9.84,7
-48.6818,-26.8919,9.84,7
-48.6819,-26.8935,9.84,7
-48.6819,-26.8931,9.84,7
-48.6819,-26.894,9.84,7
-48.6823,-26.8925,4.613333333333333,7
-48.6827,-26.8922,4.613333333333333,7
-48.6916,-26.9095,11.6,7
-48.6887,-26.9124,6.44,7
-48.6887,-26.9128,6.44,7
-48.6891,-26.9121,14.155,7
-48.6886,-26.9119,6.44,7
-48.6887,-26.9136,6.44,7
-48.6891,-26.9134,6.44,7
-48.6887,-26.9132,6.44,7
-48.6887,-26.914,6.44,7
-48.69,-26.9125,21.87,7
-48.6891,-26.9125,6.44,7
-48.6895,-26.9123,21.87,7
-48.6891,-26.913,6.44,7
-48.6912,-26.9109,4.83,7
-48.6908,-26.9108,6.3,7
-48.6917,-26.9111,4.83,7
-48.6908,-26.9112,5.565,7
-48.6921,-26.9096,11.6,7
-48.6912,-26.9097,11.6,7
-48.6908,-26.9095,11.6,7
-48.6908,-26.9103,6.3,7
-48.6926,-26.9111,4.83,7
-48.6921,-26.9113,4.83,7
-48.6908,-26.9116,6.3,7
-48.6904,-26.9122,21.87,7
-48.6908,-26.912,6.3,7
-48.69,-26.9121,21.87,7
-48.6776,-26.9082,13.62,7
-48.6776,-26.9091,11.32,7
-48.6794,-26.9102,11.266666666666666,7
-48.6798,-26.91,11.266666666666666,7
-48.679,-26.91,11.266666666666666,7
-48.6776,-26.9095,11.32,7
-48.6781,-26.9101,11.266666666666666,7
-48.6777,-26.9099,11.32,7
-48.6776,-26.9074,13.62,7
-48.6776,-26.9078,13.62,7
-48.6775,-26.9057,13.62,7
-48.6775,-26.9053,13.62,7
-48.6775,-26.9062,13.62,7
-48.6779,-26.9047,13.62,7
-48.6779,-26.9051,13.62,7
-48.6775,-26.9066,13.62,7
-48.6776,-26.907,13.62,7
-48.6773,-26.9114,11.32,7
-48.6773,-26.9118,11.32,7
-48.6785,-26.9103,11.266666666666666,7
-48.682,-26.9101,12.635,7
-48.6825,-26.9098,12.635,7
-48.6816,-26.9099,12.635,7
-48.6807,-26.9099,11.266666666666666,7
-48.6812,-26.9101,12.635,7
-48.6803,-26.9102,11.266666666666666,7
-48.6772,-26.9093,11.32,7
-48.6772,-26.9097,11.32,7
-48.6772,-26.9106,11.32,7
-48.6777,-26.9103,11.288,7
-48.6772,-26.9102,11.288,7
-48.6773,-26.911,11.32,7
-48.7057,-26.8881,13.783333333333333,7
-48.7053,-26.8879,13.783333333333333,7
-48.7044,-26.8879,11.496,7
-48.7049,-26.8881,13.783333333333333,7
-48.704,-26.8882,10.88,7
-48.7107,-26.8921,16.41,7
-48.7107,-26.8926,16.41,7
-48.7005,-26.8876,11.126666666666665,7
-48.7009,-26.8873,5.16,7
-48.7005,-26.8871,5.16,7
-48.7005,-26.888,6.135,7
-48.7009,-26.8877,9.725714285714286,7
-48.7001,-26.8878,10.1225,7
-48.6918,-26.8885,16.01,7
-48.6918,-26.8889,16.01,7
-48.6922,-26.8895,16.01,7
-48.6923,-26.89,16.01,7
-48.6974,-26.8863,14.6,7
-48.6978,-26.886,14.6,7
-48.6974,-26.8859,14.6,7
-48.6978,-26.8865,14.6,7
-48.6923,-26.8912,16.01,7
-48.7009,-26.8865,5.16,7
-48.7009,-26.8869,5.16,7
-48.7031,-26.8878,11.496,7
-48.7031,-26.8882,7.8,7
-48.7036,-26.888,10.88,7
-48.7027,-26.888,9.964285714285714,7
-48.7018,-26.8877,12.6625,7
-48.7018,-26.8881,10.486666666666666,7
-48.7022,-26.8879,9.964285714285714,7
-48.7014,-26.8879,10.486666666666666,7
-48.7004,-26.8863,5.16,7
-48.7005,-26.8867,5.16,7
-48.7009,-26.8861,5.16,7
-48.7004,-26.8859,5.16,7
-48.6983,-26.8866,14.6,7
-48.7112,-26.8952,16.41,7
-48.7112,-26.8957,16.41,7
-48.7106,-26.8905,16.41,7
-48.7106,-26.8909,16.41,7
-48.7111,-26.8906,16.41,7
-48.7111,-26.8915,16.41,7
-48.7107,-26.8913,16.41,7
-48.7111,-26.8911,16.41,7
-48.7111,-26.8919,16.41,7
-48.7107,-26.8917,16.41,7
-48.7199,-26.8934,57.07,7
-48.7107,-26.8934,16.41,7
-48.7112,-26.8932,16.41,7
-48.7107,-26.893,16.41,7
-48.7107,-26.8938,16.41,7
-48.7112,-26.8936,16.41,7
-48.7111,-26.8923,16.41,7
-48.7111,-26.8927,16.41,7
-48.7112,-26.8944,16.41,7
-48.7108,-26.8942,16.41,7
-48.7112,-26.894,16.41,7
-48.7112,-26.8948,16.41,7
-48.7,-26.9001,21.15,7
-48.7005,-26.9003,18.82,7
-48.7009,-26.8992,5.04,7
-48.7013,-26.8994,5.04,7
-48.7005,-26.8995,5.02,7
-48.6996,-26.8995,5.02,7
-48.7,-26.8993,5.02,7
-48.6991,-26.8994,5.02,7
-48.7001,-26.901,16.49,7
-48.7005,-26.9007,16.49,7
-48.7001,-26.9014,12.655,7
-48.7014,-26.9007,21.15,7
-48.7009,-26.9005,21.15,7
-48.7031,-26.8993,5.06,7
-48.7031,-26.8997,5.06,7
-48.7022,-26.8994,5.04,7
-48.7018,-26.8992,5.04,7
-48.7026,-26.8996,5.06,7
-48.6665,-26.902,8.85,7
-48.6656,-26.9021,8.85,7
-48.666,-26.9019,8.85,7
-48.6651,-26.9019,8.85,7
-48.6713,-26.9019,18.64,7
-48.6713,-26.9024,18.64,7
-48.6638,-26.9022,8.85,7
-48.6643,-26.902,8.85,7
-48.6647,-26.9022,8.85,7
-48.6742,-26.8978,15.71,7
-48.6759,-26.8956,12.78,7
-48.6754,-26.8962,15.71,7
-48.6759,-26.896,15.71,7
-48.6767,-26.8947,12.78,7
-48.6763,-26.8954,12.78,7
-48.6767,-26.8951,12.78,7
-48.675,-26.8965,15.71,7
-48.6746,-26.8971,15.71,7
-48.675,-26.8969,15.71,7
-48.6565,-26.9037,6.93,7
-48.6569,-26.9035,6.93,7
-48.656,-26.904,6.93,7
-48.6917,-26.8864,16.01,7
-48.6917,-26.8869,16.01,7
-48.6917,-26.8877,16.01,7
-48.6917,-26.8873,16.01,7
-48.6918,-26.8881,16.01,7
-48.6848,-26.889,8.72,7
-48.6852,-26.8887,8.72,7
-48.6844,-26.8892,8.72,7
-48.6918,-26.8894,16.01,7
-48.6918,-26.8898,16.01,7
-48.6918,-26.8906,16.01,7
-48.6923,-26.8904,16.01,7
-48.6918,-26.8902,16.01,7
-48.6919,-26.891,16.01,7
-48.6923,-26.8908,16.01,7
-48.6831,-26.8907,8.72,7
-48.6835,-26.8905,8.72,7
-48.6827,-26.8906,8.72,7
-48.6831,-26.8903,8.72,7
-48.684,-26.8899,8.72,7
-48.6844,-26.8896,8.72,7
-48.6835,-26.8901,8.72,7
-48.6836,-26.8918,4.613333333333333,7
-48.6832,-26.892,4.613333333333333,7
-48.6933,-26.883,3.91,7
-48.6933,-26.8826,3.91,7
-48.6933,-26.8817,3.91,7
-48.6933,-26.8821,3.91,7
-48.6942,-26.8838,11.01,7
-48.6934,-26.8838,11.01,7
-48.6938,-26.8836,11.01,7
-48.6933,-26.8813,3.91,7
-48.6917,-26.8856,16.01,7
-48.6917,-26.886,16.01,7
-48.6951,-26.8841,11.01,7
-48.6947,-26.8839,11.01,7
-48.6951,-26.8845,11.01,7
-48.6956,-26.8843,11.01,7
-48.6965,-26.8851,14.6,7
-48.6969,-26.8857,14.6,7
-48.6965,-26.8855,14.6,7
-48.696,-26.8849,14.6,7
-48.6956,-26.8847,11.01,7
-48.6953,-26.9142,16.74,7
-48.6957,-26.914,16.74,7
-48.6948,-26.9141,16.74,7
-48.6953,-26.9138,16.74,7
-48.6931,-26.915,6.165,7
-48.6936,-26.9148,6.165,7
-48.6931,-26.9146,6.165,7
-48.6931,-26.9154,6.165,7
-48.6936,-26.9152,6.165,7
-48.6944,-26.9139,16.74,7
-48.6935,-26.9139,6.165,7
-48.694,-26.9137,16.74,7
-48.6935,-26.9143,6.165,7
-48.6936,-26.916,6.13,7
-48.6932,-26.9158,6.13,7
-48.6936,-26.9156,6.165,7
-48.6922,-26.913,20.715,7
-48.6917,-26.9128,20.715,7
-48.6926,-26.9132,20.715,7
-48.6909,-26.9128,20.715,7
-48.6913,-26.9126,20.715,7
-48.6904,-26.9127,21.87,7
-48.6909,-26.9124,15.91,7
-48.6931,-26.9138,6.165,7
-48.6931,-26.9142,6.165,7
-48.6728,-26.9211,15.12,7
-48.6719,-26.9207,15.12,7
-48.6715,-26.9206,15.12,7
-48.6719,-26.9203,15.12,7
-48.6724,-26.9209,15.12,7
-48.6773,-26.9242,13.2,7
-48.6773,-26.9246,13.2,7
-48.6777,-26.9243,13.2,7
-48.6782,-26.9249,13.2,7
-48.6777,-26.9248,13.2,7
-48.688,-26.9314,10.99,7
-48.6876,-26.9312,10.99,7
-48.6862,-26.9303,10.99,7
-48.6894,-26.9328,10.99,7
-48.6889,-26.9326,10.99,7
-48.6894,-26.9324,10.99,7
-48.6885,-26.932,10.99,7
-48.688,-26.9318,10.99,7
-48.6889,-26.9322,10.99,7
-48.6898,-26.933,10.99,7
-48.6867,-26.9309,10.99,7
-48.6862,-26.9307,10.99,7
-48.6871,-26.9311,10.99,7
-48.6876,-26.9317,10.99,7
-48.6977,-26.9222,19.48,7
-48.6977,-26.9218,19.48,7
-48.6973,-26.9225,19.48,7
-48.6981,-26.9212,19.48,7
-48.6986,-26.9209,19.48,7
-48.6982,-26.9216,19.48,7
-48.68,-26.9261,13.2,7
-48.6795,-26.9259,13.2,7
-48.6791,-26.9253,13.2,7
-48.6786,-26.9251,13.2,7
-48.6791,-26.9257,13.2,7
-48.6786,-26.9255,13.2,7
-48.6804,-26.9263,13.2,7
-48.6809,-26.9269,13.2,7
-48.6804,-26.9267,13.2,7
-48.7154,-26.9036,39.03,7
-48.7159,-26.9033,48.05,7
-48.7155,-26.904,48.05,7
-48.7159,-26.9037,57.07,7
-48.7163,-26.9027,57.07,7
-48.7158,-26.9025,39.03,7
-48.7163,-26.9022,48.05,7
-48.7163,-26.9031,57.07,7
-48.7159,-26.9029,39.03,7
-48.7155,-26.9044,48.05,7
-48.7155,-26.9048,57.07,7
-48.715,-26.9046,39.03,7
-48.7085,-26.9048,21.15,7
-48.7081,-26.9046,21.15,7
-48.7085,-26.9052,21.15,7
-48.7081,-26.9051,21.15,7
-48.7138,-26.9074,39.03,7
-48.7116,-26.9069,21.15,7
-48.7134,-26.9089,48.05,7
-48.713,-26.9096,39.03,7
-48.7135,-26.9093,48.05,7
-48.7139,-26.9083,48.05,7
-48.7138,-26.9078,48.05,7
-48.7139,-26.9087,57.07,7
-48.7134,-26.9085,39.03,7
-48.7147,-26.9061,48.05,7
-48.7142,-26.9068,48.05,7
-48.7147,-26.9065,48.05,7
-48.7151,-26.9055,48.05,7
-48.7151,-26.905,48.05,7
-48.7151,-26.9059,57.07,7
-48.7146,-26.9057,48.05,7
-48.7143,-26.9072,48.05,7
-48.7143,-26.9076,48.05,7
-48.7103,-26.906,21.15,7
-48.7098,-26.9058,21.15,7
-48.7103,-26.9064,21.15,7
-48.7107,-26.9062,21.15,7
-48.7094,-26.9056,21.15,7
-48.709,-26.9054,21.15,7
-48.7112,-26.9067,21.15,7
-48.7107,-26.9066,21.15,7
-48.7003,-26.9089,16.51,7
-48.7008,-26.9087,16.51,7
-48.7003,-26.9085,16.51,7
-48.7004,-26.9093,16.51,7
-48.7008,-26.9091,16.51,7
-48.7008,-26.9082,16.51,7
-48.7003,-26.9076,16.51,7
-48.7003,-26.9081,16.51,7
-48.6942,-26.9093,11.6,7
-48.6947,-26.9095,11.6,7
-48.6938,-26.9095,11.6,7
-48.6929,-26.9096,11.6,7
-48.6934,-26.9093,11.6,7
-48.6925,-26.9094,11.6,7
-48.6956,-26.9094,12.25,7
-48.6951,-26.9092,11.6,7
-48.6979,-26.9149,16.74,7
-48.6975,-26.9147,16.74,7
-48.6966,-26.9144,16.74,7
-48.6962,-26.9142,16.74,7
-48.697,-26.9145,16.74,7
-48.6939,-26.912,6.505,7
-48.6939,-26.9124,6.505,7
-48.6939,-26.9112,6.505,7
-48.6939,-26.9116,6.505,7
-48.6948,-26.9136,16.74,7
-48.6939,-26.9129,6.505,7
-48.6935,-26.9135,13.606,7
-48.6939,-26.9133,6.505,7
-48.6931,-26.9133,18.566666666666666,7
-48.7049,-26.903,21.15,7
-48.7045,-26.9028,21.15,7
-48.7063,-26.9035,21.15,7
-48.7067,-26.9041,21.15,7
-48.7063,-26.9039,21.15,7
-48.7058,-26.9033,21.15,7
-48.7054,-26.9031,21.15,7
-48.7058,-26.9037,21.15,7
-48.7001,-26.9031,13.946666666666667,7
-48.7001,-26.9026,13.946666666666667,7
-48.7002,-26.9035,13.946666666666667,7
-48.7001,-26.9018,13.946666666666667,7
-48.7001,-26.9022,13.946666666666667,7
-48.7002,-26.9039,13.946666666666667,7
-48.7002,-26.9043,13.946666666666667,7
-48.7032,-26.9018,21.15,7
-48.7027,-26.9016,21.15,7
-48.7018,-26.9013,21.15,7
-48.7014,-26.9011,21.15,7
-48.7018,-26.9009,21.15,7
-48.7023,-26.9015,21.15,7
-48.7036,-26.9024,21.15,7
-48.704,-26.9022,21.15,7
-48.7036,-26.902,21.15,7
-48.7041,-26.9026,21.15,7
-48.7076,-26.9045,21.15,7
-48.7072,-26.9043,21.15,7
-48.7076,-26.9049,21.15,7
-48.7002,-26.906,16.51,7
-48.7002,-26.9056,16.51,7
-48.7003,-26.9064,16.51,7
-48.7002,-26.9047,13.946666666666667,7
-48.7002,-26.9051,16.51,7
-48.7003,-26.9068,16.51,7
-48.7003,-26.9072,16.51,7
-48.7063,-26.9175,10.95,7
-48.7054,-26.9172,10.95,7
-48.705,-26.917,10.95,7
-48.7059,-26.9173,10.95,7
-48.7126,-26.911,57.07,7
-48.7131,-26.9108,57.07,7
-48.7126,-26.9106,57.07,7
-48.713,-26.91,48.05,7
-48.7135,-26.9097,57.07,7
-48.7131,-26.9104,57.07,7
-48.7006,-26.9177,19.48,7
-48.7011,-26.9174,19.48,7
-48.7007,-26.9181,19.48,7
-48.701,-26.9166,19.48,7
-48.7011,-26.917,19.48,7
-48.7002,-26.9183,19.48,7
-48.6998,-26.919,19.48,7
-48.7002,-26.9187,19.48,7
-48.7037,-26.9164,10.95,7
-48.7023,-26.9163,10.95,7
-48.7019,-26.9161,10.95,7
-48.7041,-26.917,10.95,7
-48.7045,-26.9168,10.95,7
-48.7037,-26.9168,10.95,7
-48.7041,-26.9166,10.95,7
-48.7032,-26.9167,10.95,7
-48.7028,-26.9165,10.95,7
-48.699,-26.9203,19.48,7
-48.6998,-26.9194,19.48,7
-48.6986,-26.9205,19.48,7
-48.699,-26.9199,19.48,7
-48.6994,-26.9196,19.48,7
-48.6642,-26.9139,10.52,7
-48.6638,-26.9137,10.52,7
-48.6642,-26.9135,10.52,7
-48.6625,-26.914,13.17,7
-48.6621,-26.9138,13.17,7
-48.6625,-26.9144,13.17,7
-48.6629,-26.9142,13.17,7
-48.6633,-26.9131,10.52,7
-48.6629,-26.9129,10.52,7
-48.6638,-26.9133,10.52,7
-48.6643,-26.9151,13.17,7
-48.6638,-26.915,13.17,7
-48.6643,-26.9156,14.47,7
-48.6651,-26.9143,10.52,7
-48.6647,-26.9141,10.52,7
-48.6651,-26.9147,10.065,7
-48.6634,-26.9148,13.17,7
-48.663,-26.9146,13.17,7
-48.6607,-26.9129,7.4325,7
-48.6603,-26.9127,7.4325,7
-48.6612,-26.913,7.4325,7
-48.662,-26.9122,10.52,7
-48.6598,-26.9125,7.4325,7
-48.6594,-26.9123,7.4325,7
-48.6616,-26.9136,13.17,7
-48.6612,-26.9135,13.17,7
-48.6629,-26.9125,10.52,7
-48.6624,-26.9123,10.52,7
-48.6652,-26.9159,14.47,7
-48.6647,-26.9157,14.47,7
-48.6665,-26.9152,9.61,7
-48.6669,-26.9158,9.61,7
-48.6665,-26.9156,9.61,7
-48.666,-26.915,10.065,7
-48.6656,-26.9149,10.065,7
-48.666,-26.9155,10.065,7
-48.6674,-26.9164,9.61,7
-48.6674,-26.916,9.61,7
-48.6678,-26.9166,9.61,7
-48.6661,-26.9163,14.47,7
-48.6656,-26.9161,14.47,7
-48.6661,-26.9167,14.47,7
-48.6656,-26.9165,14.47,7
-48.6693,-26.9077,10.82,7
-48.6693,-26.9081,10.82,7
-48.6706,-26.907,6.64,7
-48.6706,-26.9066,6.64,7
-48.6706,-26.9074,6.64,7
-48.6693,-26.9069,10.82,7
-48.6692,-26.9065,10.82,7
-48.6693,-26.9073,10.82,7
-48.6706,-26.9087,6.64,7
-48.6706,-26.9091,6.64,7
-48.671,-26.908,6.64,7
-48.6706,-26.9078,6.64,7
-48.6711,-26.9084,6.64,7
-48.6706,-26.9083,6.64,7
-48.6693,-26.9086,10.82,7
-48.6693,-26.909,10.82,7
-48.6705,-26.9062,6.64,7
-48.6688,-26.9059,10.82,7
-48.6692,-26.9056,10.82,7
-48.6692,-26.9061,10.82,7
-48.6698,-26.9108,10.82,7
-48.6694,-26.9106,10.82,7
-48.6698,-26.9104,10.82,7
-48.6698,-26.9112,10.82,7
-48.6694,-26.9111,10.82,7
-48.6711,-26.9097,8.9,7
-48.6702,-26.9098,11.16,7
-48.6707,-26.9095,8.9,7
-48.6694,-26.9098,10.82,7
-48.6698,-26.9096,10.82,7
-48.6693,-26.9094,10.82,7
-48.6694,-26.9102,10.82,7
-48.6698,-26.91,10.82,7
-48.6699,-26.9117,10.82,7
-48.6699,-26.9121,10.82,7
-48.6728,-26.9096,11.16,7
-48.6733,-26.9094,11.16,7
-48.6724,-26.9094,11.16,7
-48.6737,-26.9083,2.35,7
-48.6741,-26.908,2.35,7
-48.6737,-26.9087,2.35,7
-48.6741,-26.9085,2.35,7
-48.6711,-26.9089,6.64,7
-48.6715,-26.9095,11.16,7
-48.6711,-26.9093,6.64,7
-48.6741,-26.9093,6.755,7
-48.6737,-26.9091,2.35,7
-48.6741,-26.9089,2.35,7
-48.6737,-26.9095,11.16,7
-48.672,-26.9096,11.16,7
-48.6576,-26.9116,7.4325,7
-48.6576,-26.912,7.4325,7
-48.6581,-26.9118,7.4325,7
-48.6572,-26.9118,7.4325,7
-48.6589,-26.9121,7.4325,7
-48.6585,-26.912,7.4325,7
-48.6545,-26.9103,12.57,7
-48.6549,-26.9101,12.57,7
-48.6545,-26.9107,12.57,7
-48.655,-26.9105,12.57,7
-48.6549,-26.9093,12.57,7
-48.6549,-26.9097,12.57,7
-48.6622,-26.9057,5.94,7
-48.6618,-26.9055,5.94,7
-48.6557,-26.9054,12.57,7
-48.6557,-26.9059,12.57,7
-48.6604,-26.9045,5.94,7
-48.6609,-26.9051,5.94,7
-48.6613,-26.9049,5.94,7
-48.6609,-26.9047,5.94,7
-48.6613,-26.9053,5.94,7
-48.6602,-26.9102,4.8,7
-48.6593,-26.9098,4.8,7
-48.6589,-26.9096,4.8,7
-48.6593,-26.9094,4.8,7
-48.6597,-26.91,4.8,7
-48.6598,-26.9104,4.8,7
-48.6588,-26.9092,4.8,7
-48.6584,-26.909,4.8,7
-48.6701,-26.9196,15.12,7
-48.6697,-26.9194,15.12,7
-48.6701,-26.9192,15.12,7
-48.6706,-26.9198,15.12,7
-48.6697,-26.919,15.12,7
-48.6692,-26.9188,15.12,7
-48.6715,-26.9201,15.12,7
-48.671,-26.92,15.12,7
-48.6674,-26.9173,15.12,7
-48.6679,-26.9179,15.12,7
-48.6674,-26.9177,15.12,7
-48.667,-26.9171,15.12,7
-48.6665,-26.9169,15.12,7
-48.667,-26.9175,15.12,7
-48.6688,-26.9182,15.12,7
-48.6683,-26.918,15.12,7
-48.6688,-26.9186,15.12,7
-48.6773,-26.9122,11.32,7
-48.6773,-26.9127,11.32,7
-48.6773,-26.9135,13.77,7
-48.6773,-26.9131,13.77,7
-48.6683,-26.9168,9.61,7
-48.7303,-26.8656,8.48,7
-48.7304,-26.8668,8.48,7
-48.7299,-26.8675,51.18,7
-48.7304,-26.8672,29.83,7
-48.7303,-26.866,8.48,7
-48.7303,-26.8664,8.48,7
-48.73,-26.8687,51.18,7
-48.73,-26.8692,51.18,7
-48.7304,-26.8681,29.83,7
-48.73,-26.8679,51.18,7
-48.7304,-26.8677,29.83,7
-48.7304,-26.8685,8.48,7
-48.73,-26.8683,51.18,7
-48.73,-26.87,51.18,7
-48.7296,-26.8698,51.18,7
-48.73,-26.8696,29.83,7
-48.7296,-26.8702,51.18,7
-48.7304,-26.8689,8.48,7
-48.7304,-26.8693,8.48,7
-48.726,-26.879,51.18,7
-48.7256,-26.8797,51.18,7
-48.726,-26.8795,51.18,7
-48.7264,-26.8784,51.18,7
-48.7264,-26.878,51.18,7
-48.7264,-26.8788,51.18,7
-48.726,-26.8786,51.18,7
-48.7256,-26.8801,51.18,7
-48.7256,-26.8805,51.18,7
-48.7272,-26.8762,51.18,7
-48.7268,-26.8769,51.18,7
-48.7272,-26.8767,51.18,7
-48.7276,-26.8756,51.18,7
-48.7276,-26.8752,51.18,7
-48.7272,-26.8758,51.18,7
-48.7268,-26.8773,51.18,7
-48.7268,-26.8777,51.18,7
-48.7248,-26.8818,54.125,7
-48.7243,-26.8825,54.125,7
-48.7248,-26.8822,54.125,7
-48.7252,-26.8812,51.18,7
-48.7252,-26.8808,51.18,7
-48.7252,-26.8816,51.18,7
-48.7292,-26.8717,51.18,7
-48.7288,-26.872,51.18,7
-48.7292,-26.8709,51.18,7
-48.7296,-26.8706,51.18,7
-48.7292,-26.8713,51.18,7
-48.7288,-26.8728,51.18,7
-48.7288,-26.8724,51.18,7
-48.7284,-26.873,51.18,7
-48.728,-26.8745,51.18,7
-48.728,-26.8749,51.18,7
-48.7276,-26.8747,51.18,7
-48.7284,-26.8734,51.18,7
-48.728,-26.8741,51.18,7
-48.7284,-26.8739,51.18,7
-48.724,-26.884,54.125,7
-48.7239,-26.8836,54.125,7
-48.724,-26.8844,54.125,7
-48.7244,-26.8829,54.125,7
-48.7248,-26.8827,54.125,7
-48.7244,-26.8833,54.125,7
-48.7235,-26.8846,54.125,7
-48.7236,-26.885,54.125,7
-48.7223,-26.8874,54.125,7
-48.7223,-26.8878,54.125,7
-48.7215,-26.8896,54.125,7
-48.722,-26.8893,54.125,7
-48.7215,-26.89,54.125,7
-48.722,-26.8897,3.67,7
-48.7219,-26.8885,54.125,7
-48.7224,-26.8883,54.125,7
-48.7219,-26.8889,54.125,7
-48.7227,-26.8868,54.125,7
-48.7232,-26.8865,54.125,7
-48.7227,-26.8864,54.125,7
-48.7228,-26.8872,54.125,7
-48.7231,-26.8857,54.125,7
-48.7236,-26.8855,54.125,7
-48.7232,-26.8861,54.125,7
-48.6548,-26.9047,6.93,7
-48.6543,-26.9053,6.93,7
-48.6548,-26.9051,6.93,7
-48.6544,-26.9057,6.93,7
-48.6552,-26.9044,6.93,7
-48.6556,-26.9042,6.93,7
-48.6553,-26.9065,12.57,7
-48.6557,-26.9063,12.57,7
-48.6552,-26.9061,12.57,7
-48.6553,-26.9069,12.57,7
-48.6544,-26.9062,6.93,7
-48.6539,-26.906,6.93,7
-48.6549,-26.9084,12.57,7
-48.6553,-26.9082,12.57,7
-48.6549,-26.908,12.57,7
-48.6549,-26.9088,12.57,7
-48.6553,-26.9073,12.57,7
-48.6553,-26.9078,12.57,7
-48.6952,-26.936,3.84,7
-48.6947,-26.9358,3.84,7
-48.6938,-26.9355,3.84,7
-48.6934,-26.9353,3.84,7
-48.6938,-26.9359,3.84,7
-48.6943,-26.9356,3.84,7
-48.6956,-26.9366,3.84,7
-48.696,-26.9364,3.84,7
-48.6952,-26.9364,3.84,7
-48.6956,-26.9362,3.84,7
-48.6947,-26.9362,3.84,7
-48.6943,-26.9361,3.84,7
-48.692,-26.9343,3.84,7
-48.6925,-26.9345,3.84,7
-48.6929,-26.9351,3.84,7
-48.6925,-26.9349,3.84,7
-48.7078,-26.9362,24.98,7
-48.7065,-26.9361,24.98,7
-48.7061,-26.9359,24.98,7
-48.7029,-26.9338,24.98,7
-48.7025,-26.9336,24.98,7
-48.7047,-26.935,24.98,7
-48.7043,-26.9348,24.98,7
-48.7034,-26.9344,24.98,7
-48.7038,-26.9342,24.98,7
-48.7034,-26.934,24.98,7
-48.7038,-26.9346,24.98,7
-48.7016,-26.9337,24.98,7
-48.7021,-26.9335,24.98,7
-48.7118,-26.9379,24.98,7
-48.7114,-26.9377,24.98,7
-48.7127,-26.9382,24.98,7
-48.7123,-26.938,24.98,7
-48.7127,-26.9386,24.98,7
-48.7123,-26.9385,24.98,7
-48.7087,-26.9366,24.98,7
-48.7083,-26.9364,24.98,7
-48.7074,-26.9365,24.98,7
-48.707,-26.9363,24.98,7
-48.7092,-26.9364,24.98,7
-48.7109,-26.9371,24.98,7
-48.7105,-26.9369,24.98,7
-48.7109,-26.9375,24.98,7
-48.7114,-26.9373,24.98,7
-48.71,-26.9367,24.98,7
-48.7096,-26.9365,24.98,7
-48.7141,-26.9392,24.98,7
-48.7145,-26.9398,24.98,7
-48.7141,-26.9396,24.98,7
-48.7136,-26.939,24.98,7
-48.7132,-26.9388,24.98,7
-48.7136,-26.9394,24.98,7
-48.7014,-26.9385,11.1025,7
-48.7009,-26.9384,11.1025,7
-48.7,-26.938,11.1025,7
-48.6996,-26.9378,11.1025,7
-48.7,-26.9384,11.1025,7
-48.7005,-26.9382,11.1025,7
-48.6996,-26.9382,11.1025,7
-48.7022,-26.9389,11.1025,7
-48.7018,-26.9387,11.1025,7
-48.7022,-26.9385,11.1025,7
-48.7052,-26.9356,24.98,7
-48.7056,-26.9353,24.98,7
-48.7052,-26.9352,24.98,7
-48.7056,-26.9358,24.98,7
-48.6987,-26.937,6.3,7
-48.6995,-26.9357,6.3,7
-48.6991,-26.9364,6.3,7
-48.6995,-26.9361,6.3,7
-48.6969,-26.9367,3.84,7
-48.6965,-26.9365,3.84,7
-48.6974,-26.9369,3.84,7
-48.6987,-26.9379,11.1025,7
-48.6983,-26.9377,11.1025,7
-48.6992,-26.938,11.1025,7
-48.6991,-26.9368,6.3,7
-48.6978,-26.9375,11.1025,7
-48.7021,-26.9339,24.98,7
-48.6999,-26.9355,6.3,7
-48.7179,-26.8988,48.05,7
-48.7175,-26.8986,39.03,7
-48.7175,-26.899,48.05,7
-48.7179,-26.898,48.05,7
-48.7183,-26.8977,48.05,7
-48.7179,-26.8984,48.05,7
-48.7183,-26.8981,57.07,7
-48.7175,-26.8999,57.07,7
-48.7171,-26.8997,39.03,7
-48.7175,-26.8994,48.05,7
-48.7171,-26.9001,48.05,7
-48.7218,-26.8971,2.96,7
-48.7213,-26.8969,2.96,7
-48.7222,-26.8968,2.96,7
-48.7209,-26.8967,2.895,7
-48.7205,-26.8965,2.895,7
-48.7227,-26.897,2.96,7
-48.7187,-26.8962,57.07,7
-48.7191,-26.8952,57.07,7
-48.7195,-26.8949,57.07,7
-48.7191,-26.8956,57.07,7
-48.7187,-26.8971,57.07,7
-48.7187,-26.8967,57.07,7
-48.7183,-26.8973,48.05,7
-48.7196,-26.8962,2.895,7
-48.7191,-26.896,20.953333333333333,7
-48.72,-26.8964,2.895,7
-48.7167,-26.9016,48.05,7
-48.7171,-26.9014,57.07,7
-48.7167,-26.902,57.07,7
-48.7166,-26.8999,3.89,7
-48.7162,-26.9014,39.03,7
-48.7163,-26.9018,39.03,7
-48.7167,-26.9008,39.03,7
-48.7171,-26.9005,48.05,7
-48.7162,-26.9006,3.89,7
-48.7166,-26.9003,3.89,7
-48.7167,-26.9012,48.05,7
-48.7171,-26.9009,57.07,7
-48.7162,-26.901,3.89,7
-48.7207,-26.8913,54.125,7
-48.7211,-26.8911,54.125,7
-48.7207,-26.8917,54.125,7
-48.7224,-26.8903,6.885,7
-48.7216,-26.8904,25.138,7
-48.722,-26.8902,5.8133333333333335,7
-48.7216,-26.8908,3.67,7
-48.7211,-26.8902,38.913333333333334,7
-48.7211,-26.8906,54.125,7
-48.7203,-26.8924,54.125,7
-48.7207,-26.8921,54.125,7
-48.7203,-26.8928,57.07,7
-48.7242,-26.8898,8.49,7
-48.7237,-26.8901,6.885,7
-48.7229,-26.8901,6.885,7
-48.7233,-26.8899,6.885,7
-48.7224,-26.8899,6.885,7
-48.7199,-26.8943,57.07,7
-48.7195,-26.8941,57.07,7
-48.7199,-26.8939,57.07,7
-48.7195,-26.8945,57.07,7
-48.7203,-26.8932,57.07,7
-48.6459,-26.9274,14.77,7
-48.6463,-26.9272,14.77,7
-48.6468,-26.9265,14.77,7
-48.6472,-26.9263,14.77,7
-48.6468,-26.9269,14.77,7
-48.6485,-26.9251,14.77,7
-48.6489,-26.9249,14.77,7
-48.6485,-26.9256,14.77,7
-48.6498,-26.9244,14.77,7
-48.6498,-26.9248,14.77,7
-48.6502,-26.9246,14.77,7
-48.6493,-26.9247,14.77,7
-48.6476,-26.926,14.77,7
-48.6481,-26.9258,14.77,7
-48.6857,-26.9017,15.37,8
-48.6857,-26.9013,15.37,8
-48.6874,-26.9007,4.57,8
-48.6869,-26.9005,4.57,8
-48.687,-26.901,4.57,8
-48.6887,-26.9021,10.99,8
-48.687,-26.9018,4.57,8
-48.687,-26.9014,4.57,8
-48.687,-26.9022,4.57,8
-48.6817,-26.9009,15.37,8
-48.6826,-26.9008,15.37,8
-48.683,-26.9006,15.37,8
-48.6821,-26.9006,15.37,8
-48.6808,-26.9009,15.37,8
-48.6804,-26.9007,15.37,8
-48.6813,-26.9007,15.37,8
-48.6852,-26.9011,15.37,8
-48.6848,-26.9009,15.37,8
-48.6839,-26.9005,15.37,8
-48.6839,-26.9009,15.37,8
-48.6843,-26.9007,15.37,8
-48.6835,-26.9008,15.37,8
-48.6765,-26.9008,11.15,8
-48.676,-26.9006,11.15,8
-48.6769,-26.901,11.15,8
-48.6769,-26.9014,11.15,8
-48.6773,-26.8995,6.8,8
-48.676,-26.8985,6.8,8
-48.6755,-26.8983,6.8,8
-48.6742,-26.899,8.55,8
-48.6738,-26.8989,8.55,8
-48.6751,-26.8977,6.8,8
-48.6746,-26.8976,6.8,8
-48.6751,-26.8982,6.8,8
-48.6755,-26.8979,6.8,8
-48.676,-26.9002,8.55,8
-48.6756,-26.9,8.55,8
-48.6764,-26.8987,6.8,8
-48.6769,-26.8993,6.8,8
-48.6764,-26.8991,6.8,8
-48.6747,-26.8996,8.55,8
-48.6751,-26.8994,8.55,8
-48.6747,-26.8992,8.55,8
-48.6751,-26.8998,8.55,8
-48.6735,-26.9029,6.1,8
-48.673,-26.9027,6.1,8
-48.6709,-26.903,7.78,8
-48.6713,-26.9028,6.1,8
-48.6713,-26.9036,7.78,8
-48.6709,-26.9034,7.78,8
-48.6722,-26.9027,6.1,8
-48.6726,-26.9025,6.1,8
-48.6717,-26.9025,6.1,8
-48.6713,-26.904,7.78,8
-48.6718,-26.9046,7.78,8
-48.6714,-26.9045,7.78,8
-48.6894,-26.9098,6.77,8
-48.6899,-26.9096,12.33,8
-48.689,-26.9096,12.33,8
-48.6894,-26.9094,12.33,8
-48.6899,-26.91,6.77,8
-48.689,-26.91,6.77,8
-48.6916,-26.9095,10.79,8
-48.6833,-26.9085,14.06,8
-48.6891,-26.9121,18.03,8
-48.6895,-26.9119,11.96,8
-48.6887,-26.914,7.25,8
-48.69,-26.9125,18.03,8
-48.6895,-26.9123,16.006666666666664,8
-48.6921,-26.91,6.77,8
-48.6925,-26.9098,6.77,8
-48.6916,-26.9099,6.77,8
-48.6921,-26.9096,10.79,8
-48.6908,-26.9099,6.77,8
-48.6912,-26.9097,10.79,8
-48.6903,-26.9097,9.55,8
-48.6908,-26.9095,10.79,8
-48.6912,-26.9101,6.77,8
-48.6903,-26.9102,6.77,8
-48.6904,-26.9122,16.006666666666664,8
-48.69,-26.9121,16.006666666666664,8
-48.694,-26.9034,12.095,8
-48.6936,-26.9033,12.095,8
-48.694,-26.903,12.095,8
-48.6941,-26.9039,12.095,8
-48.6936,-26.9037,12.095,8
-48.6936,-26.9024,12.095,8
-48.694,-26.9022,11.726666666666667,8
-48.6931,-26.9022,10.99,8
-48.6936,-26.902,11.726666666666667,8
-48.6936,-26.9028,12.095,8
-48.694,-26.9026,12.095,8
-48.6941,-26.9043,12.095,8
-48.6941,-26.9047,12.095,8
-48.6936,-26.9041,12.095,8
-48.6936,-26.9045,12.095,8
-48.6909,-26.9022,10.99,8
-48.6914,-26.9024,10.99,8
-48.6905,-26.9024,10.99,8
-48.6896,-26.902,10.99,8
-48.6901,-26.9022,10.99,8
-48.6892,-26.9023,10.99,8
-48.6923,-26.9023,10.99,8
-48.6927,-26.9021,10.99,8
-48.6918,-26.9021,10.99,8
-48.694,-26.9009,12.095,8
-48.694,-26.9014,12.095,8
-48.694,-26.9018,12.095,8
-48.6941,-26.9064,13.98,8
-48.6937,-26.9062,13.98,8
-48.6941,-26.9059,13.98,8
-48.6942,-26.9068,13.98,8
-48.6937,-26.9066,13.98,8
-48.6937,-26.9053,12.095,8
-48.6941,-26.9051,12.095,8
-48.6937,-26.9049,12.095,8
-48.6937,-26.9058,13.98,8
-48.6941,-26.9055,13.98,8
-48.6942,-26.9072,13.98,8
-48.6942,-26.9076,13.98,8
-48.6937,-26.907,13.98,8
-48.6937,-26.9074,13.98,8
-48.6776,-26.9087,8.58,8
-48.6776,-26.9082,8.58,8
-48.6776,-26.9091,8.58,8
-48.6776,-26.9095,8.58,8
-48.6777,-26.9099,8.58,8
-48.6828,-26.9062,4.48,8
-48.6828,-26.9058,4.48,8
-48.6828,-26.9067,4.48,8
-48.6832,-26.9064,4.48,8
-48.6832,-26.9073,4.48,8
-48.6832,-26.9068,4.48,8
-48.6833,-26.9077,4.48,8
-48.6837,-26.9074,4.48,8
-48.6776,-26.9074,8.58,8
-48.6776,-26.9078,8.58,8
-48.6829,-26.9092,14.06,8
-48.6833,-26.9089,14.06,8
-48.6829,-26.9096,14.06,8
-48.6833,-26.9093,14.06,8
-48.6825,-26.9111,14.06,8
-48.6829,-26.9108,14.06,8
-48.6825,-26.9115,14.06,8
-48.6829,-26.9113,14.06,8
-48.6829,-26.91,14.06,8
-48.6829,-26.9104,14.06,8
-48.6759,-26.9104,8.23,8
-48.6755,-26.9103,8.23,8
-48.6759,-26.9109,8.23,8
-48.6764,-26.9106,8.23,8
-48.6755,-26.9107,8.23,8
-48.6772,-26.9093,8.58,8
-48.6772,-26.9097,8.58,8
-48.6746,-26.9103,8.23,8
-48.6742,-26.9101,8.23,8
-48.6751,-26.9105,8.23,8
-48.6764,-26.911,8.23,8
-48.6772,-26.9102,8.58,8
-48.6773,-26.911,8.23,8
-48.6768,-26.9108,8.23,8
-48.7107,-26.8921,22.83,8
-48.7107,-26.8926,22.83,8
-48.7143,-26.8829,19.81,8
-48.7143,-26.8833,19.81,8
-48.7139,-26.8827,19.81,8
-48.7139,-26.8831,19.81,8
-48.7139,-26.884,19.81,8
-48.7143,-26.8837,19.81,8
-48.7139,-26.8836,19.81,8
-48.7139,-26.8844,19.81,8
-48.7143,-26.8842,19.81,8
-48.714,-26.8857,19.81,8
-48.714,-26.8861,19.81,8
-48.7139,-26.8848,19.81,8
-48.7139,-26.8852,19.81,8
-48.714,-26.8869,19.81,8
-48.714,-26.8865,19.81,8
-48.714,-26.8873,19.81,8
-48.7001,-26.8882,4.69,8
-48.7001,-26.8886,4.69,8
-48.7001,-26.8878,4.69,8
-48.6979,-26.8881,4.2,8
-48.6979,-26.8886,4.2,8
-48.6987,-26.8872,11.03,8
-48.7001,-26.8895,4.69,8
-48.7001,-26.889,4.69,8
-48.6974,-26.8863,11.03,8
-48.6978,-26.886,10.466666666666667,8
-48.6974,-26.8859,10.466666666666667,8
-48.6978,-26.8865,10.466666666666667,8
-48.6979,-26.8873,4.2,8
-48.6978,-26.8869,4.2,8
-48.6979,-26.8877,4.2,8
-48.6983,-26.8862,9.34,8
-48.6987,-26.8868,11.03,8
-48.6983,-26.8866,8.753333333333334,8
-48.7113,-26.8961,22.83,8
-48.7113,-26.8965,22.83,8
-48.7112,-26.8952,22.83,8
-48.7112,-26.8957,22.83,8
-48.7113,-26.8973,22.83,8
-48.7113,-26.8969,22.83,8
-48.7113,-26.8977,22.83,8
-48.7114,-26.899,22.83,8
-48.7114,-26.8994,22.83,8
-48.7113,-26.8982,22.83,8
-48.7113,-26.8986,22.83,8
-48.7114,-26.9003,22.83,8
-48.7114,-26.8998,22.83,8
-48.7114,-26.9007,22.83,8
-48.715,-26.8914,15.74,8
-48.7159,-26.8914,15.74,8
-48.7163,-26.8912,15.74,8
-48.7155,-26.8912,15.74,8
-48.7137,-26.8913,15.74,8
-48.7141,-26.8907,19.81,8
-48.7146,-26.8913,15.74,8
-48.7141,-26.8911,15.74,8
-48.7181,-26.891,10.55,8
-48.7185,-26.8908,10.55,8
-48.7194,-26.8908,10.55,8
-48.7198,-26.8905,10.55,8
-48.7189,-26.8906,10.55,8
-48.7172,-26.8911,10.55,8
-48.7176,-26.8909,10.55,8
-48.7168,-26.8913,10.55,8
-48.7119,-26.8906,15.74,8
-48.7115,-26.8904,15.74,8
-48.7124,-26.8908,15.74,8
-48.7115,-26.8908,15.74,8
-48.7106,-26.8905,22.83,8
-48.7111,-26.8902,15.74,8
-48.7106,-26.8909,22.83,8
-48.7111,-26.8906,19.285,8
-48.7133,-26.8911,15.74,8
-48.7137,-26.8909,15.74,8
-48.7128,-26.891,15.74,8
-48.7111,-26.8915,22.83,8
-48.7107,-26.8913,22.83,8
-48.7111,-26.8911,22.83,8
-48.7111,-26.8919,22.83,8
-48.7107,-26.8917,22.83,8
-48.7141,-26.8886,19.81,8
-48.7141,-26.889,19.81,8
-48.714,-26.8877,19.81,8
-48.714,-26.8882,19.81,8
-48.7141,-26.8898,19.81,8
-48.7141,-26.8894,19.81,8
-48.7141,-26.8902,19.81,8
-48.7156,-26.8945,15.83,8
-48.7147,-26.8946,15.83,8
-48.7151,-26.8944,15.83,8
-48.7143,-26.8944,15.83,8
-48.7138,-26.8942,15.83,8
-48.7147,-26.8942,15.83,8
-48.7169,-26.8947,15.83,8
-48.716,-26.8947,15.83,8
-48.7164,-26.8945,15.83,8
-48.7199,-26.893,10.33,8
-48.7199,-26.8934,10.33,8
-48.7121,-26.8939,15.83,8
-48.7116,-26.8938,15.83,8
-48.7107,-26.8934,22.83,8
-48.7112,-26.8932,22.83,8
-48.7107,-26.893,22.83,8
-48.7107,-26.8938,22.83,8
-48.7112,-26.8936,22.83,8
-48.7111,-26.8923,22.83,8
-48.7111,-26.8927,22.83,8
-48.7129,-26.8943,15.83,8
-48.7125,-26.8941,15.83,8
-48.7134,-26.8941,15.83,8
-48.7112,-26.8944,22.83,8
-48.7116,-26.8942,15.83,8
-48.7108,-26.8942,22.83,8
-48.7112,-26.894,19.33,8
-48.7112,-26.8948,22.83,8
-48.7009,-26.8992,6.73,8
-48.7013,-26.8994,6.73,8
-48.7031,-26.8993,6.73,8
-48.7031,-26.8997,6.73,8
-48.7022,-26.8994,6.73,8
-48.7018,-26.8992,6.73,8
-48.7026,-26.8996,6.73,8
-48.6652,-26.9036,9.25,8
-48.6656,-26.9034,9.25,8
-48.6652,-26.904,9.25,8
-48.666,-26.9027,9.25,8
-48.6661,-26.9031,9.25,8
-48.67,-26.9018,3.69,8
-48.6695,-26.9016,3.69,8
-48.6691,-26.901,3.69,8
-48.6695,-26.9012,3.69,8
-48.6704,-26.902,3.69,8
-48.6709,-26.9026,6.1,8
-48.6626,-26.9038,11.8,8
-48.663,-26.9035,11.8,8
-48.6848,-26.889,8.17,8
-48.6844,-26.8892,8.17,8
-48.6831,-26.8907,8.17,8
-48.6835,-26.8905,8.17,8
-48.6827,-26.8906,8.17,8
-48.6831,-26.8903,8.17,8
-48.684,-26.8899,8.17,8
-48.6844,-26.8896,8.17,8
-48.6835,-26.8901,8.17,8
-48.6933,-26.8834,6.37,8
-48.6942,-26.8838,8.87,8
-48.6934,-26.8838,8.036666666666667,8
-48.6938,-26.8836,8.87,8
-48.6925,-26.8839,6.37,8
-48.6929,-26.8836,6.37,8
-48.6921,-26.8841,6.37,8
-48.696,-26.8845,9.34,8
-48.6951,-26.8841,9.796666666666667,8
-48.6947,-26.8839,8.87,8
-48.6951,-26.8845,9.796666666666667,8
-48.6956,-26.8843,9.796666666666667,8
-48.6969,-26.8853,9.34,8
-48.6965,-26.8851,9.6825,8
-48.6969,-26.8857,10.466666666666667,8
-48.6965,-26.8855,11.03,8
-48.696,-26.8849,9.6825,8
-48.6956,-26.8847,9.6825,8
-48.6916,-26.8848,6.37,8
-48.6916,-26.8843,6.37,8
-48.6953,-26.9142,19.636666666666667,8
-48.6957,-26.914,19.636666666666667,8
-48.6948,-26.9141,19.636666666666667,8
-48.6953,-26.9138,19.636666666666667,8
-48.6931,-26.915,3.46,8
-48.6936,-26.9148,3.46,8
-48.6931,-26.9146,3.46,8
-48.6931,-26.9154,3.46,8
-48.6936,-26.9152,3.46,8
-48.6944,-26.9139,19.636666666666667,8
-48.6935,-26.9139,3.46,8
-48.694,-26.9137,19.636666666666667,8
-48.6935,-26.9143,3.46,8
-48.6936,-26.9156,3.46,8
-48.6888,-26.9153,7.25,8
-48.6888,-26.9157,7.25,8
-48.6887,-26.9144,7.25,8
-48.6887,-26.9149,7.25,8
-48.6888,-26.9165,7.25,8
-48.6888,-26.9161,7.25,8
-48.6888,-26.9169,7.25,8
-48.6922,-26.913,17.7175,8
-48.6917,-26.9128,17.7175,8
-48.6926,-26.9132,17.7175,8
-48.6909,-26.9128,19.636666666666667,8
-48.6913,-26.9126,17.7175,8
-48.6904,-26.9127,18.03,8
-48.6909,-26.9124,17.7175,8
-48.6931,-26.9138,3.46,8
-48.6931,-26.9142,3.46,8
-48.6888,-26.9174,7.25,8
-48.6826,-26.9148,14.06,8
-48.6821,-26.913,14.06,8
-48.6826,-26.9127,14.06,8
-48.6821,-26.9134,14.06,8
-48.6826,-26.9132,14.06,8
-48.6825,-26.9119,14.06,8
-48.6825,-26.9123,14.06,8
-48.6822,-26.9138,14.06,8
-48.6826,-26.9144,14.06,8
-48.6822,-26.9142,14.06,8
-48.7052,-26.9113,3.44,8
-48.7052,-26.9109,3.44,8
-48.7052,-26.9117,3.44,8
-48.7052,-26.9105,3.44,8
-48.7114,-26.913,41.01,8
-48.7159,-26.9037,12.51,8
-48.7163,-26.9027,12.51,8
-48.7167,-26.9024,12.51,8
-48.7163,-26.9031,12.51,8
-48.7155,-26.9044,12.51,8
-48.7159,-26.9041,12.51,8
-48.7155,-26.9048,12.51,8
-48.7163,-26.9035,12.51,8
-48.7151,-26.9055,12.51,8
-48.7151,-26.905,12.51,8
-48.6986,-26.9094,15.52,8
-48.6982,-26.9092,15.52,8
-48.6973,-26.9093,15.52,8
-48.6964,-26.9094,15.52,8
-48.6969,-26.9091,15.52,8
-48.7003,-26.9089,13.986,8
-48.7008,-26.9087,13.986,8
-48.7003,-26.9085,13.986,8
-48.7004,-26.9093,14.241666666666667,8
-48.7008,-26.9091,14.241666666666667,8
-48.6999,-26.9091,15.52,8
-48.7008,-26.9082,13.986,8
-48.699,-26.9092,15.52,8
-48.7003,-26.9076,13.986,8
-48.7003,-26.9081,13.986,8
-48.7017,-26.909,15.52,8
-48.7021,-26.9092,15.52,8
-48.7012,-26.9093,15.52,8
-48.6995,-26.9094,15.52,8
-48.6942,-26.9093,12.77,8
-48.6938,-26.9091,13.98,8
-48.6942,-26.9089,13.98,8
-48.6947,-26.9095,12.366666666666667,8
-48.6938,-26.9095,12.77,8
-48.6929,-26.9096,10.79,8
-48.6934,-26.9093,10.79,8
-48.6925,-26.9094,10.79,8
-48.6938,-26.9083,13.98,8
-48.6942,-26.908,13.98,8
-48.6938,-26.9079,13.98,8
-48.6938,-26.9087,13.98,8
-48.6942,-26.9085,13.98,8
-48.6956,-26.9094,12.385,8
-48.696,-26.9092,15.52,8
-48.6951,-26.9092,12.366666666666667,8
-48.6977,-26.9091,15.52,8
-48.6979,-26.9149,19.636666666666667,8
-48.6975,-26.9147,19.636666666666667,8
-48.6966,-26.9144,19.636666666666667,8
-48.6962,-26.9142,19.636666666666667,8
-48.697,-26.9145,19.636666666666667,8
-48.6939,-26.912,7.28,8
-48.6939,-26.9124,7.28,8
-48.6939,-26.9112,7.28,8
-48.6939,-26.9116,7.28,8
-48.6948,-26.9136,19.636666666666667,8
-48.6939,-26.9129,7.28,8
-48.6931,-26.9129,11.96,8
-48.6935,-26.9135,15.5925,8
-48.6939,-26.9133,7.28,8
-48.6931,-26.9133,17.7175,8
-48.7001,-26.9031,14.775,8
-48.7001,-26.9026,14.775,8
-48.7002,-26.9035,14.775,8
-48.7001,-26.9018,14.775,8
-48.7001,-26.9022,14.775,8
-48.7002,-26.9039,14.775,8
-48.7002,-26.9043,14.775,8
-48.7002,-26.906,13.986,8
-48.7002,-26.9056,13.986,8
-48.7003,-26.9064,13.986,8
-48.7002,-26.9047,13.986,8
-48.7002,-26.9051,13.986,8
-48.7003,-26.9068,13.986,8
-48.7003,-26.9072,13.986,8
-48.7094,-26.9184,41.01,8
-48.7094,-26.9188,41.01,8
-48.7098,-26.9173,41.01,8
-48.7094,-26.9179,41.01,8
-48.7098,-26.9177,41.01,8
-48.709,-26.9194,41.01,8
-48.709,-26.919,41.01,8
-48.709,-26.9199,41.01,8
-48.7086,-26.9197,41.01,8
-48.7102,-26.9158,41.01,8
-48.711,-26.9145,41.01,8
-48.7106,-26.9152,41.01,8
-48.711,-26.9149,41.01,8
-48.7102,-26.9166,41.01,8
-48.7102,-26.9162,41.01,8
-48.7098,-26.9169,41.01,8
-48.7106,-26.9156,41.01,8
-48.7106,-26.916,41.01,8
-48.7082,-26.9212,41.01,8
-48.7082,-26.9216,41.01,8
-48.7086,-26.9201,41.01,8
-48.7082,-26.9207,41.01,8
-48.7086,-26.9205,41.01,8
-48.7126,-26.911,41.01,8
-48.7126,-26.9106,41.01,8
-48.7122,-26.9113,41.01,8
-48.7118,-26.9119,41.01,8
-48.7122,-26.9117,41.01,8
-48.7118,-26.9124,41.01,8
-48.7122,-26.9121,41.01,8
-48.7114,-26.9138,41.01,8
-48.7114,-26.9134,41.01,8
-48.711,-26.9141,41.01,8
-48.7118,-26.9128,41.01,8
-48.7015,-26.9168,5.82,8
-48.7019,-26.9165,5.82,8
-48.701,-26.9166,5.82,8
-48.7019,-26.9157,5.82,8
-48.7019,-26.9161,5.82,8
-48.7014,-26.9155,5.82,8
-48.701,-26.9153,5.82,8
-48.6612,-26.913,8.54,8
-48.6607,-26.9137,6.52,8
-48.6612,-26.9135,6.52,8
-48.6608,-26.9141,6.52,8
-48.6616,-26.9128,8.54,8
-48.662,-26.9126,8.54,8
-48.6603,-26.9148,6.52,8
-48.6603,-26.9144,6.52,8
-48.6697,-26.9079,5.3,8
-48.6702,-26.9077,5.3,8
-48.6693,-26.9077,13.17,8
-48.6702,-26.9081,5.3,8
-48.6693,-26.9081,13.17,8
-48.6693,-26.9073,13.17,8
-48.6702,-26.9089,5.3,8
-48.6702,-26.9085,5.3,8
-48.6702,-26.9093,5.3,8
-48.6693,-26.9086,13.17,8
-48.6693,-26.909,13.17,8
-48.6714,-26.9065,13.0,8
-48.6719,-26.9063,13.0,8
-48.6718,-26.9051,7.78,8
-48.6718,-26.9055,7.78,8
-48.6719,-26.9071,13.0,8
-48.6719,-26.9067,13.0,8
-48.6719,-26.9076,13.0,8
-48.6714,-26.9049,7.78,8
-48.6698,-26.9108,13.17,8
-48.6694,-26.9106,13.17,8
-48.6698,-26.9104,13.17,8
-48.6698,-26.9112,13.17,8
-48.6694,-26.9111,13.17,8
-48.6711,-26.9097,6.31,8
-48.6702,-26.9098,5.3,8
-48.6711,-26.9101,6.31,8
-48.6694,-26.9098,13.17,8
-48.6698,-26.9096,13.17,8
-48.6693,-26.9094,13.17,8
-48.6694,-26.9102,13.17,8
-48.6698,-26.91,13.17,8
-48.6699,-26.9117,13.17,8
-48.6699,-26.9121,13.17,8
-48.6711,-26.911,6.31,8
-48.6711,-26.9105,6.31,8
-48.6712,-26.9114,6.31,8
-48.6728,-26.9096,8.38,8
-48.6719,-26.9088,13.0,8
-48.672,-26.9092,13.0,8
-48.6719,-26.908,13.0,8
-48.6719,-26.9084,13.0,8
-48.6733,-26.9102,8.38,8
-48.6729,-26.91,8.38,8
-48.6733,-26.9098,8.38,8
-48.6733,-26.9106,8.38,8
-48.672,-26.9101,10.043333333333335,8
-48.6724,-26.9098,10.043333333333335,8
-48.672,-26.9096,10.043333333333335,8
-48.672,-26.9105,10.043333333333335,8
-48.6724,-26.9102,10.043333333333335,8
-48.6551,-26.9143,5.26,8
-48.6546,-26.9141,5.26,8
-48.6555,-26.9144,5.26,8
-48.6542,-26.9139,5.26,8
-48.6533,-26.914,5.26,8
-48.6538,-26.9137,5.26,8
-48.6564,-26.9148,5.26,8
-48.656,-26.9146,5.26,8
-48.6614,-26.9061,7.51,8
-48.6618,-26.9059,11.8,8
-48.6609,-26.9059,7.51,8
-48.6614,-26.9065,7.51,8
-48.6618,-26.9063,9.655,8
-48.6605,-26.9058,7.51,8
-48.66,-26.9056,7.51,8
-48.6614,-26.9078,11.8,8
-48.6623,-26.9069,7.07,8
-48.6614,-26.907,11.8,8
-48.6618,-26.9067,11.8,8
-48.6614,-26.9074,11.8,8
-48.6635,-26.9054,7.07,8
-48.6639,-26.9051,7.07,8
-48.6635,-26.9058,7.07,8
-48.664,-26.9055,7.07,8
-48.6644,-26.9045,9.25,8
-48.6648,-26.9042,9.25,8
-48.6644,-26.9049,9.25,8
-48.6622,-26.9052,11.8,8
-48.6622,-26.9048,11.8,8
-48.6622,-26.9057,11.8,8
-48.6626,-26.9042,11.8,8
-48.663,-26.9039,11.8,8
-48.6626,-26.9046,11.8,8
-48.6631,-26.906,7.07,8
-48.6627,-26.9067,7.07,8
-48.6631,-26.9064,7.07,8
-48.6587,-26.9046,7.51,8
-48.6582,-26.9044,7.51,8
-48.6596,-26.905,7.51,8
-48.6591,-26.9048,7.51,8
-48.6596,-26.9054,7.51,8
-48.66,-26.9052,7.51,8
-48.6636,-26.9083,3.975,8
-48.6632,-26.9081,3.16,8
-48.6636,-26.9079,3.975,8
-48.6636,-26.9087,3.16,8
-48.6641,-26.9085,3.975,8
-48.6632,-26.9085,3.16,8
-48.6627,-26.9079,3.16,8
-48.6632,-26.9077,3.975,8
-48.6641,-26.9093,3.16,8
-48.6645,-26.9091,3.975,8
-48.6636,-26.9091,3.16,8
-48.6645,-26.9087,3.975,8
-48.6697,-26.9186,7.09,8
-48.6696,-26.9182,7.09,8
-48.6697,-26.919,7.09,8
-48.6726,-26.914,8.82,8
-48.6725,-26.9136,8.82,8
-48.6699,-26.9137,13.17,8
-48.6699,-26.9133,13.17,8
-48.6699,-26.9142,13.17,8
-48.6699,-26.9125,13.17,8
-48.6699,-26.9129,13.17,8
-48.6704,-26.9148,13.17,8
-48.67,-26.9146,13.17,8
-48.6704,-26.9152,13.17,8
-48.67,-26.915,13.17,8
-48.6734,-26.9119,8.38,8
-48.6725,-26.9119,10.043333333333335,8
-48.6734,-26.9123,8.38,8
-48.6725,-26.9123,10.043333333333335,8
-48.6733,-26.911,8.38,8
-48.6733,-26.9114,8.38,8
-48.6712,-26.9118,6.31,8
-48.6725,-26.9111,10.043333333333335,8
-48.672,-26.9109,10.043333333333335,8
-48.6724,-26.9107,10.043333333333335,8
-48.6725,-26.9115,10.043333333333335,8
-48.6725,-26.9127,8.82,8
-48.6725,-26.9132,8.82,8
-48.6705,-26.9164,13.17,8
-48.6696,-26.9169,7.09,8
-48.6704,-26.9156,13.17,8
-48.6704,-26.916,13.17,8
-48.67,-26.9154,13.17,8
-48.67,-26.9158,13.17,8
-48.6696,-26.9173,7.09,8
-48.6696,-26.9177,7.09,8
-48.7274,-26.8578,59.585,8
-48.7274,-26.8582,59.585,8
-48.7275,-26.8591,60.41,8
-48.7279,-26.8588,59.585,8
-48.7274,-26.8586,59.585,8
-48.7279,-26.8592,49.50666666666666,8
-48.7274,-26.857,59.585,8
-48.7274,-26.8574,59.585,8
-48.7279,-26.858,58.76,8
-48.7279,-26.8584,59.585,8
-48.7269,-26.8551,60.41,8
-48.7273,-26.8549,40.675,8
-48.7269,-26.8547,60.41,8
-48.7269,-26.8555,60.41,8
-48.7273,-26.8553,40.675,8
-48.7274,-26.8561,59.585,8
-48.7269,-26.856,60.41,8
-48.7273,-26.8557,47.25333333333333,8
-48.7274,-26.8566,59.585,8
-48.7269,-26.8564,60.41,8
-48.7279,-26.8601,49.50666666666666,8
-48.7284,-26.8598,29.35,8
-48.7279,-26.8597,49.50666666666666,8
-48.7279,-26.8605,59.585,8
-48.7284,-26.8603,44.055,8
-48.7284,-26.8611,49.50666666666666,8
-48.728,-26.8609,60.41,8
-48.7284,-26.8607,49.50666666666666,8
-48.7284,-26.8615,49.50666666666666,8
-48.7288,-26.8613,29.35,8
-48.7273,-26.854,40.675,8
-48.7273,-26.8545,40.675,8
-48.7258,-26.8502,40.675,8
-48.7254,-26.85,59.585,8
-48.7258,-26.8497,22.59,8
-48.7259,-26.8506,47.25333333333333,8
-48.7254,-26.8504,60.41,8
-48.7254,-26.8491,22.59,8
-48.7249,-26.849,47.25333333333333,8
-48.7254,-26.8496,47.25333333333333,8
-48.7249,-26.8494,59.585,8
-48.7263,-26.8512,47.25333333333333,8
-48.7259,-26.851,59.585,8
-48.7263,-26.8508,40.675,8
-48.7263,-26.8516,47.25333333333333,8
-48.7259,-26.8514,60.41,8
-48.7236,-26.848,59.585,8
-48.7231,-26.8478,59.585,8
-48.7236,-26.8476,58.76,8
-48.724,-26.8482,47.25333333333333,8
-48.7245,-26.8488,47.25333333333333,8
-48.724,-26.8486,59.585,8
-48.7245,-26.8492,60.41,8
-48.7264,-26.8528,60.41,8
-48.7264,-26.8533,60.41,8
-48.7268,-26.8522,40.675,8
-48.7263,-26.852,59.585,8
-48.7268,-26.8518,22.59,8
-48.7268,-26.8526,47.25333333333333,8
-48.7264,-26.8524,60.41,8
-48.7268,-26.8539,59.585,8
-48.7264,-26.8537,60.41,8
-48.7269,-26.8543,60.41,8
-48.7273,-26.8532,22.59,8
-48.7268,-26.853,47.25333333333333,8
-48.7272,-26.8528,22.59,8
-48.7273,-26.8536,40.675,8
-48.7268,-26.8534,59.585,8
-48.7299,-26.8658,59.585,8
-48.7299,-26.8662,59.585,8
-48.7298,-26.865,49.50666666666666,8
-48.7303,-26.8656,18.965,8
-48.7299,-26.8654,49.50666666666666,8
-48.7294,-26.8648,59.585,8
-48.7294,-26.8652,60.41,8
-48.7299,-26.8671,59.585,8
-48.7304,-26.8668,32.23,8
-48.7299,-26.8666,59.585,8
-48.7299,-26.8675,60.41,8
-48.7304,-26.8672,32.23,8
-48.7303,-26.866,18.965,8
-48.7303,-26.8664,32.23,8
-48.7293,-26.8631,44.055,8
-48.7289,-26.8629,49.50666666666666,8
-48.7293,-26.8627,29.35,8
-48.7294,-26.8635,49.50666666666666,8
-48.7289,-26.8634,59.585,8
-48.7289,-26.8621,49.50666666666666,8
-48.7284,-26.8619,59.585,8
-48.7289,-26.8617,44.055,8
-48.7289,-26.8625,49.50666666666666,8
-48.7284,-26.8623,60.41,8
-48.7298,-26.8641,29.35,8
-48.7294,-26.864,49.50666666666666,8
-48.7298,-26.8646,44.055,8
-48.7294,-26.8644,49.50666666666666,8
-48.7289,-26.8638,60.41,8
-48.73,-26.8687,60.41,8
-48.7296,-26.8694,60.41,8
-48.73,-26.8692,60.41,8
-48.7304,-26.8681,18.965,8
-48.73,-26.8679,60.41,8
-48.7304,-26.8677,18.965,8
-48.7304,-26.8685,18.965,8
-48.73,-26.8683,60.41,8
-48.7296,-26.8698,60.41,8
-48.73,-26.8696,32.78,8
-48.7296,-26.8702,60.41,8
-48.7304,-26.8689,18.965,8
-48.7304,-26.8693,18.965,8
-48.7245,-26.8484,40.675,8
-48.7195,-26.8447,60.41,8
-48.72,-26.8445,58.76,8
-48.72,-26.8449,59.585,8
-48.7204,-26.8455,60.41,8
-48.7209,-26.8452,58.76,8
-48.7204,-26.8451,59.585,8
-48.7213,-26.8458,59.585,8
-48.7209,-26.8457,59.585,8
-48.7213,-26.8463,59.585,8
-48.7218,-26.846,58.76,8
-48.7227,-26.8468,58.76,8
-48.7231,-26.8474,59.585,8
-48.7227,-26.8472,59.585,8
-48.7222,-26.8466,59.585,8
-48.7218,-26.8464,59.585,8
-48.7222,-26.847,59.585,8
-48.7292,-26.8717,60.41,8
-48.7288,-26.8715,60.41,8
-48.7288,-26.872,60.41,8
-48.7292,-26.8709,60.41,8
-48.7296,-26.8706,60.41,8
-48.7292,-26.8713,60.41,8
-48.7284,-26.8726,60.41,8
-48.7288,-26.8724,60.41,8
-48.7284,-26.873,60.41,8
-48.7284,-26.8734,60.41,8
-48.724,-26.8844,9.71,8
-48.724,-26.8848,9.71,8
-48.7236,-26.885,9.71,8
-48.722,-26.8893,10.97,8
-48.722,-26.8897,10.97,8
-48.7211,-26.8898,5.36,8
-48.7224,-26.8887,10.97,8
-48.7224,-26.8883,10.97,8
-48.7224,-26.8891,10.97,8
-48.7219,-26.8889,10.97,8
-48.7232,-26.8865,9.71,8
-48.7228,-26.8872,10.97,8
-48.7232,-26.887,9.71,8
-48.7236,-26.8859,9.71,8
-48.7236,-26.8855,9.71,8
-48.7232,-26.8861,9.71,8
-48.7228,-26.8876,10.97,8
-48.7228,-26.888,10.97,8
-48.6863,-26.9464,46.88,8
-48.6868,-26.9461,46.88,8
-48.6859,-26.9466,46.88,8
-48.6872,-26.9459,46.88,8
-48.6876,-26.9457,46.88,8
-48.6851,-26.9471,46.88,8
-48.6855,-26.9469,46.88,8
-48.6893,-26.9447,46.88,8
-48.6898,-26.9445,46.88,8
-48.6889,-26.945,46.88,8
-48.6902,-26.9443,46.88,8
-48.6906,-26.944,46.88,8
-48.6881,-26.9454,46.88,8
-48.6885,-26.9452,46.88,8
-48.6956,-26.9366,5.22,8
-48.696,-26.9364,5.22,8
-48.6956,-26.9362,5.22,8
-48.6923,-26.9431,46.88,8
-48.6923,-26.9427,46.88,8
-48.6919,-26.9433,46.88,8
-48.6911,-26.9438,46.88,8
-48.6915,-26.9435,46.88,8
-48.6808,-26.9495,46.88,8
-48.6803,-26.9501,46.88,8
-48.6808,-26.9499,46.88,8
-48.6812,-26.9492,46.88,8
-48.6816,-26.949,46.88,8
-48.6804,-26.9505,46.88,8
-48.6799,-26.9508,46.88,8
-48.6833,-26.948,46.88,8
-48.6838,-26.9478,46.88,8
-48.6829,-26.9483,46.88,8
-48.6842,-26.9476,46.88,8
-48.6846,-26.9473,46.88,8
-48.682,-26.9487,46.88,8
-48.6825,-26.9485,46.88,8
-48.6799,-26.9512,46.88,8
-48.7074,-26.9229,41.01,8
-48.707,-26.9235,41.01,8
-48.7074,-26.9233,41.01,8
-48.7078,-26.9222,41.01,8
-48.7078,-26.9218,41.01,8
-48.7078,-26.9226,41.01,8
-48.707,-26.924,41.01,8
-48.7074,-26.9237,41.01,8
-48.707,-26.9244,41.01,8
-48.7062,-26.9257,41.01,8
-48.7066,-26.925,41.01,8
-48.7066,-26.9246,41.01,8
-48.7066,-26.9254,41.01,8
-48.7014,-26.9385,10.975,8
-48.7009,-26.9384,10.975,8
-48.7,-26.938,10.166666666666666,8
-48.6996,-26.9378,10.166666666666666,8
-48.7,-26.9384,10.166666666666666,8
-48.7005,-26.9382,10.166666666666666,8
-48.6996,-26.9382,10.166666666666666,8
-48.7022,-26.9389,10.975,8
-48.7018,-26.9387,10.975,8
-48.7022,-26.9385,10.975,8
-48.6978,-26.9371,5.22,8
-48.6969,-26.9367,5.22,8
-48.6965,-26.9365,5.22,8
-48.6974,-26.9369,5.22,8
-48.6987,-26.9379,10.166666666666666,8
-48.6983,-26.9377,10.166666666666666,8
-48.6992,-26.938,10.166666666666666,8
-48.6978,-26.9375,10.166666666666666,8
-48.6833,-26.971,48.71,8
-48.6828,-26.9717,48.71,8
-48.6833,-26.9714,48.71,8
-48.6829,-26.9721,48.71,8
-48.6833,-26.9719,48.71,8
-48.6829,-26.9725,48.71,8
-48.7179,-26.8988,12.51,8
-48.7179,-26.8992,12.51,8
-48.7183,-26.8977,12.51,8
-48.7179,-26.8984,12.51,8
-48.7183,-26.8981,12.51,8
-48.7175,-26.8999,12.51,8
-48.7175,-26.8994,12.51,8
-48.7175,-26.9003,12.51,8
-48.7218,-26.8971,12.463333333333333,8
-48.7213,-26.8969,12.463333333333333,8
-48.7222,-26.8968,12.463333333333333,8
-48.7226,-26.8966,12.463333333333333,8
-48.7209,-26.8967,12.463333333333333,8
-48.7205,-26.8965,12.463333333333333,8
-48.7227,-26.897,12.463333333333333,8
-48.7195,-26.8949,12.23,8
-48.7191,-26.8956,12.23,8
-48.7195,-26.8953,12.23,8
-48.7178,-26.895,15.83,8
-48.7173,-26.8949,15.83,8
-48.7178,-26.8946,15.83,8
-48.7187,-26.8971,12.51,8
-48.7187,-26.8967,12.51,8
-48.7183,-26.8973,12.51,8
-48.7196,-26.8962,12.463333333333333,8
-48.7191,-26.896,12.482,8
-48.72,-26.8964,12.463333333333333,8
-48.7191,-26.8964,12.51,8
-48.7167,-26.9016,12.51,8
-48.7171,-26.9014,12.51,8
-48.7167,-26.902,12.51,8
-48.7166,-26.8999,4.7,8
-48.7171,-26.9005,12.51,8
-48.7162,-26.9006,4.7,8
-48.7166,-26.9003,4.7,8
-48.7171,-26.9009,12.51,8
-48.7162,-26.901,4.7,8
-48.7212,-26.8915,12.23,8
-48.7216,-26.8912,12.23,8
-48.7207,-26.8913,10.33,8
-48.7211,-26.8911,12.23,8
-48.7212,-26.8919,12.23,8
-48.7216,-26.8904,10.97,8
-48.722,-26.8902,10.97,8
-48.7216,-26.8908,12.23,8
-48.7203,-26.8915,10.33,8
-48.7207,-26.8905,10.33,8
-48.7211,-26.8902,10.33,8
-48.7202,-26.8903,10.55,8
-48.7207,-26.89,7.845,8
-48.7207,-26.8909,10.33,8
-48.7203,-26.8924,10.33,8
-48.7207,-26.8921,12.23,8
-48.7203,-26.8919,10.33,8
-48.7203,-26.8928,12.23,8
-48.7208,-26.8925,12.23,8
-48.7199,-26.8926,10.33,8
-48.7244,-26.8969,9.95,8
-48.7235,-26.8966,12.463333333333333,8
-48.7235,-26.897,12.463333333333333,8
-48.724,-26.8967,12.463333333333333,8
-48.7231,-26.8968,12.463333333333333,8
-48.7199,-26.8943,12.23,8
-48.7199,-26.8939,12.23,8
-48.7195,-26.8945,12.23,8
-48.7203,-26.8932,12.23,8
-48.7204,-26.8936,12.23,8
-48.7493,-26.8845,10.83,8
-48.7493,-26.884,10.83,8
-48.7493,-26.8849,10.83,8
-48.7492,-26.8815,10.83,8
-48.7492,-26.882,10.83,8
-48.7493,-26.8832,10.83,8
-48.7493,-26.8836,10.83,8
-48.7492,-26.8824,10.83,8
-48.7492,-26.8828,10.83,8
-48.633,-26.9447,6.09,8
-48.6317,-26.945,6.09,8
-48.6321,-26.9448,6.09,8
-48.6312,-26.9448,6.09,8
-48.6325,-26.9445,6.09,8
-48.6303,-26.9449,6.09,8
-48.6308,-26.9451,6.09,8
-48.6713,-26.904,8.19,23
-48.6718,-26.9046,8.19,23
-48.6714,-26.9045,8.19,23
-48.6905,-26.9028,10.58,23
-48.6905,-26.9032,10.58,23
-48.6906,-26.9049,10.58,23
-48.6906,-26.9053,10.58,23
-48.6906,-26.9041,10.58,23
-48.6905,-26.9037,10.58,23
-48.6906,-26.9045,10.58,23
-48.6906,-26.9057,10.58,23
-48.6906,-26.9062,10.58,23
-48.7057,-26.8881,16.87,23
-48.7053,-26.8879,16.87,23
-48.7044,-26.8879,16.87,23
-48.7049,-26.8881,16.87,23
-48.704,-26.8882,16.87,23
-48.7005,-26.8876,12.52,23
-48.7009,-26.8877,14.695,23
-48.7001,-26.8878,10.77,23
-48.6992,-26.8874,10.77,23
-48.6996,-26.8872,10.77,23
-48.6992,-26.887,10.77,23
-48.6996,-26.8876,10.77,23
-48.694,-26.8886,13.18,23
-48.694,-26.889,13.18,23
-48.6944,-26.8879,13.18,23
-48.6939,-26.8878,13.18,23
-48.6944,-26.8875,13.18,23
-48.6944,-26.8884,13.18,23
-48.694,-26.8882,13.18,23
-48.6944,-26.8896,13.18,23
-48.6945,-26.89,13.18,23
-48.6944,-26.8888,13.18,23
-48.6944,-26.8892,13.18,23
-48.6978,-26.886,10.77,23
-48.6978,-26.8865,10.77,23
-48.6945,-26.8909,13.18,23
-48.6945,-26.8904,13.18,23
-48.6945,-26.8913,13.18,23
-48.6945,-26.8925,13.18,23
-48.6946,-26.8929,13.18,23
-48.6945,-26.8917,13.18,23
-48.6945,-26.8921,13.18,23
-48.7031,-26.8878,14.695,23
-48.7036,-26.888,14.695,23
-48.7027,-26.888,14.695,23
-48.7018,-26.8877,14.695,23
-48.7018,-26.8881,14.695,23
-48.7022,-26.8879,14.695,23
-48.7014,-26.8879,14.695,23
-48.6983,-26.8862,10.77,23
-48.6987,-26.8868,10.77,23
-48.6983,-26.8866,10.77,23
-48.7155,-26.8916,10.49,23
-48.715,-26.8914,10.49,23
-48.7159,-26.8914,10.49,23
-48.7163,-26.8912,10.49,23
-48.7142,-26.8915,10.49,23
-48.7146,-26.8913,10.49,23
-48.7141,-26.8911,10.49,23
-48.7163,-26.8916,10.49,23
-48.7181,-26.891,10.49,23
-48.7172,-26.8911,10.49,23
-48.7176,-26.8909,10.49,23
-48.7176,-26.8913,10.49,23
-48.7168,-26.8913,10.49,23
-48.6565,-26.9037,2.73,23
-48.6569,-26.9035,2.73,23
-48.656,-26.904,2.73,23
-48.6938,-26.884,13.18,23
-48.6942,-26.8838,13.18,23
-48.6938,-26.8836,13.18,23
-48.6938,-26.8844,13.18,23
-48.6942,-26.8842,13.18,23
-48.6939,-26.8857,13.18,23
-48.6939,-26.8861,13.18,23
-48.6943,-26.885,13.18,23
-48.6938,-26.8848,13.18,23
-48.6943,-26.8846,13.18,23
-48.6943,-26.8854,13.18,23
-48.6938,-26.8853,13.18,23
-48.6939,-26.8869,13.18,23
-48.6943,-26.8867,13.18,23
-48.6939,-26.8865,13.18,23
-48.6939,-26.8873,13.18,23
-48.6944,-26.8871,13.18,23
-48.6943,-26.8859,13.18,23
-48.6943,-26.8863,13.18,23
-48.6957,-26.914,19.14,23
-48.6953,-26.9138,19.14,23
-48.694,-26.9137,19.14,23
-48.6979,-26.9145,19.14,23
-48.6979,-26.9149,19.14,23
-48.6984,-26.9147,19.14,23
-48.6975,-26.9147,19.14,23
-48.6966,-26.9144,19.14,23
-48.6962,-26.9142,19.14,23
-48.697,-26.9145,19.14,23
-48.6948,-26.9136,19.14,23
-48.6944,-26.9135,19.14,23
-48.6939,-26.9133,19.14,23
-48.6984,-26.9151,19.14,23
-48.6992,-26.915,19.14,23
-48.6988,-26.9149,19.14,23
-48.701,-26.9158,19.14,23
-48.7006,-26.9156,19.14,23
-48.7001,-26.9154,19.14,23
-48.6997,-26.9152,19.14,23
-48.6727,-26.9063,8.19,23
-48.6723,-26.9061,8.19,23
-48.6727,-26.9067,8.19,23
-48.6723,-26.9065,8.19,23
-48.6718,-26.9051,8.19,23
-48.6723,-26.9057,8.19,23
-48.6718,-26.9055,8.19,23
-48.6714,-26.9049,8.19,23
-48.6685,-26.9107,5.86,23
-48.6681,-26.9105,5.86,23
-48.6667,-26.9096,5.86,23
-48.6663,-26.9094,5.86,23
-48.6667,-26.9091,5.86,23
-48.6672,-26.9097,5.86,23
-48.6676,-26.9103,5.86,23
-48.6676,-26.9099,5.86,23
-48.7284,-26.8611,20.72,23
-48.728,-26.8609,20.72,23
-48.7284,-26.8615,20.72,23
-48.728,-26.8613,20.72,23
-48.7299,-26.8658,20.72,23
-48.7294,-26.8656,20.72,23
-48.7299,-26.8662,20.72,23
-48.7299,-26.8654,20.72,23
-48.7294,-26.8648,20.72,23
-48.7294,-26.8652,20.72,23
-48.7299,-26.8671,20.72,23
-48.7299,-26.8666,20.72,23
-48.7299,-26.8675,20.72,23
-48.7289,-26.8629,20.72,23
-48.7289,-26.8634,20.72,23
-48.7285,-26.8628,20.72,23
-48.7284,-26.8619,20.72,23
-48.7289,-26.8625,20.72,23
-48.7284,-26.8623,20.72,23
-48.7294,-26.8644,20.72,23
-48.7289,-26.8638,20.72,23
-48.7289,-26.8642,20.72,23
-48.73,-26.8679,20.72,23
-48.6548,-26.9047,2.73,23
-48.6543,-26.9053,2.73,23
-48.6548,-26.9051,2.73,23
-48.6544,-26.9057,2.73,23
-48.6552,-26.9044,2.73,23
-48.6556,-26.9042,2.73,23
-48.6544,-26.9062,2.73,23
-48.6539,-26.906,2.73,23
-48.6817,-26.9009,7.93,13
-48.6826,-26.9008,7.93,13
-48.683,-26.9006,7.93,13
-48.6821,-26.9006,7.93,13
-48.6808,-26.9009,7.93,13
-48.6804,-26.9007,7.93,13
-48.6813,-26.9007,7.93,13
-48.6852,-26.9011,7.93,13
-48.6848,-26.9009,7.93,13
-48.6839,-26.9005,7.93,13
-48.6839,-26.9009,7.93,13
-48.6843,-26.9007,7.93,13
-48.6835,-26.9008,7.93,13
-48.6742,-26.899,6.02,13
-48.6738,-26.8989,6.02,13
-48.676,-26.9002,6.02,13
-48.6756,-26.9,6.02,13
-48.6747,-26.8996,6.02,13
-48.6751,-26.8994,6.02,13
-48.6747,-26.8992,6.02,13
-48.6751,-26.8998,6.02,13
-48.6886,-26.9111,4.71,13
-48.6899,-26.9096,10.19,13
-48.689,-26.9096,10.19,13
-48.6894,-26.9094,10.19,13
-48.6916,-26.9095,9.685,13
-48.6887,-26.9124,6.195,13
-48.6887,-26.9128,6.195,13
-48.6891,-26.9113,4.71,13
-48.6891,-26.9121,6.195,13
-48.6886,-26.9119,6.195,13
-48.6887,-26.9136,6.195,13
-48.6891,-26.9134,6.195,13
-48.6887,-26.9132,6.195,13
-48.6887,-26.914,6.195,13
-48.6891,-26.9125,6.195,13
-48.6891,-26.913,6.195,13
-48.6908,-26.9112,4.71,13
-48.6921,-26.9096,9.685,13
-48.6899,-26.9112,4.71,13
-48.6904,-26.911,4.71,13
-48.6895,-26.911,4.71,13
-48.6912,-26.9097,9.685,13
-48.6903,-26.9097,10.19,13
-48.6908,-26.9095,9.685,13
-48.6776,-26.9087,9.69,13
-48.6776,-26.9082,9.25,13
-48.6776,-26.9091,8.883333333333333,13
-48.6776,-26.9095,8.883333333333333,13
-48.6777,-26.9099,8.883333333333333,13
-48.6758,-26.9075,10.363333333333333,13
-48.6758,-26.9079,10.363333333333333,13
-48.6763,-26.9077,10.363333333333333,13
-48.6754,-26.9078,10.363333333333333,13
-48.6745,-26.9074,10.363333333333333,13
-48.6741,-26.9072,10.363333333333333,13
-48.675,-26.9076,10.363333333333333,13
-48.6767,-26.9083,10.363333333333333,13
-48.6763,-26.9081,10.363333333333333,13
-48.6776,-26.9074,7.803333333333334,13
-48.6772,-26.9081,10.363333333333333,13
-48.6776,-26.9078,8.245,13
-48.6767,-26.9079,10.363333333333333,13
-48.6775,-26.9057,7.803333333333334,13
-48.6775,-26.9053,9.81,13
-48.6775,-26.9062,7.803333333333334,13
-48.6779,-26.9051,9.81,13
-48.6775,-26.9066,7.803333333333334,13
-48.6776,-26.907,7.803333333333334,13
-48.6773,-26.9114,8.883333333333333,13
-48.6773,-26.9118,8.883333333333333,13
-48.6772,-26.9093,8.883333333333333,13
-48.6772,-26.9097,8.883333333333333,13
-48.6742,-26.9101,9.84,13
-48.6772,-26.9106,8.883333333333333,13
-48.6777,-26.9103,8.883333333333333,13
-48.6772,-26.9102,8.883333333333333,13
-48.6773,-26.911,8.883333333333333,13
-48.7045,-26.8909,4.3,13
-48.705,-26.8906,4.3,13
-48.7045,-26.8904,4.3,13
-48.7049,-26.8902,4.3,13
-48.7032,-26.8895,10.36,13
-48.7032,-26.8899,10.36,13
-48.7036,-26.8888,10.36,13
-48.7031,-26.8886,10.36,13
-48.7036,-26.8884,10.36,13
-48.7036,-26.8892,10.36,13
-48.7032,-26.8891,10.36,13
-48.7032,-26.8907,10.36,13
-48.7036,-26.8905,10.36,13
-48.7032,-26.8903,10.36,13
-48.7032,-26.8911,10.36,13
-48.7037,-26.8909,10.36,13
-48.7045,-26.8896,4.3,13
-48.7036,-26.8897,10.36,13
-48.7045,-26.89,4.3,13
-48.7036,-26.8901,10.36,13
-48.7044,-26.8879,4.3,13
-48.7044,-26.8883,4.3,13
-48.7045,-26.8888,4.3,13
-48.7045,-26.8892,4.3,13
-48.7033,-26.8924,10.36,13
-48.7033,-26.8928,10.36,13
-48.7037,-26.8917,10.36,13
-48.7032,-26.8916,10.36,13
-48.7037,-26.8913,10.36,13
-48.7037,-26.8922,10.36,13
-48.7033,-26.892,10.36,13
-48.7037,-26.8926,10.36,13
-48.7037,-26.893,10.36,13
-48.6953,-26.89,13.08,13
-48.6958,-26.8897,13.08,13
-48.6953,-26.8896,13.08,13
-48.6953,-26.8904,13.08,13
-48.6958,-26.8902,13.08,13
-48.6957,-26.8893,13.08,13
-48.6958,-26.891,13.08,13
-48.6954,-26.8908,13.08,13
-48.6958,-26.8906,13.08,13
-48.6958,-26.8914,13.08,13
-48.6954,-26.8912,13.08,13
-48.7001,-26.8882,9.33,13
-48.7001,-26.8886,9.33,13
-48.7005,-26.8876,6.01,13
-48.7009,-26.8873,6.01,13
-48.7005,-26.8871,6.01,13
-48.7005,-26.888,5.925,13
-48.7009,-26.8877,5.953333333333333,13
-48.7001,-26.8878,7.6275,13
-48.7001,-26.8895,7.77,13
-48.7001,-26.889,9.33,13
-48.7001,-26.8899,7.77,13
-48.6953,-26.8887,13.08,13
-48.6953,-26.8891,13.08,13
-48.6953,-26.8879,13.08,13
-48.6953,-26.8883,13.08,13
-48.6954,-26.8929,13.08,13
-48.6959,-26.8927,13.08,13
-48.6954,-26.8925,13.08,13
-48.6954,-26.8933,13.08,13
-48.6959,-26.8931,13.08,13
-48.6958,-26.8918,13.08,13
-48.6958,-26.8922,13.08,13
-48.6959,-26.8939,13.08,13
-48.6955,-26.8937,13.08,13
-48.6959,-26.8935,13.08,13
-48.7002,-26.8911,7.77,13
-48.7002,-26.8915,12.66,13
-48.7006,-26.8905,7.77,13
-48.7001,-26.8903,7.77,13
-48.7006,-26.8909,7.77,13
-48.7002,-26.8907,7.77,13
-48.7002,-26.8924,12.66,13
-48.7006,-26.8921,12.66,13
-48.7002,-26.892,12.66,13
-48.7002,-26.8928,12.66,13
-48.7007,-26.8926,12.66,13
-48.7006,-26.8913,12.66,13
-48.7006,-26.8917,12.66,13
-48.6954,-26.8916,13.08,13
-48.6954,-26.8921,13.08,13
-48.7009,-26.8865,6.01,13
-48.7009,-26.8869,6.01,13
-48.7031,-26.8882,10.36,13
-48.7036,-26.888,10.36,13
-48.7027,-26.888,5.925,13
-48.7018,-26.8881,5.925,13
-48.7022,-26.8879,5.925,13
-48.7014,-26.8879,5.925,13
-48.7004,-26.8863,6.01,13
-48.7005,-26.8867,6.01,13
-48.7009,-26.8861,6.01,13
-48.7004,-26.8859,6.01,13
-48.7003,-26.8961,6.73,13
-48.7008,-26.8959,6.73,13
-48.6995,-26.8962,6.73,13
-48.6999,-26.896,6.73,13
-48.699,-26.896,6.73,13
-48.6982,-26.8961,6.73,13
-48.6986,-26.8962,6.73,13
-48.7002,-26.8932,12.66,13
-48.7007,-26.893,12.66,13
-48.6696,-26.9029,7.195,13
-48.6696,-26.9033,7.195,13
-48.6634,-26.9024,13.72,13
-48.6638,-26.9022,13.72,13
-48.6634,-26.9029,13.72,13
-48.6634,-26.9033,13.72,13
-48.663,-26.9031,13.72,13
-48.663,-26.9035,13.72,13
-48.6578,-26.9038,11.29,13
-48.6578,-26.9043,11.29,13
-48.6574,-26.9041,11.29,13
-48.6586,-26.9034,11.7625,13
-48.6582,-26.9032,12.345,13
-48.6565,-26.9037,9.17,13
-48.6569,-26.9035,9.17,13
-48.656,-26.904,9.17,13
-48.6901,-26.8903,3.83,13
-48.6901,-26.8907,3.83,13
-48.6896,-26.8901,3.83,13
-48.6901,-26.8895,3.83,13
-48.6896,-26.8893,3.83,13
-48.69,-26.889,3.83,13
-48.6901,-26.8899,3.83,13
-48.6896,-26.8897,3.83,13
-48.6901,-26.8911,3.83,13
-48.6816,-26.9231,4.82,13
-48.6812,-26.9229,4.82,13
-48.6821,-26.9236,4.82,13
-48.6816,-26.9235,4.82,13
-48.682,-26.9232,4.82,13
-48.683,-26.9261,3.69,13
-48.6834,-26.9259,3.69,13
-48.6826,-26.9259,3.69,13
-48.6817,-26.926,3.69,13
-48.6953,-26.9142,10.07,13
-48.6957,-26.914,10.07,13
-48.6948,-26.9141,11.75,13
-48.6953,-26.9138,11.75,13
-48.6944,-26.9139,11.75,13
-48.694,-26.9137,11.75,13
-48.6922,-26.913,13.43,13
-48.6917,-26.9128,13.43,13
-48.6926,-26.9132,13.43,13
-48.6909,-26.9128,13.43,13
-48.6913,-26.9126,13.43,13
-48.6909,-26.9124,13.43,13
-48.6788,-26.919,11.16,13
-48.6762,-26.9192,11.16,13
-48.6767,-26.919,11.16,13
-48.6758,-26.919,11.16,13
-48.6749,-26.9195,11.16,13
-48.6754,-26.9193,11.16,13
-48.6745,-26.9193,11.16,13
-48.678,-26.9191,11.16,13
-48.6771,-26.9192,11.16,13
-48.6775,-26.9189,9.5,13
-48.6803,-26.9229,4.82,13
-48.6807,-26.9227,4.82,13
-48.6812,-26.9233,4.82,13
-48.6807,-26.9231,4.82,13
-48.6826,-26.9148,8.04,13
-48.6818,-26.9149,8.04,13
-48.6822,-26.9151,8.04,13
-48.6813,-26.9151,8.04,13
-48.6796,-26.9152,8.04,13
-48.6805,-26.9152,8.04,13
-48.6809,-26.9149,8.04,13
-48.68,-26.915,8.04,13
-48.6797,-26.9186,7.84,13
-48.6797,-26.919,11.16,13
-48.6801,-26.9188,9.5,13
-48.6793,-26.9188,9.5,13
-48.6784,-26.9189,9.5,13
-48.6788,-26.9186,7.84,13
-48.678,-26.9187,7.84,13
-48.6821,-26.9262,3.69,13
-48.6813,-26.9262,3.69,13
-48.6804,-26.9263,3.69,13
-48.6808,-26.926,3.69,13
-48.7134,-26.9089,39.42,13
-48.7135,-26.9093,39.42,13
-48.7139,-26.9083,39.42,13
-48.7138,-26.9078,39.42,13
-48.7139,-26.9087,39.42,13
-48.7147,-26.9061,39.42,13
-48.7142,-26.9068,39.42,13
-48.7147,-26.9065,39.42,13
-48.7151,-26.9055,39.42,13
-48.7151,-26.9059,39.42,13
-48.7146,-26.9057,39.42,13
-48.7143,-26.9072,39.42,13
-48.7143,-26.9076,39.42,13
-48.6978,-26.9103,3.28,13
-48.6978,-26.9107,3.28,13
-48.6982,-26.9097,3.28,13
-48.6986,-26.9094,12.88,13
-48.6977,-26.9095,8.08,13
-48.6982,-26.9092,8.08,13
-48.6982,-26.9101,3.28,13
-48.6978,-26.9099,3.28,13
-48.6969,-26.9095,12.88,13
-48.6973,-26.9093,12.88,13
-48.6964,-26.9094,12.88,13
-48.6982,-26.9105,3.28,13
-48.6982,-26.9109,3.28,13
-48.7003,-26.9089,13.0475,13
-48.7008,-26.9087,13.0475,13
-48.7003,-26.9085,13.0475,13
-48.7004,-26.9093,13.0475,13
-48.7008,-26.9091,13.0475,13
-48.6999,-26.9091,12.88,13
-48.7008,-26.9082,13.0475,13
-48.699,-26.9092,12.88,13
-48.7003,-26.9076,13.0475,13
-48.7003,-26.9081,13.0475,13
-48.7008,-26.9099,17.095,13
-48.7004,-26.9097,17.095,13
-48.7008,-26.9095,17.095,13
-48.7008,-26.9103,17.095,13
-48.7004,-26.9102,17.095,13
-48.6995,-26.9094,12.88,13
-48.6942,-26.9093,11.62,13
-48.6938,-26.9091,10.36,13
-48.6947,-26.9095,12.88,13
-48.6938,-26.9095,10.806666666666667,13
-48.6929,-26.9096,9.18,13
-48.6934,-26.9093,9.18,13
-48.6925,-26.9094,9.685,13
-48.6956,-26.9094,12.88,13
-48.6951,-26.9092,12.88,13
-48.696,-26.9096,12.88,13
-48.6938,-26.9099,9.435,13
-48.6938,-26.9104,9.435,13
-48.6979,-26.9149,10.07,13
-48.6975,-26.9147,10.07,13
-48.6966,-26.9144,10.07,13
-48.6962,-26.9142,10.07,13
-48.697,-26.9145,10.07,13
-48.7004,-26.9118,17.095,13
-48.7009,-26.9116,17.095,13
-48.7004,-26.9114,17.095,13
-48.7005,-26.9122,17.095,13
-48.7009,-26.912,17.095,13
-48.7008,-26.9108,17.095,13
-48.7009,-26.9112,17.095,13
-48.7004,-26.9106,17.095,13
-48.7004,-26.911,17.095,13
-48.7009,-26.9128,17.095,13
-48.7005,-26.9127,17.095,13
-48.7009,-26.9124,17.095,13
-48.7009,-26.9133,17.095,13
-48.7005,-26.9131,17.095,13
-48.6939,-26.912,8.5,13
-48.6939,-26.9124,8.5,13
-48.6939,-26.9112,8.5,13
-48.6939,-26.9108,9.435,13
-48.6939,-26.9116,8.5,13
-48.6948,-26.9136,11.75,13
-48.6939,-26.9129,8.5,13
-48.6935,-26.9135,11.75,13
-48.6939,-26.9133,8.5,13
-48.6931,-26.9133,13.43,13
-48.7001,-26.9031,13.11,13
-48.7001,-26.9026,13.11,13
-48.7002,-26.9035,13.11,13
-48.7001,-26.9018,13.11,13
-48.7001,-26.9022,13.11,13
-48.7002,-26.9039,13.11,13
-48.7002,-26.9043,13.11,13
-48.7002,-26.906,13.592,13
-48.7002,-26.9056,13.592,13
-48.7003,-26.9064,13.592,13
-48.7011,-26.9051,4.47,13
-48.7015,-26.9049,4.47,13
-48.7006,-26.9049,4.47,13
-48.6998,-26.905,4.47,13
-48.7002,-26.9047,11.448571428571428,13
-48.7002,-26.9051,13.592,13
-48.7003,-26.9068,13.592,13
-48.7003,-26.9072,13.592,13
-48.7102,-26.9175,39.42,13
-48.7098,-26.9177,39.42,13
-48.711,-26.9145,39.42,13
-48.711,-26.9149,39.42,13
-48.7102,-26.9166,39.42,13
-48.7106,-26.9164,39.42,13
-48.7102,-26.9171,39.42,13
-48.7106,-26.9156,39.42,13
-48.711,-26.9153,39.42,13
-48.7106,-26.916,39.42,13
-48.7126,-26.911,39.42,13
-48.7131,-26.9108,39.42,13
-48.7126,-26.9106,39.42,13
-48.7127,-26.9115,39.42,13
-48.713,-26.91,39.42,13
-48.7135,-26.9097,39.42,13
-48.7131,-26.9104,39.42,13
-48.7122,-26.9117,39.42,13
-48.7122,-26.9121,39.42,13
-48.7114,-26.9138,39.42,13
-48.7119,-26.9136,39.42,13
-48.7114,-26.9143,39.42,13
-48.7118,-26.9128,39.42,13
-48.7123,-26.9125,39.42,13
-48.7118,-26.9132,39.42,13
-48.7015,-26.9168,6.9,13
-48.7019,-26.9165,6.9,13
-48.701,-26.9166,6.9,13
-48.7019,-26.9157,6.9,13
-48.7019,-26.9161,6.9,13
-48.7005,-26.9147,18.2,13
-48.701,-26.9145,18.2,13
-48.7005,-26.9143,18.2,13
-48.7006,-26.9152,18.2,13
-48.701,-26.9149,18.2,13
-48.7009,-26.9137,18.2,13
-48.701,-26.9141,18.2,13
-48.7005,-26.9135,17.095,13
-48.7005,-26.9139,18.2,13
-48.701,-26.9158,18.2,13
-48.7014,-26.9155,6.9,13
-48.7006,-26.9156,18.2,13
-48.701,-26.9153,12.55,13
-48.6642,-26.9139,7.98,13
-48.6638,-26.9137,7.98,13
-48.6642,-26.9135,7.98,13
-48.6633,-26.9131,7.98,13
-48.6629,-26.9129,7.98,13
-48.6638,-26.9133,7.98,13
-48.6643,-26.9156,16.25,13
-48.6656,-26.914,8.03,13
-48.6647,-26.9141,7.98,13
-48.6651,-26.9147,10.08,13
-48.6672,-26.9122,8.03,13
-48.6668,-26.9129,8.03,13
-48.6673,-26.9127,8.03,13
-48.6677,-26.912,8.03,13
-48.6664,-26.9131,8.03,13
-48.666,-26.9138,8.03,13
-48.6664,-26.9136,8.03,13
-48.6607,-26.9129,6.68,13
-48.6603,-26.9127,6.68,13
-48.6612,-26.913,7.1066666666666665,13
-48.662,-26.9122,7.98,13
-48.6598,-26.9125,6.68,13
-48.6594,-26.9123,6.68,13
-48.6607,-26.9137,7.32,13
-48.6612,-26.9135,7.32,13
-48.6608,-26.9141,7.32,13
-48.6616,-26.9128,7.32,13
-48.662,-26.9126,8.84,13
-48.6632,-26.9102,9.99,13
-48.6637,-26.91,9.99,13
-48.6633,-26.9106,9.99,13
-48.6637,-26.9104,9.99,13
-48.6629,-26.9125,7.98,13
-48.6624,-26.9123,7.98,13
-48.6652,-26.9159,16.25,13
-48.6647,-26.9157,16.25,13
-48.6665,-26.9152,10.08,13
-48.6669,-26.9158,10.08,13
-48.6665,-26.9156,10.08,13
-48.666,-26.915,10.08,13
-48.6656,-26.9149,10.08,13
-48.666,-26.9155,10.08,13
-48.6674,-26.9164,10.08,13
-48.6674,-26.916,10.08,13
-48.6678,-26.9166,10.08,13
-48.6661,-26.9163,16.25,13
-48.6656,-26.9161,16.25,13
-48.6661,-26.9167,16.25,13
-48.6656,-26.9165,16.25,13
-48.6603,-26.9148,7.32,13
-48.6603,-26.9144,7.32,13
-48.6697,-26.9079,13.74,13
-48.6702,-26.9077,13.74,13
-48.6693,-26.9077,10.285,13
-48.6702,-26.9081,13.74,13
-48.6693,-26.9081,10.285,13
-48.6693,-26.9069,10.285,13
-48.6692,-26.9065,10.285,13
-48.6693,-26.9073,10.285,13
-48.6702,-26.9089,13.74,13
-48.6702,-26.9085,13.74,13
-48.6702,-26.9093,13.74,13
-48.6693,-26.9086,10.285,13
-48.6693,-26.909,10.285,13
-48.6736,-26.907,10.2325,13
-48.6728,-26.9071,10.71,13
-48.6736,-26.9074,9.84,13
-48.6728,-26.9075,10.71,13
-48.6719,-26.9071,12.16,13
-48.6719,-26.9076,12.16,13
-48.6658,-26.9079,10.36,13
-48.6653,-26.9078,10.36,13
-48.6696,-26.905,7.195,13
-48.6696,-26.9046,7.195,13
-48.6696,-26.9054,7.195,13
-48.6696,-26.9037,7.195,13
-48.6696,-26.9041,7.195,13
-48.6697,-26.9058,7.195,13
-48.6688,-26.9059,10.285,13
-48.6692,-26.9056,10.285,13
-48.6692,-26.9061,10.285,13
-48.6698,-26.9108,10.285,13
-48.6703,-26.9106,13.74,13
-48.6694,-26.9106,10.285,13
-48.6698,-26.9104,10.285,13
-48.6698,-26.9112,10.285,13
-48.6703,-26.911,13.74,13
-48.6694,-26.9111,10.285,13
-48.6702,-26.9098,13.74,13
-48.6702,-26.9102,13.74,13
-48.6694,-26.9098,10.285,13
-48.6698,-26.9096,10.285,13
-48.6693,-26.9094,10.285,13
-48.6694,-26.9102,10.285,13
-48.6698,-26.91,10.285,13
-48.6703,-26.9118,13.74,13
-48.6707,-26.9116,13.74,13
-48.6699,-26.9117,10.285,13
-48.6703,-26.9114,13.74,13
-48.6703,-26.9123,13.74,13
-48.6707,-26.912,13.74,13
-48.6699,-26.9121,10.285,13
-48.6728,-26.9092,10.71,13
-48.6733,-26.9089,10.71,13
-48.6728,-26.9088,10.71,13
-48.6728,-26.9096,10.71,13
-48.6733,-26.9094,10.71,13
-48.6737,-26.9083,9.84,13
-48.6741,-26.908,9.84,13
-48.6737,-26.9079,9.84,13
-48.6737,-26.9087,9.84,13
-48.6741,-26.9085,9.84,13
-48.6719,-26.9088,12.16,13
-48.672,-26.9092,12.16,13
-48.6728,-26.9079,10.71,13
-48.6719,-26.908,12.16,13
-48.6728,-26.9083,10.71,13
-48.6719,-26.9084,12.16,13
-48.6733,-26.9102,10.71,13
-48.6729,-26.91,10.71,13
-48.6733,-26.9098,10.71,13
-48.6733,-26.9106,10.71,13
-48.6741,-26.9093,9.84,13
-48.6737,-26.9091,9.84,13
-48.6741,-26.9089,9.84,13
-48.6742,-26.9097,9.84,13
-48.6737,-26.9095,9.84,13
-48.672,-26.9101,12.16,13
-48.6724,-26.9098,12.16,13
-48.672,-26.9096,12.16,13
-48.672,-26.9105,12.16,13
-48.6724,-26.9102,12.16,13
-48.6662,-26.9085,10.36,13
-48.6658,-26.9084,10.36,13
-48.6542,-26.9131,7.69,13
-48.6542,-26.9135,7.69,13
-48.6541,-26.9122,7.69,13
-48.6546,-26.912,7.69,13
-48.6542,-26.9126,7.69,13
-48.6546,-26.9124,7.69,13
-48.6538,-26.9141,4.04,13
-48.6542,-26.9139,5.865,13
-48.6538,-26.9146,4.04,13
-48.6542,-26.9143,4.04,13
-48.6576,-26.9116,6.68,13
-48.6572,-26.9114,6.68,13
-48.6576,-26.912,6.68,13
-48.6581,-26.9118,6.68,13
-48.6572,-26.9118,6.68,13
-48.6563,-26.9115,7.59,13
-48.6559,-26.9113,7.59,13
-48.6563,-26.9111,7.59,13
-48.6576,-26.9103,10.94,13
-48.6576,-26.9108,10.94,13
-48.6581,-26.913,6.13,13
-48.6577,-26.9128,6.13,13
-48.6589,-26.9121,6.68,13
-48.6585,-26.912,6.68,13
-48.6572,-26.9122,6.13,13
-48.6572,-26.9127,6.13,13
-48.6545,-26.9107,7.59,13
-48.6541,-26.9106,7.59,13
-48.6536,-26.9104,7.59,13
-48.6554,-26.9111,7.59,13
-48.6545,-26.9112,7.69,13
-48.655,-26.9109,7.59,13
-48.6546,-26.9116,7.69,13
-48.6558,-26.9109,7.59,13
-48.6554,-26.9107,7.59,13
-48.6547,-26.9158,4.52,13
-48.6542,-26.9152,4.52,13
-48.6538,-26.915,4.04,13
-48.6543,-26.9156,4.52,13
-48.6547,-26.9153,4.52,13
-48.6538,-26.9154,4.28,13
-48.6573,-26.9143,6.13,13
-48.6568,-26.9142,6.13,13
-48.6564,-26.9148,6.13,13
-48.6568,-26.9146,6.13,13
-48.6577,-26.9133,6.13,13
-48.6573,-26.9139,6.13,13
-48.6577,-26.9137,6.13,13
-48.6534,-26.9152,4.52,13
-48.6605,-26.9074,5.825,13
-48.6601,-26.9073,5.825,13
-48.6614,-26.9061,9.316666666666666,13
-48.6609,-26.9059,9.316666666666666,13
-48.6614,-26.9065,9.316666666666666,13
-48.6618,-26.9063,10.4175,13
-48.6592,-26.9069,5.825,13
-48.6592,-26.9073,7.53,13
-48.6596,-26.9071,5.825,13
-48.6588,-26.9071,5.825,13
-48.6605,-26.9058,9.316666666666666,13
-48.66,-26.9056,9.316666666666666,13
-48.6614,-26.9078,5.825,13
-48.661,-26.9076,5.825,13
-48.6618,-26.9067,13.72,13
-48.6601,-26.9077,5.825,13
-48.6597,-26.9075,5.825,13
-48.6622,-26.9052,13.72,13
-48.6626,-26.905,13.72,13
-48.6622,-26.9057,10.81,13
-48.6618,-26.9055,10.228,13
-48.6626,-26.9042,13.72,13
-48.663,-26.9039,13.72,13
-48.6626,-26.9046,13.72,13
-48.664,-26.9068,10.36,13
-48.6636,-26.9066,10.36,13
-48.6631,-26.906,10.36,13
-48.6622,-26.9061,13.72,13
-48.6631,-26.9064,10.36,13
-48.6587,-26.9046,11.29,13
-48.6582,-26.9044,11.29,13
-48.6579,-26.9068,7.66,13
-48.6574,-26.9066,7.66,13
-48.6583,-26.9069,5.825,13
-48.6604,-26.9045,10.228,13
-48.66,-26.9043,11.7625,13
-48.6591,-26.904,11.7625,13
-48.6587,-26.9038,11.7625,13
-48.6591,-26.9036,11.7625,13
-48.6595,-26.9042,11.7625,13
-48.6609,-26.9051,10.228,13
-48.6613,-26.9049,10.228,13
-48.6609,-26.9047,10.228,13
-48.6613,-26.9053,10.228,13
-48.6596,-26.905,9.316666666666666,13
-48.6591,-26.9048,9.316666666666666,13
-48.6596,-26.9054,9.316666666666666,13
-48.66,-26.9052,9.316666666666666,13
-48.6602,-26.9102,3.45,13
-48.6593,-26.9098,3.45,13
-48.6589,-26.9096,3.45,13
-48.6593,-26.9094,3.45,13
-48.6597,-26.91,3.45,13
-48.6598,-26.9104,3.45,13
-48.6645,-26.9074,10.36,13
-48.6649,-26.9072,10.36,13
-48.6644,-26.907,10.36,13
-48.6649,-26.9076,10.36,13
-48.6641,-26.9093,9.99,13
-48.6645,-26.9091,9.99,13
-48.6641,-26.9097,9.99,13
-48.6649,-26.9084,9.99,13
-48.6654,-26.9082,9.99,13
-48.6649,-26.9088,9.99,13
-48.6579,-26.9084,3.2,13
-48.6575,-26.9083,3.2,13
-48.6588,-26.9075,10.94,13
-48.6584,-26.9082,3.2,13
-48.6588,-26.908,10.94,13
-48.6579,-26.908,3.2,13
-48.6571,-26.9081,3.2,13
-48.658,-26.9097,10.94,13
-48.6584,-26.9095,10.94,13
-48.658,-26.9093,10.94,13
-48.658,-26.9101,10.94,13
-48.6584,-26.9086,7.07,13
-48.6588,-26.9084,10.94,13
-48.6588,-26.9092,3.45,13
-48.6584,-26.909,5.946666666666666,13
-48.6701,-26.9196,16.25,13
-48.6697,-26.9194,16.25,13
-48.6701,-26.9192,16.25,13
-48.6706,-26.9198,16.25,13
-48.6697,-26.919,16.25,13
-48.6692,-26.9188,16.25,13
-48.671,-26.92,16.25,13
-48.6674,-26.9173,16.25,13
-48.6679,-26.9179,16.25,13
-48.6674,-26.9177,16.25,13
-48.667,-26.9171,16.25,13
-48.6665,-26.9169,16.25,13
-48.667,-26.9175,16.25,13
-48.6688,-26.9182,16.25,13
-48.6683,-26.918,16.25,13
-48.6688,-26.9186,16.25,13
-48.6773,-26.9122,8.883333333333333,13
-48.6773,-26.9127,7.27,13
-48.6734,-26.9119,10.71,13
-48.6725,-26.9119,12.16,13
-48.6734,-26.9123,10.71,13
-48.6725,-26.9123,12.16,13
-48.6733,-26.911,10.71,13
-48.6733,-26.9114,10.71,13
-48.6725,-26.9111,12.16,13
-48.672,-26.9109,12.16,13
-48.6724,-26.9107,12.16,13
-48.6725,-26.9115,12.16,13
-48.6683,-26.9168,10.08,13
-48.733,-26.8794,5.43,13
-48.7334,-26.8796,5.43,13
-48.7343,-26.8796,5.43,13
-48.7347,-26.8793,5.43,13
-48.7338,-26.8794,5.43,13
-48.722,-26.8893,6.87,13
-48.722,-26.8897,6.87,13
-48.7224,-26.8887,6.87,13
-48.7224,-26.8883,6.87,13
-48.7224,-26.8891,6.87,13
-48.7219,-26.8889,6.87,13
-48.7228,-26.8872,6.87,13
-48.7228,-26.8876,6.87,13
-48.7228,-26.888,6.87,13
-48.6548,-26.9047,9.17,13
-48.6543,-26.9053,9.17,13
-48.6548,-26.9051,9.17,13
-48.6544,-26.9057,9.17,13
-48.6552,-26.9044,9.17,13
-48.6556,-26.9042,9.17,13
-48.6544,-26.9062,9.17,13
-48.6539,-26.906,9.17,13
-48.6956,-26.9366,4.92,13
-48.696,-26.9364,4.92,13
-48.6956,-26.9362,4.92,13
-48.6978,-26.9371,4.92,13
-48.6969,-26.9367,4.92,13
-48.6965,-26.9365,4.92,13
-48.6974,-26.9369,4.92,13
-48.7179,-26.8988,22.15,13
-48.7179,-26.8992,22.15,13
-48.7183,-26.8977,22.15,13
-48.7179,-26.8984,22.15,13
-48.7183,-26.8981,22.15,13
-48.7175,-26.8994,22.15,13
-48.7218,-26.8971,6.57,13
-48.7213,-26.8969,6.57,13
-48.7222,-26.8968,6.57,13
-48.7209,-26.8967,6.57,13
-48.7205,-26.8965,6.57,13
-48.7227,-26.897,6.57,13
-48.7195,-26.8949,22.15,13
-48.7191,-26.8956,22.15,13
-48.7195,-26.8953,22.15,13
-48.7187,-26.8971,22.15,13
-48.7187,-26.8967,22.15,13
-48.7183,-26.8973,22.15,13
-48.7196,-26.8962,6.57,13
-48.7191,-26.896,14.36,13
-48.72,-26.8964,6.57,13
-48.7191,-26.8964,22.15,13
-48.7212,-26.8915,22.15,13
-48.7216,-26.8912,22.15,13
-48.7211,-26.8911,22.15,13
-48.7212,-26.8919,22.15,13
-48.7224,-26.8903,10.36,13
-48.7216,-26.8904,8.615,13
-48.722,-26.8902,8.615,13
-48.7216,-26.8908,22.15,13
-48.7207,-26.8905,10.36,13
-48.7211,-26.8902,10.36,13
-48.7207,-26.8921,22.15,13
-48.7203,-26.8928,22.15,13
-48.7208,-26.8925,22.15,13
-48.7242,-26.8898,10.36,13
-48.7246,-26.8896,10.36,13
-48.7237,-26.8901,10.36,13
-48.7229,-26.8901,10.36,13
-48.7233,-26.8899,10.36,13
-48.7224,-26.8899,10.36,13
-48.7199,-26.8943,22.15,13
-48.7199,-26.8939,22.15,13
-48.7195,-26.8945,22.15,13
-48.7203,-26.8932,22.15,13
-48.7204,-26.8936,22.15,13
-48.7501,-26.8815,3.78,13
-48.7501,-26.8819,3.78,13
-48.7501,-26.8831,3.78,13
-48.7496,-26.8817,3.78,13
-48.7497,-26.8826,3.78,13
-48.7501,-26.8823,3.78,13
-48.7497,-26.8821,3.78,13
-48.7497,-26.883,3.78,13
-48.7501,-26.8827,3.78,13
-48.6406,-26.9507,3.21,13
-48.6406,-26.9511,3.21,13
-48.6406,-26.9516,3.21,13
-48.6402,-26.9514,3.21,13
-48.6402,-26.9518,3.21,13
-48.6443,-26.9325,2.66,13
-48.6448,-26.9331,2.66,13
-48.6444,-26.9329,2.66,13
-48.6453,-26.9337,2.66,13
-48.6452,-26.9333,2.66,13
-48.6439,-26.9323,2.66,13
-48.6435,-26.9321,2.66,13
-48.6439,-26.9327,2.66,13
-48.6399,-26.9558,6.22,13
-48.6857,-26.9017,15.49,16
-48.6857,-26.9013,15.49,16
-48.6861,-26.9018,11.425,16
-48.6883,-26.9023,7.36,16
-48.6887,-26.9021,7.36,16
-48.6879,-26.9022,7.36,16
-48.687,-26.9022,7.36,16
-48.6874,-26.902,7.36,16
-48.6866,-26.902,7.36,16
-48.6817,-26.9009,10.41,16
-48.6826,-26.9008,10.41,16
-48.683,-26.9006,15.49,16
-48.6821,-26.9006,10.41,16
-48.6808,-26.9009,10.41,16
-48.6804,-26.9007,10.41,16
-48.6813,-26.9007,10.41,16
-48.6852,-26.9011,15.49,16
-48.6848,-26.9009,15.49,16
-48.6839,-26.9005,15.49,16
-48.6839,-26.9009,15.49,16
-48.6843,-26.9007,15.49,16
-48.6835,-26.9008,15.49,16
-48.6823,-26.9052,14.51,16
-48.6827,-26.905,14.51,16
-48.6823,-26.9048,14.51,16
-48.6823,-26.9056,14.51,16
-48.6827,-26.9042,14.51,16
-48.6827,-26.9046,14.51,16
-48.689,-26.9088,7.88,16
-48.6894,-26.9085,7.88,16
-48.6899,-26.9096,11.96,16
-48.689,-26.9096,11.96,16
-48.6894,-26.9094,11.96,16
-48.692,-26.9088,7.88,16
-48.6912,-26.9089,7.88,16
-48.6916,-26.9086,7.88,16
-48.6916,-26.9095,11.345,16
-48.6925,-26.9086,7.88,16
-48.6903,-26.9089,7.88,16
-48.6907,-26.9087,7.88,16
-48.6898,-26.9087,7.88,16
-48.6833,-26.9081,14.51,16
-48.6833,-26.9085,14.51,16
-48.6886,-26.9115,10.22,16
-48.6886,-26.9119,10.22,16
-48.6878,-26.9116,10.22,16
-48.6873,-26.9114,10.22,16
-48.6882,-26.9118,10.22,16
-48.6921,-26.91,4.66,16
-48.6925,-26.9098,4.66,16
-48.6916,-26.9099,4.66,16
-48.6921,-26.9096,11.345,16
-48.6908,-26.9099,4.66,16
-48.6912,-26.9097,11.345,16
-48.6903,-26.9097,11.96,16
-48.6908,-26.9095,11.345,16
-48.6912,-26.9101,4.66,16
-48.686,-26.9109,10.22,16
-48.6855,-26.9107,10.22,16
-48.6869,-26.9112,10.22,16
-48.6864,-26.911,10.22,16
-48.694,-26.9034,15.05,16
-48.6936,-26.9033,15.05,16
-48.694,-26.903,15.05,16
-48.6941,-26.9039,15.05,16
-48.6936,-26.9037,15.05,16
-48.6936,-26.9024,15.05,16
-48.694,-26.9022,15.05,16
-48.6936,-26.902,15.05,16
-48.6936,-26.9028,15.05,16
-48.694,-26.9026,15.05,16
-48.6941,-26.9043,15.05,16
-48.6941,-26.9047,15.05,16
-48.6936,-26.9041,15.05,16
-48.6936,-26.9045,15.05,16
-48.694,-26.9009,15.05,16
-48.694,-26.9014,15.05,16
-48.694,-26.9018,15.05,16
-48.6941,-26.9064,15.05,16
-48.6937,-26.9062,15.05,16
-48.6941,-26.9059,15.05,16
-48.6942,-26.9068,15.05,16
-48.6937,-26.9066,15.05,16
-48.6937,-26.9053,9.69,16
-48.6941,-26.9051,15.05,16
-48.6932,-26.9052,4.33,16
-48.6937,-26.9049,15.05,16
-48.6937,-26.9058,15.05,16
-48.6941,-26.9055,15.05,16
-48.6942,-26.9072,15.05,16
-48.6942,-26.9076,15.05,16
-48.6937,-26.907,15.05,16
-48.6937,-26.9074,15.05,16
-48.6924,-26.9052,4.33,16
-48.6928,-26.9054,4.33,16
-48.6776,-26.9087,12.37,16
-48.6776,-26.9082,12.37,16
-48.6776,-26.9091,12.37,16
-48.6776,-26.9095,12.37,16
-48.6777,-26.9099,12.37,16
-48.6828,-26.9062,14.51,16
-48.6828,-26.9058,14.51,16
-48.6828,-26.9067,14.51,16
-48.6832,-26.9064,14.51,16
-48.6832,-26.9073,14.51,16
-48.6832,-26.9068,14.51,16
-48.6833,-26.9077,14.51,16
-48.6837,-26.9074,14.51,16
-48.6776,-26.9074,12.37,16
-48.6776,-26.9078,12.37,16
-48.6775,-26.9057,12.37,16
-48.6775,-26.9062,12.37,16
-48.6775,-26.9066,12.37,16
-48.6776,-26.907,12.37,16
-48.6773,-26.9114,11.37,16
-48.6773,-26.9118,11.37,16
-48.6829,-26.9092,14.51,16
-48.6833,-26.9089,14.51,16
-48.6829,-26.9096,14.51,16
-48.6833,-26.9093,14.51,16
-48.6772,-26.9093,12.37,16
-48.6772,-26.9097,12.37,16
-48.6772,-26.9106,11.37,16
-48.6777,-26.9103,11.37,16
-48.6772,-26.9102,11.37,16
-48.6773,-26.911,11.37,16
-48.7045,-26.8909,13.39,16
-48.705,-26.8906,13.39,16
-48.7045,-26.8904,13.39,16
-48.7045,-26.8913,13.39,16
-48.705,-26.891,13.39,16
-48.7049,-26.8902,13.39,16
-48.705,-26.8919,13.39,16
-48.7046,-26.8917,13.39,16
-48.705,-26.8915,13.39,16
-48.705,-26.8923,13.39,16
-48.7046,-26.8921,13.39,16
-48.7045,-26.8896,13.39,16
-48.7045,-26.89,13.39,16
-48.7044,-26.8879,13.39,16
-48.7044,-26.8883,13.39,16
-48.7045,-26.8888,13.39,16
-48.7045,-26.8892,13.39,16
-48.705,-26.8927,13.39,16
-48.705,-26.8931,13.39,16
-48.7046,-26.8925,13.39,16
-48.7046,-26.8929,13.39,16
-48.7143,-26.8829,16.14,16
-48.7143,-26.8833,16.14,16
-48.7139,-26.8827,16.14,16
-48.7139,-26.8831,16.14,16
-48.7139,-26.884,16.14,16
-48.7143,-26.8837,16.14,16
-48.7139,-26.8836,16.14,16
-48.7139,-26.8844,16.14,16
-48.7143,-26.8842,16.14,16
-48.714,-26.8857,16.14,16
-48.714,-26.8861,16.14,16
-48.7139,-26.8848,16.14,16
-48.7139,-26.8852,16.14,16
-48.714,-26.8869,16.14,16
-48.714,-26.8865,16.14,16
-48.714,-26.8873,16.14,16
-48.7001,-26.8878,7.0,16
-48.6992,-26.8874,7.0,16
-48.6996,-26.8872,7.0,16
-48.6992,-26.887,7.0,16
-48.6996,-26.8876,7.0,16
-48.6978,-26.886,7.0,16
-48.6974,-26.8859,7.0,16
-48.6978,-26.8865,7.0,16
-48.6983,-26.8862,7.0,16
-48.6987,-26.8868,7.0,16
-48.6983,-26.8866,7.0,16
-48.7141,-26.8907,16.14,16
-48.7141,-26.8911,16.14,16
-48.7141,-26.8886,16.14,16
-48.7141,-26.889,16.14,16
-48.714,-26.8877,16.14,16
-48.714,-26.8882,16.14,16
-48.7141,-26.8898,16.14,16
-48.7141,-26.8894,16.14,16
-48.7141,-26.8902,16.14,16
-48.7199,-26.893,10.54,16
-48.7199,-26.8934,10.54,16
-48.6652,-26.9036,6.05,16
-48.6656,-26.9034,6.05,16
-48.6652,-26.904,6.05,16
-48.666,-26.9027,6.05,16
-48.6661,-26.9031,6.05,16
-48.6674,-26.9049,12.27,16
-48.6578,-26.903,10.87,16
-48.6582,-26.904,8.18,16
-48.6586,-26.9034,9.525,16
-48.6582,-26.9032,10.87,16
-48.6934,-26.8838,6.03,16
-48.6925,-26.8839,6.03,16
-48.6929,-26.8836,6.03,16
-48.6921,-26.8841,6.03,16
-48.6969,-26.8857,7.0,16
-48.6916,-26.8848,6.03,16
-48.6916,-26.8843,6.03,16
-48.6953,-26.9142,21.09,16
-48.6957,-26.914,21.09,16
-48.6948,-26.9141,21.09,16
-48.6953,-26.9138,21.09,16
-48.6931,-26.915,10.675,16
-48.6936,-26.9148,10.675,16
-48.6931,-26.9146,10.675,16
-48.6931,-26.9154,10.675,16
-48.6936,-26.9152,10.675,16
-48.6944,-26.9139,21.09,16
-48.6935,-26.9139,10.675,16
-48.694,-26.9137,21.09,16
-48.6935,-26.9143,10.675,16
-48.6936,-26.916,15.55,16
-48.6932,-26.9158,15.55,16
-48.6936,-26.9156,10.675,16
-48.6936,-26.9164,15.55,16
-48.6922,-26.913,21.09,16
-48.6917,-26.9128,21.09,16
-48.6926,-26.9132,21.09,16
-48.6909,-26.9128,21.09,16
-48.6913,-26.9126,21.09,16
-48.6909,-26.9124,21.09,16
-48.6931,-26.9138,10.675,16
-48.6931,-26.9142,10.675,16
-48.6937,-26.9177,15.55,16
-48.6937,-26.9181,15.55,16
-48.6936,-26.9169,15.55,16
-48.6936,-26.9173,15.55,16
-48.6937,-26.9189,15.55,16
-48.6937,-26.9185,15.55,16
-48.6937,-26.9194,15.55,16
-48.6771,-26.9179,7.63,16
-48.6792,-26.9176,7.63,16
-48.6797,-26.9177,7.63,16
-48.6788,-26.9178,7.63,16
-48.6779,-26.9178,7.63,16
-48.6784,-26.9176,7.63,16
-48.6775,-26.9177,7.63,16
-48.6914,-26.9275,6.89,16
-48.6918,-26.9272,6.89,16
-48.6943,-26.9237,9.8,16
-48.6947,-26.9235,3.46,16
-48.6943,-26.9241,16.14,16
-48.6956,-26.923,3.46,16
-48.6956,-26.9234,3.46,16
-48.696,-26.9232,3.46,16
-48.6952,-26.9232,3.46,16
-48.6943,-26.9229,16.14,16
-48.6938,-26.9227,16.14,16
-48.6943,-26.9225,16.14,16
-48.6943,-26.9233,16.14,16
-48.6938,-26.9231,16.14,16
-48.6943,-26.9245,16.14,16
-48.6943,-26.925,16.14,16
-48.6973,-26.9225,3.46,16
-48.6965,-26.9229,3.46,16
-48.6969,-26.9227,3.46,16
-48.6942,-26.9212,15.845,16
-48.6938,-26.9206,15.845,16
-48.6938,-26.921,15.845,16
-48.6937,-26.9198,15.845,16
-48.6937,-26.9202,15.845,16
-48.6938,-26.9219,15.845,16
-48.6942,-26.9216,15.845,16
-48.6938,-26.9214,15.845,16
-48.6938,-26.9223,15.845,16
-48.6942,-26.922,15.845,16
-48.6953,-26.9266,16.14,16
-48.6948,-26.9264,16.14,16
-48.6953,-26.9262,16.14,16
-48.6931,-26.9265,6.89,16
-48.6935,-26.9263,6.89,16
-48.6944,-26.9258,11.515,16
-48.6944,-26.9254,16.14,16
-48.6948,-26.926,16.14,16
-48.6939,-26.926,6.89,16
-48.6962,-26.9269,16.14,16
-48.6957,-26.9268,16.14,16
-48.6962,-26.9274,16.14,16
-48.6922,-26.927,6.89,16
-48.6927,-26.9267,6.89,16
-48.7159,-26.9037,16.87,16
-48.7163,-26.9027,16.87,16
-48.7167,-26.9024,16.87,16
-48.7163,-26.9031,16.87,16
-48.7155,-26.9044,16.87,16
-48.7159,-26.9041,16.87,16
-48.7155,-26.9048,16.87,16
-48.7163,-26.9035,16.87,16
-48.7151,-26.9055,16.87,16
-48.7151,-26.905,16.87,16
-48.6964,-26.9094,9.14,16
-48.7003,-26.9089,14.08,16
-48.7008,-26.9087,14.08,16
-48.7003,-26.9085,14.08,16
-48.7004,-26.9093,14.466666666666667,16
-48.7008,-26.9091,14.08,16
-48.7008,-26.9082,14.08,16
-48.7003,-26.9076,14.08,16
-48.7003,-26.9081,14.08,16
-48.7008,-26.9099,14.466666666666667,16
-48.7004,-26.9097,14.466666666666667,16
-48.7008,-26.9095,14.466666666666667,16
-48.7008,-26.9103,14.466666666666667,16
-48.7004,-26.9102,14.466666666666667,16
-48.6942,-26.9093,10.9875,16
-48.6938,-26.9091,15.05,16
-48.6942,-26.9089,15.05,16
-48.6947,-26.9095,9.633333333333333,16
-48.6938,-26.9095,11.182,16
-48.6929,-26.9096,10.215,16
-48.6934,-26.9093,10.215,16
-48.6925,-26.9094,10.215,16
-48.6938,-26.9083,15.05,16
-48.6942,-26.908,15.05,16
-48.6938,-26.9079,15.05,16
-48.6938,-26.9087,15.05,16
-48.6942,-26.9085,15.05,16
-48.6956,-26.9094,9.633333333333333,16
-48.6951,-26.9092,9.633333333333333,16
-48.696,-26.9096,9.14,16
-48.6938,-26.9099,11.945,16
-48.6938,-26.9104,8.84,16
-48.6979,-26.9149,21.09,16
-48.6975,-26.9147,21.09,16
-48.6966,-26.9144,21.09,16
-48.6962,-26.9142,21.09,16
-48.697,-26.9145,21.09,16
-48.7004,-26.9118,14.466666666666667,16
-48.7009,-26.9116,14.466666666666667,16
-48.7004,-26.9114,14.466666666666667,16
-48.7005,-26.9122,14.466666666666667,16
-48.7009,-26.912,14.466666666666667,16
-48.7008,-26.9108,14.466666666666667,16
-48.7009,-26.9112,14.466666666666667,16
-48.7004,-26.9106,14.466666666666667,16
-48.7004,-26.911,14.466666666666667,16
-48.7009,-26.9128,14.466666666666667,16
-48.7005,-26.9127,14.466666666666667,16
-48.7009,-26.9124,14.466666666666667,16
-48.7009,-26.9133,14.466666666666667,16
-48.7005,-26.9131,14.466666666666667,16
-48.6939,-26.912,7.58,16
-48.6939,-26.9124,7.58,16
-48.6939,-26.9112,7.58,16
-48.6939,-26.9108,8.84,16
-48.6939,-26.9116,7.58,16
-48.6948,-26.9136,21.09,16
-48.6939,-26.9129,7.58,16
-48.6935,-26.9135,14.146666666666667,16
-48.6939,-26.9133,7.58,16
-48.6931,-26.9133,21.09,16
-48.7002,-26.906,14.08,16
-48.7002,-26.9056,14.08,16
-48.7003,-26.9064,14.08,16
-48.7002,-26.9047,14.08,16
-48.7002,-26.9051,14.08,16
-48.7003,-26.9068,14.08,16
-48.7003,-26.9072,14.08,16
-48.7005,-26.9147,14.055,16
-48.701,-26.9145,14.055,16
-48.7005,-26.9143,14.055,16
-48.7006,-26.9152,14.055,16
-48.701,-26.9149,14.055,16
-48.7009,-26.9137,14.055,16
-48.701,-26.9141,14.055,16
-48.7005,-26.9135,14.466666666666667,16
-48.7005,-26.9139,14.055,16
-48.701,-26.9158,14.055,16
-48.7006,-26.9156,14.055,16
-48.701,-26.9153,14.055,16
-48.6612,-26.913,7.18,16
-48.6607,-26.9137,7.18,16
-48.6612,-26.9135,7.18,16
-48.6608,-26.9141,7.18,16
-48.6616,-26.9128,7.18,16
-48.6603,-26.9148,7.18,16
-48.6603,-26.9144,7.18,16
-48.6693,-26.9077,11.75,16
-48.6693,-26.9081,11.75,16
-48.668,-26.9076,12.27,16
-48.668,-26.908,12.27,16
-48.6693,-26.9069,11.75,16
-48.6692,-26.9065,11.75,16
-48.6693,-26.9073,11.75,16
-48.6693,-26.9086,11.75,16
-48.6693,-26.909,11.75,16
-48.6714,-26.9065,8.55,16
-48.6719,-26.9063,8.55,16
-48.6719,-26.9071,8.55,16
-48.6719,-26.9067,8.55,16
-48.6719,-26.9076,8.55,16
-48.6675,-26.9057,12.27,16
-48.6674,-26.9053,12.27,16
-48.6675,-26.9062,12.27,16
-48.6679,-26.9059,12.27,16
-48.6679,-26.9068,12.27,16
-48.6675,-26.9066,12.27,16
-48.6679,-26.9063,12.27,16
-48.6679,-26.9072,12.27,16
-48.6675,-26.907,12.27,16
-48.6658,-26.9079,10.1,16
-48.6653,-26.9078,10.1,16
-48.6688,-26.9059,11.75,16
-48.6692,-26.9056,11.75,16
-48.6692,-26.9061,11.75,16
-48.6698,-26.9108,11.75,16
-48.6694,-26.9106,11.75,16
-48.6698,-26.9104,11.75,16
-48.6698,-26.9112,11.75,16
-48.6694,-26.9111,11.75,16
-48.6694,-26.9098,11.75,16
-48.6698,-26.9096,11.75,16
-48.6693,-26.9094,11.75,16
-48.6694,-26.9102,11.75,16
-48.6698,-26.91,11.75,16
-48.6699,-26.9117,11.75,16
-48.6699,-26.9121,11.75,16
-48.6719,-26.9088,8.55,16
-48.672,-26.9092,8.55,16
-48.6719,-26.908,8.55,16
-48.6719,-26.9084,8.55,16
-48.672,-26.9096,8.55,16
-48.668,-26.9084,12.27,16
-48.668,-26.9088,12.27,16
-48.6662,-26.9085,10.1,16
-48.6658,-26.9084,10.1,16
-48.668,-26.9093,12.27,16
-48.6614,-26.9061,4.29,16
-48.6609,-26.9059,4.29,16
-48.6614,-26.9065,4.29,16
-48.6618,-26.9063,4.29,16
-48.6605,-26.9058,4.29,16
-48.66,-26.9056,4.29,16
-48.6648,-26.9042,6.05,16
-48.664,-26.9068,10.1,16
-48.6636,-26.9066,10.1,16
-48.6631,-26.906,10.1,16
-48.6631,-26.9064,10.1,16
-48.6578,-26.9055,8.18,16
-48.6574,-26.9062,8.18,16
-48.6579,-26.9059,8.18,16
-48.6583,-26.9049,8.18,16
-48.6582,-26.9044,8.18,16
-48.6578,-26.9051,8.18,16
-48.6566,-26.9066,1.65,16
-48.6561,-26.9065,1.65,16
-48.6604,-26.9045,10.87,16
-48.66,-26.9043,10.87,16
-48.6591,-26.904,10.87,16
-48.6587,-26.9038,9.525,16
-48.6591,-26.9036,10.87,16
-48.6595,-26.9042,10.87,16
-48.6609,-26.9047,10.87,16
-48.6596,-26.905,4.29,16
-48.6591,-26.9048,4.29,16
-48.6596,-26.9054,4.29,16
-48.66,-26.9052,4.29,16
-48.6636,-26.9083,3.04,16
-48.6636,-26.9079,3.04,16
-48.6641,-26.9085,3.04,16
-48.6645,-26.9074,10.1,16
-48.6649,-26.9072,10.1,16
-48.6644,-26.907,10.1,16
-48.6649,-26.9076,10.1,16
-48.6632,-26.9077,3.04,16
-48.6645,-26.9091,3.04,16
-48.6645,-26.9087,3.04,16
-48.6579,-26.9084,5.55,16
-48.6575,-26.9083,5.55,16
-48.6584,-26.9082,5.55,16
-48.6579,-26.908,5.55,16
-48.6571,-26.9081,5.55,16
-48.6566,-26.9079,7.17,16
-48.6584,-26.9086,5.55,16
-48.6773,-26.9122,11.37,16
-48.6773,-26.9127,11.37,16
-48.6773,-26.9135,10.37,16
-48.6773,-26.9131,10.37,16
-48.7279,-26.8588,36.81,16
-48.7279,-26.8592,36.81,16
-48.7278,-26.8576,36.81,16
-48.7274,-26.8574,36.81,16
-48.7279,-26.858,36.81,16
-48.7279,-26.8584,36.81,16
-48.7279,-26.8601,36.81,16
-48.7284,-26.8598,36.81,16
-48.7279,-26.8597,36.81,16
-48.7284,-26.8603,36.81,16
-48.7284,-26.8611,36.81,16
-48.7284,-26.8607,36.81,16
-48.7284,-26.8615,36.81,16
-48.7288,-26.8613,36.81,16
-48.7298,-26.865,36.81,16
-48.7303,-26.8656,36.81,16
-48.7299,-26.8654,36.81,16
-48.7304,-26.8668,36.81,16
-48.7304,-26.8672,36.81,16
-48.7303,-26.866,36.81,16
-48.7303,-26.8664,36.81,16
-48.7293,-26.8631,36.81,16
-48.7289,-26.8629,36.81,16
-48.7293,-26.8627,36.81,16
-48.7294,-26.8635,36.81,16
-48.7289,-26.8621,36.81,16
-48.7289,-26.8617,36.81,16
-48.7289,-26.8625,36.81,16
-48.7298,-26.8641,36.81,16
-48.7294,-26.864,36.81,16
-48.7298,-26.8646,36.81,16
-48.7294,-26.8644,36.81,16
-48.7304,-26.8681,23.755,16
-48.7304,-26.8677,36.81,16
-48.7304,-26.8685,23.755,16
-48.73,-26.87,23.755,16
-48.73,-26.8696,23.755,16
-48.73,-26.8704,17.606666666666666,16
-48.7304,-26.8689,23.755,16
-48.7304,-26.8693,23.755,16
-48.7264,-26.8792,36.81,16
-48.726,-26.879,36.81,16
-48.726,-26.8795,36.81,16
-48.7264,-26.8784,36.81,16
-48.7268,-26.8781,36.81,16
-48.7264,-26.8788,36.81,16
-48.726,-26.8803,36.81,16
-48.7256,-26.8801,36.81,16
-48.726,-26.8799,36.81,16
-48.7256,-26.8805,36.81,16
-48.7272,-26.8762,36.81,16
-48.7272,-26.8767,36.81,16
-48.7276,-26.8756,36.81,16
-48.728,-26.8753,36.81,16
-48.7276,-26.876,36.81,16
-48.7258,-26.8753,5.13,16
-48.7268,-26.8773,36.81,16
-48.7272,-26.8771,36.81,16
-48.7268,-26.8777,36.81,16
-48.7252,-26.882,36.81,16
-48.7248,-26.8822,36.81,16
-48.7252,-26.8812,36.81,16
-48.7256,-26.8809,36.81,16
-48.7252,-26.8816,36.81,16
-48.7292,-26.8717,17.606666666666666,16
-48.7296,-26.8715,17.606666666666666,16
-48.7292,-26.8721,17.606666666666666,16
-48.7296,-26.8706,17.606666666666666,16
-48.7296,-26.8711,17.606666666666666,16
-48.7288,-26.8728,36.81,16
-48.7292,-26.8725,36.81,16
-48.7288,-26.8732,36.81,16
-48.728,-26.8745,36.81,16
-48.7284,-26.8743,36.81,16
-48.728,-26.8749,36.81,16
-48.7288,-26.8736,36.81,16
-48.7254,-26.8751,5.13,16
-48.7254,-26.8755,5.13,16
-48.7266,-26.8736,5.13,16
-48.7271,-26.8733,5.13,16
-48.7267,-26.874,5.13,16
-48.7284,-26.8734,36.81,16
-48.7284,-26.8739,36.81,16
-48.7262,-26.8742,5.13,16
-48.7258,-26.8749,5.13,16
-48.7262,-26.8746,5.13,16
-48.724,-26.884,36.81,16
-48.7244,-26.8837,36.81,16
-48.724,-26.8844,36.81,16
-48.7244,-26.8842,36.81,16
-48.7248,-26.8831,36.81,16
-48.7248,-26.8827,36.81,16
-48.7244,-26.8833,36.81,16
-48.722,-26.8893,10.04,16
-48.722,-26.8897,13.455,16
-48.7224,-26.8887,10.04,16
-48.7224,-26.8883,10.04,16
-48.7224,-26.8891,10.04,16
-48.7219,-26.8889,10.04,16
-48.7228,-26.8872,10.04,16
-48.7228,-26.8876,10.04,16
-48.7228,-26.888,10.04,16
-48.697,-26.8746,9.31,16
-48.6974,-26.8744,9.31,16
-48.6991,-26.8738,9.31,16
-48.6996,-26.8736,9.31,16
-48.6987,-26.8736,9.31,16
-48.6991,-26.8734,9.31,16
-48.6987,-26.8741,9.31,16
-48.7,-26.8734,9.31,16
-48.7004,-26.8731,9.31,16
-48.6996,-26.8732,9.31,16
-48.6978,-26.8741,9.31,16
-48.6983,-26.8739,9.31,16
-48.6983,-26.8743,9.31,16
-48.6553,-26.9065,1.65,16
-48.6557,-26.9063,1.65,16
-48.6548,-26.9063,1.65,16
-48.6552,-26.9061,1.65,16
-48.6544,-26.9062,1.65,16
-48.6562,-26.9077,7.17,16
-48.6956,-26.9366,5.36,16
-48.696,-26.9364,5.36,16
-48.6956,-26.9362,5.36,16
-48.7014,-26.9385,11.26,16
-48.7009,-26.9384,11.26,16
-48.7,-26.938,11.26,16
-48.6996,-26.9378,11.26,16
-48.7,-26.9384,11.26,16
-48.7005,-26.9382,11.26,16
-48.6996,-26.9382,11.26,16
-48.7022,-26.9389,11.26,16
-48.7018,-26.9387,11.26,16
-48.7022,-26.9385,11.26,16
-48.6978,-26.9371,5.36,16
-48.6969,-26.9367,5.36,16
-48.6965,-26.9365,5.36,16
-48.6974,-26.9369,5.36,16
-48.6987,-26.9379,11.26,16
-48.6983,-26.9377,11.26,16
-48.6992,-26.938,11.26,16
-48.6978,-26.9375,11.26,16
-48.7253,-26.8977,17.12,16
-48.7249,-26.8975,17.12,16
-48.7253,-26.8973,17.12,16
-48.7257,-26.8979,17.12,16
-48.7266,-26.8978,17.12,16
-48.7262,-26.8981,17.12,16
-48.7351,-26.8918,12.37,16
-48.7356,-26.8916,12.37,16
-48.7351,-26.8914,12.37,16
-48.7352,-26.8923,12.37,16
-48.7356,-26.892,12.37,16
-48.7355,-26.8908,12.37,16
-48.7356,-26.8912,12.37,16
-48.7356,-26.8924,12.37,16
-48.7351,-26.8906,12.37,16
-48.7351,-26.891,12.37,16
-48.7179,-26.8988,16.87,16
-48.7179,-26.8992,16.87,16
-48.7183,-26.8977,16.87,16
-48.7179,-26.8984,16.87,16
-48.7183,-26.8981,16.87,16
-48.7175,-26.8999,16.87,16
-48.7175,-26.8994,16.87,16
-48.7175,-26.9003,16.87,16
-48.7218,-26.8971,17.12,16
-48.7213,-26.8969,17.12,16
-48.7222,-26.8968,17.12,16
-48.7226,-26.8966,17.12,16
-48.7209,-26.8967,17.12,16
-48.7205,-26.8965,17.12,16
-48.7227,-26.897,17.12,16
-48.7195,-26.8949,16.87,16
-48.7191,-26.8956,16.87,16
-48.7195,-26.8953,16.87,16
-48.7187,-26.8971,16.87,16
-48.7187,-26.8967,16.87,16
-48.7183,-26.8973,16.87,16
-48.7196,-26.8962,17.12,16
-48.7191,-26.896,16.995,16
-48.72,-26.8964,17.12,16
-48.7191,-26.8964,16.87,16
-48.7167,-26.9016,16.87,16
-48.7171,-26.9014,16.87,16
-48.7167,-26.902,16.87,16
-48.7166,-26.8999,4.8,16
-48.7171,-26.9005,16.87,16
-48.7162,-26.9006,4.8,16
-48.7166,-26.9003,4.8,16
-48.7171,-26.9009,16.87,16
-48.7162,-26.901,4.8,16
-48.7212,-26.8915,16.87,16
-48.7216,-26.8912,16.87,16
-48.7207,-26.8913,10.54,16
-48.7211,-26.8911,16.87,16
-48.7212,-26.8919,16.87,16
-48.7216,-26.8904,13.455,16
-48.722,-26.8902,13.455,16
-48.7216,-26.8908,13.455,16
-48.7203,-26.8915,10.54,16
-48.7207,-26.8905,10.54,16
-48.7211,-26.8902,10.54,16
-48.7207,-26.89,10.54,16
-48.7207,-26.8909,10.54,16
-48.7203,-26.8924,10.54,16
-48.7207,-26.8921,16.87,16
-48.7203,-26.8919,10.54,16
-48.7203,-26.8928,16.87,16
-48.7208,-26.8925,16.87,16
-48.7199,-26.8926,10.54,16
-48.7248,-26.8971,17.12,16
-48.7244,-26.8969,17.12,16
-48.7235,-26.8966,17.12,16
-48.7235,-26.897,17.12,16
-48.724,-26.8967,17.12,16
-48.7231,-26.8968,17.12,16
-48.7199,-26.8943,16.87,16
-48.7199,-26.8939,16.87,16
-48.7195,-26.8945,16.87,16
-48.7203,-26.8932,16.87,16
-48.7204,-26.8936,16.87,16
-48.735,-26.8889,12.37,16
-48.735,-26.8885,12.37,16
-48.7351,-26.8893,12.37,16
-48.7355,-26.8899,12.37,16
-48.7351,-26.8898,12.37,16
-48.7355,-26.8895,12.37,16
-48.7355,-26.8904,12.37,16
-48.7351,-26.8902,12.37,16
-48.6273,-26.9321,7.35,16
-48.6273,-26.9338,7.35,16
-48.6278,-26.9344,7.35,16
-48.6274,-26.9342,7.35,16
-48.6273,-26.9329,7.35,16
-48.6273,-26.9325,7.35,16
-48.6273,-26.9334,7.35,16
-48.6278,-26.9348,7.35,16
-48.6278,-26.9352,7.35,16
-48.6274,-26.9346,7.35,16
-48.6274,-26.935,7.35,16
-48.6279,-26.9365,7.35,16
-48.6278,-26.9356,7.35,16
-48.6279,-26.9361,7.35,16
-48.6316,-26.9557,3.54,16
-48.6312,-26.9559,3.54,16
-48.6303,-26.956,3.54,16
-48.6307,-26.9557,3.54,16
-48.6298,-26.9558,3.54,16
-48.6912,-26.8973,5.93,0
-48.6916,-26.8975,5.93,0
-48.6908,-26.8976,5.93,0
-48.6903,-26.8974,5.93,0
-48.6934,-26.8974,5.93,0
-48.6925,-26.8975,5.93,0
-48.6921,-26.8973,5.93,0
-48.693,-26.8977,5.93,0
-48.6651,-26.9019,4.8,0
-48.6638,-26.9022,4.8,0
-48.6634,-26.902,4.8,0
-48.6643,-26.902,4.8,0
-48.6647,-26.9017,4.8,0
-48.6548,-26.9047,4.6,0
-48.6543,-26.9053,4.6,0
-48.6548,-26.9051,4.6,0
-48.6544,-26.9057,4.6,0
-48.6552,-26.9044,4.6,0
-48.6544,-26.9062,4.6,0
-48.6539,-26.906,4.6,0
-48.7013,-26.9381,7.37,0
-48.7014,-26.9385,7.37,0
-48.7009,-26.9384,7.37,0
-48.7,-26.938,7.37,0
-48.6996,-26.9378,7.37,0
-48.7005,-26.9382,7.37,0
-48.6987,-26.9379,7.37,0
-48.6991,-26.9376,7.37,0
-48.757,-26.9551,16.28,12
-48.7574,-26.9548,16.28,12
-48.757,-26.9555,16.28,12
-48.7578,-26.9542,16.28,12
-48.7578,-26.9546,16.28,12
-48.7583,-26.9544,16.28,12
-48.7574,-26.9544,16.28,12
-48.757,-26.9559,16.28,12
-48.757,-26.9563,16.28,12
-48.757,-26.9567,16.28,12
-48.7566,-26.9566,16.28,12
-48.76,-26.9538,16.28,12
-48.7604,-26.9536,16.28,12
-48.7608,-26.9529,16.28,12
-48.7609,-26.9534,16.28,12
-48.7591,-26.9543,16.28,12
-48.7596,-26.9541,16.28,12
-48.7587,-26.9541,16.28,12
-48.6857,-26.9017,13.59,12
-48.6857,-26.9013,13.59,12
-48.6861,-26.9018,13.59,12
-48.6874,-26.9007,6.205,12
-48.6869,-26.9005,6.205,12
-48.687,-26.901,6.205,12
-48.6874,-26.8999,9.0,12
-48.6878,-26.8997,9.0,12
-48.6873,-26.8995,9.0,12
-48.6874,-26.9003,9.0,12
-48.687,-26.9018,6.205,12
-48.687,-26.9014,6.205,12
-48.687,-26.9022,6.205,12
-48.6817,-26.9009,9.215,12
-48.6826,-26.9008,9.215,12
-48.683,-26.9006,13.59,12
-48.6821,-26.9006,9.215,12
-48.6808,-26.9009,9.215,12
-48.6804,-26.9007,9.215,12
-48.6813,-26.9007,9.215,12
-48.6852,-26.9011,13.59,12
-48.6848,-26.9009,13.59,12
-48.6839,-26.9005,13.59,12
-48.6839,-26.9009,13.59,12
-48.6843,-26.9007,13.59,12
-48.6835,-26.9008,13.59,12
-48.6866,-26.9037,9.0,12
-48.687,-26.9035,9.0,12
-48.6866,-26.9033,9.0,12
-48.687,-26.9026,9.0,12
-48.687,-26.903,9.0,12
-48.6877,-26.898,9.0,12
-48.6877,-26.8984,9.0,12
-48.6878,-26.8988,9.0,12
-48.6878,-26.8992,9.0,12
-48.6916,-26.9095,10.79,12
-48.6921,-26.9096,10.79,12
-48.6912,-26.9097,10.79,12
-48.6908,-26.9095,10.79,12
-48.6941,-26.9047,14.97,12
-48.6941,-26.9064,14.97,12
-48.6937,-26.9062,14.97,12
-48.6941,-26.9059,14.97,12
-48.6942,-26.9068,14.97,12
-48.6937,-26.9066,14.97,12
-48.6937,-26.9053,14.97,12
-48.6941,-26.9051,14.97,12
-48.6937,-26.9049,14.97,12
-48.6937,-26.9058,14.97,12
-48.6941,-26.9055,14.97,12
-48.6942,-26.9072,14.97,12
-48.6942,-26.9076,14.97,12
-48.6937,-26.907,14.97,12
-48.6937,-26.9074,14.97,12
-48.6776,-26.9087,11.726666666666667,12
-48.6776,-26.9082,11.726666666666667,12
-48.6776,-26.9091,11.726666666666667,12
-48.6776,-26.9095,11.726666666666667,12
-48.6777,-26.9099,11.726666666666667,12
-48.6776,-26.9074,11.726666666666667,12
-48.6776,-26.9078,11.726666666666667,12
-48.6775,-26.9057,11.726666666666667,12
-48.6775,-26.9053,11.726666666666667,12
-48.6775,-26.9062,11.726666666666667,12
-48.6779,-26.9051,11.726666666666667,12
-48.6775,-26.9066,11.726666666666667,12
-48.6776,-26.907,11.726666666666667,12
-48.6773,-26.9114,14.82,12
-48.6773,-26.9118,14.82,12
-48.6772,-26.9093,11.726666666666667,12
-48.6772,-26.9097,11.726666666666667,12
-48.6772,-26.9106,14.82,12
-48.6777,-26.9103,14.82,12
-48.6772,-26.9102,11.726666666666667,12
-48.6773,-26.911,14.82,12
-48.7001,-26.8882,16.62,12
-48.7001,-26.8886,16.62,12
-48.7001,-26.8878,16.62,12
-48.7001,-26.8895,13.455,12
-48.7001,-26.889,16.62,12
-48.7001,-26.8899,13.455,12
-48.6974,-26.8863,13.26,12
-48.6978,-26.886,16.81,12
-48.6974,-26.8859,16.81,12
-48.6978,-26.8865,16.81,12
-48.7002,-26.8911,13.455,12
-48.7002,-26.8915,13.455,12
-48.7006,-26.8905,13.455,12
-48.7001,-26.8903,13.455,12
-48.7006,-26.8909,13.455,12
-48.7002,-26.8907,13.455,12
-48.7002,-26.8924,13.455,12
-48.7006,-26.8921,13.455,12
-48.7002,-26.892,13.455,12
-48.7002,-26.8928,13.455,12
-48.7007,-26.8926,13.455,12
-48.7006,-26.8913,13.455,12
-48.7006,-26.8917,13.455,12
-48.6986,-26.8822,4.97,12
-48.6986,-26.8827,4.97,12
-48.6985,-26.8814,4.97,12
-48.6985,-26.8818,4.97,12
-48.6999,-26.8836,6.18,12
-48.6995,-26.8834,6.18,12
-48.6986,-26.8835,5.575,12
-48.6986,-26.8831,4.97,12
-48.699,-26.8837,6.18,12
-48.6982,-26.8837,6.18,12
-48.6983,-26.8862,18.585,12
-48.6983,-26.8866,13.26,12
-48.7114,-26.9007,12.11,12
-48.7007,-26.8934,13.455,12
-48.7002,-26.8932,13.455,12
-48.7007,-26.893,13.455,12
-48.7007,-26.8938,13.455,12
-48.7003,-26.8936,13.455,12
-48.6578,-26.903,12.83,12
-48.6586,-26.9034,12.83,12
-48.6582,-26.9032,12.83,12
-48.6933,-26.8834,18.585,12
-48.6942,-26.8838,15.16,12
-48.6934,-26.8838,14.41,12
-48.6938,-26.8836,15.16,12
-48.6947,-26.8835,18.585,12
-48.6942,-26.8833,18.585,12
-48.6925,-26.8839,14.41,12
-48.6929,-26.8836,14.41,12
-48.6921,-26.8841,14.41,12
-48.6946,-26.881,8.72,12
-48.6946,-26.8814,8.72,12
-48.6945,-26.8789,8.72,12
-48.6945,-26.8793,8.72,12
-48.6945,-26.8802,8.72,12
-48.6945,-26.8798,8.72,12
-48.6946,-26.8806,8.72,12
-48.696,-26.8845,18.585,12
-48.6973,-26.8838,6.18,12
-48.6977,-26.8835,6.18,12
-48.6969,-26.8836,6.18,12
-48.6951,-26.8841,14.685,12
-48.6947,-26.8839,14.685,12
-48.6951,-26.8845,10.785,12
-48.6956,-26.8843,14.685,12
-48.6969,-26.8853,18.585,12
-48.6965,-26.8851,14.685,12
-48.6969,-26.8857,16.81,12
-48.6965,-26.8855,13.26,12
-48.696,-26.8849,14.685,12
-48.6956,-26.8847,14.685,12
-48.6916,-26.8848,14.41,12
-48.6916,-26.8843,14.41,12
-48.6953,-26.9142,18.09,12
-48.6957,-26.914,18.09,12
-48.6948,-26.9141,18.09,12
-48.6953,-26.9138,18.09,12
-48.6931,-26.915,13.98,12
-48.6936,-26.9148,13.98,12
-48.6931,-26.9146,13.98,12
-48.6931,-26.9154,13.98,12
-48.6936,-26.9152,13.98,12
-48.6944,-26.9139,18.09,12
-48.6935,-26.9139,13.98,12
-48.694,-26.9137,18.09,12
-48.6935,-26.9143,13.98,12
-48.6936,-26.916,13.98,12
-48.6932,-26.9158,13.98,12
-48.6936,-26.9156,13.98,12
-48.6936,-26.9164,13.98,12
-48.6922,-26.913,18.09,12
-48.6917,-26.9128,18.09,12
-48.6926,-26.9132,18.09,12
-48.6909,-26.9128,18.09,12
-48.6913,-26.9126,18.09,12
-48.6909,-26.9124,18.09,12
-48.6931,-26.9138,13.98,12
-48.6931,-26.9142,13.98,12
-48.6937,-26.9177,13.98,12
-48.6937,-26.9181,13.98,12
-48.6936,-26.9169,13.98,12
-48.6936,-26.9173,13.98,12
-48.6937,-26.9189,13.98,12
-48.6937,-26.9185,13.98,12
-48.6937,-26.9194,13.98,12
-48.6772,-26.9212,10.185,12
-48.6776,-26.921,7.5,12
-48.6772,-26.9208,7.5,12
-48.6772,-26.9217,10.185,12
-48.6776,-26.9214,10.185,12
-48.6767,-26.9215,12.87,12
-48.6781,-26.922,12.87,12
-48.6776,-26.9218,12.87,12
-48.6776,-26.9202,7.5,12
-48.6776,-26.9206,7.5,12
-48.6785,-26.9218,12.87,12
-48.6781,-26.9216,12.87,12
-48.6771,-26.9183,7.5,12
-48.6771,-26.9187,7.5,12
-48.6775,-26.9185,7.5,12
-48.6771,-26.92,7.5,12
-48.6771,-26.9204,7.5,12
-48.6775,-26.9193,7.5,12
-48.6771,-26.9192,7.5,12
-48.6775,-26.9189,7.5,12
-48.6776,-26.9198,7.5,12
-48.6771,-26.9196,7.5,12
-48.6803,-26.9225,12.87,12
-48.6798,-26.9223,12.87,12
-48.6803,-26.9229,12.87,12
-48.6807,-26.9227,12.87,12
-48.6798,-26.9227,12.87,12
-48.679,-26.9224,12.87,12
-48.6794,-26.9221,12.87,12
-48.6785,-26.9222,12.87,12
-48.6789,-26.922,12.87,12
-48.6794,-26.9226,12.87,12
-48.6807,-26.9231,12.87,12
-48.6774,-26.9143,14.82,12
-48.6774,-26.9147,14.82,12
-48.6924,-26.9312,10.61,12
-48.6928,-26.9305,10.61,12
-48.6932,-26.9303,12.435,12
-48.6928,-26.9309,10.61,12
-48.6932,-26.9307,10.61,12
-48.6916,-26.9226,11.44,12
-48.6917,-26.923,11.44,12
-48.6921,-26.9236,11.44,12
-48.6917,-26.9235,11.44,12
-48.6921,-26.9241,11.44,12
-48.6937,-26.9198,13.98,12
-48.6937,-26.9202,13.98,12
-48.6935,-26.9267,11.44,12
-48.6935,-26.9263,11.44,12
-48.6953,-26.9282,12.435,12
-48.6958,-26.928,12.435,12
-48.6962,-26.9274,12.435,12
-48.6966,-26.9271,12.435,12
-48.6926,-26.9247,11.44,12
-48.6921,-26.9245,11.44,12
-48.6926,-26.9251,11.44,12
-48.6931,-26.9257,11.44,12
-48.6926,-26.9255,11.44,12
-48.6931,-26.9261,11.44,12
-48.712,-26.905,12.11,12
-48.712,-26.9054,12.11,12
-48.712,-26.9042,12.11,12
-48.7115,-26.904,12.11,12
-48.712,-26.9038,12.11,12
-48.712,-26.9046,12.11,12
-48.7115,-26.9044,12.11,12
-48.712,-26.9059,12.11,12
-48.712,-26.9063,12.11,12
-48.7119,-26.9021,12.11,12
-48.7119,-26.9025,12.11,12
-48.7115,-26.9019,12.11,12
-48.7115,-26.9023,12.11,12
-48.7114,-26.9011,12.11,12
-48.7114,-26.9015,12.11,12
-48.7115,-26.9032,12.11,12
-48.7119,-26.9029,12.11,12
-48.7115,-26.9028,12.11,12
-48.7115,-26.9036,12.11,12
-48.7119,-26.9034,12.11,12
-48.6942,-26.9093,12.88,12
-48.6938,-26.9091,14.97,12
-48.6942,-26.9089,14.97,12
-48.6947,-26.9095,10.79,12
-48.6938,-26.9095,12.88,12
-48.6929,-26.9096,10.79,12
-48.6934,-26.9093,10.79,12
-48.6925,-26.9094,10.79,12
-48.6938,-26.9083,14.97,12
-48.6942,-26.908,14.97,12
-48.6938,-26.9079,14.97,12
-48.6938,-26.9087,14.97,12
-48.6942,-26.9085,14.97,12
-48.6956,-26.9094,10.79,12
-48.6951,-26.9092,10.79,12
-48.6938,-26.9099,14.97,12
-48.6938,-26.9104,14.97,12
-48.6979,-26.9149,18.09,12
-48.6975,-26.9147,18.09,12
-48.6966,-26.9144,18.09,12
-48.6962,-26.9142,18.09,12
-48.697,-26.9145,18.09,12
-48.6939,-26.912,14.97,12
-48.6939,-26.9124,14.97,12
-48.6939,-26.9112,14.97,12
-48.6939,-26.9108,14.97,12
-48.6939,-26.9116,14.97,12
-48.6948,-26.9136,18.09,12
-48.6939,-26.9129,14.97,12
-48.6935,-26.9135,16.035,12
-48.6939,-26.9133,14.97,12
-48.6931,-26.9133,18.09,12
-48.6647,-26.9132,7.14,12
-48.6642,-26.9131,7.14,12
-48.6647,-26.9137,7.14,12
-48.6642,-26.9135,7.14,12
-48.6638,-26.9129,7.14,12
-48.6643,-26.9156,13.535,12
-48.6668,-26.9125,5.343333333333334,12
-48.6664,-26.9123,5.343333333333334,12
-48.6668,-26.9129,5.343333333333334,12
-48.6659,-26.9113,5.343333333333334,12
-48.6664,-26.9119,5.343333333333334,12
-48.6659,-26.9117,5.343333333333334,12
-48.6607,-26.9129,6.17,12
-48.6603,-26.9127,6.17,12
-48.6612,-26.913,6.17,12
-48.6598,-26.9125,6.17,12
-48.6594,-26.9123,6.17,12
-48.6646,-26.9103,5.415,12
-48.6645,-26.9099,6.2,12
-48.665,-26.9105,5.415,12
-48.6624,-26.9115,7.14,12
-48.6632,-26.9102,9.59,12
-48.6637,-26.91,9.59,12
-48.6633,-26.9106,9.59,12
-48.6637,-26.9104,9.59,12
-48.6638,-26.9125,7.14,12
-48.6655,-26.9111,5.415,12
-48.665,-26.9109,5.415,12
-48.6629,-26.9121,7.14,12
-48.6624,-26.9119,7.14,12
-48.6629,-26.9117,7.14,12
-48.6633,-26.9123,7.14,12
-48.6652,-26.9159,13.535,12
-48.6647,-26.9157,13.535,12
-48.6661,-26.9163,13.535,12
-48.6656,-26.9161,13.535,12
-48.6661,-26.9167,13.535,12
-48.6656,-26.9165,13.535,12
-48.6693,-26.9077,12.22,12
-48.6693,-26.9081,12.22,12
-48.6693,-26.9069,12.22,12
-48.6692,-26.9065,12.22,12
-48.6693,-26.9073,12.22,12
-48.6693,-26.9086,12.22,12
-48.6693,-26.909,12.22,12
-48.6727,-26.9067,8.855,12
-48.6728,-26.9071,8.855,12
-48.6728,-26.9075,8.855,12
-48.6688,-26.9059,12.22,12
-48.6692,-26.9056,12.22,12
-48.6692,-26.9061,12.22,12
-48.6698,-26.9108,12.22,12
-48.6694,-26.9106,12.22,12
-48.6698,-26.9104,12.22,12
-48.6698,-26.9112,12.22,12
-48.6694,-26.9111,12.22,12
-48.6711,-26.9097,6.78,12
-48.6711,-26.9101,6.78,12
-48.6694,-26.9098,12.22,12
-48.6698,-26.9096,12.22,12
-48.6693,-26.9094,12.22,12
-48.6694,-26.9102,12.22,12
-48.6698,-26.91,12.22,12
-48.6699,-26.9117,12.22,12
-48.6699,-26.9121,12.22,12
-48.6711,-26.911,6.78,12
-48.6711,-26.9105,6.78,12
-48.6712,-26.9114,6.78,12
-48.6728,-26.9092,8.855,12
-48.6733,-26.9089,8.855,12
-48.6728,-26.9088,8.855,12
-48.6728,-26.9096,8.855,12
-48.6733,-26.9094,8.855,12
-48.6728,-26.9079,8.855,12
-48.6728,-26.9083,8.855,12
-48.6654,-26.9107,5.415,12
-48.6576,-26.9103,11.09,12
-48.6605,-26.9074,2.96,12
-48.6601,-26.9073,2.96,12
-48.6614,-26.9061,8.35,12
-48.6609,-26.9059,8.35,12
-48.6614,-26.9065,8.35,12
-48.6618,-26.9063,8.166666666666666,12
-48.6592,-26.9073,7.025,12
-48.6596,-26.9071,2.96,12
-48.6605,-26.9058,8.35,12
-48.66,-26.9056,8.35,12
-48.6614,-26.9078,2.96,12
-48.661,-26.9076,2.96,12
-48.6618,-26.9071,7.8,12
-48.6614,-26.907,7.8,12
-48.6618,-26.9067,7.8,12
-48.6601,-26.9077,2.96,12
-48.6597,-26.9075,2.96,12
-48.6622,-26.9052,7.8,12
-48.6626,-26.905,7.8,12
-48.6622,-26.9057,10.315,12
-48.6618,-26.9055,12.83,12
-48.6626,-26.9042,7.8,12
-48.6626,-26.9046,7.8,12
-48.6622,-26.9061,7.8,12
-48.6578,-26.9055,6.09,12
-48.6574,-26.9062,6.09,12
-48.6579,-26.9059,6.09,12
-48.6583,-26.9049,6.09,12
-48.6582,-26.9044,6.09,12
-48.6578,-26.9051,6.09,12
-48.6574,-26.9066,6.09,12
-48.6604,-26.9045,12.83,12
-48.66,-26.9043,12.83,12
-48.6591,-26.904,12.83,12
-48.6587,-26.9038,12.83,12
-48.6591,-26.9036,12.83,12
-48.6595,-26.9042,12.83,12
-48.6609,-26.9051,12.83,12
-48.6613,-26.9049,12.83,12
-48.6609,-26.9047,12.83,12
-48.6613,-26.9053,12.83,12
-48.6596,-26.905,8.35,12
-48.6591,-26.9048,8.35,12
-48.6596,-26.9054,8.35,12
-48.66,-26.9052,8.35,12
-48.6636,-26.9083,4.91,12
-48.6632,-26.9081,6.2,12
-48.6636,-26.9079,4.91,12
-48.6636,-26.9087,6.2,12
-48.6641,-26.9085,4.91,12
-48.6632,-26.9085,6.2,12
-48.6627,-26.9079,6.2,12
-48.6632,-26.9077,4.91,12
-48.6641,-26.9093,6.325,12
-48.6645,-26.9091,5.784,12
-48.6636,-26.9091,6.2,12
-48.6641,-26.9097,7.895,12
-48.6649,-26.9084,6.366666666666667,12
-48.6654,-26.9082,6.366666666666667,12
-48.6649,-26.9088,6.366666666666667,12
-48.6645,-26.9087,4.91,12
-48.6588,-26.9075,11.09,12
-48.6588,-26.908,11.09,12
-48.658,-26.9097,11.09,12
-48.6584,-26.9095,11.09,12
-48.658,-26.9093,11.09,12
-48.658,-26.9101,11.09,12
-48.6584,-26.9086,11.09,12
-48.6588,-26.9084,11.09,12
-48.6584,-26.909,11.09,12
-48.6674,-26.9173,13.535,12
-48.6679,-26.9179,13.535,12
-48.6674,-26.9177,13.535,12
-48.667,-26.9171,13.535,12
-48.6665,-26.9169,13.535,12
-48.667,-26.9175,13.535,12
-48.6683,-26.918,13.535,12
-48.6773,-26.9122,14.82,12
-48.6773,-26.9127,14.82,12
-48.6769,-26.9146,14.82,12
-48.6773,-26.9135,14.82,12
-48.6773,-26.9131,14.82,12
-48.6774,-26.9139,14.82,12
-48.6712,-26.9118,6.78,12
-48.677,-26.9154,14.82,12
-48.6774,-26.9152,14.82,12
-48.677,-26.915,14.82,12
-48.677,-26.9158,14.82,12
-48.6774,-26.9156,14.82,12
-48.722,-26.8893,10.96,12
-48.722,-26.8897,10.96,12
-48.7224,-26.8887,10.96,12
-48.7224,-26.8883,10.96,12
-48.7224,-26.8891,10.96,12
-48.7219,-26.8889,10.96,12
-48.7228,-26.8872,10.96,12
-48.7228,-26.8876,10.96,12
-48.7228,-26.888,10.96,12
-48.6945,-26.8785,8.72,12
-48.6956,-26.9366,6.89,12
-48.696,-26.9364,6.89,12
-48.6956,-26.9362,6.89,12
-48.6953,-26.9287,12.435,12
-48.6941,-26.9294,12.435,12
-48.6936,-26.93,12.435,12
-48.6941,-26.9298,12.435,12
-48.6949,-26.9285,12.435,12
-48.6945,-26.9291,12.435,12
-48.6949,-26.9289,12.435,12
-48.6962,-26.9278,12.435,12
-48.697,-26.9269,12.435,12
-48.6978,-26.9371,6.89,12
-48.6969,-26.9367,6.89,12
-48.6965,-26.9365,6.89,12
-48.6974,-26.9369,6.89,12
-48.7216,-26.8904,10.96,12
-48.722,-26.8902,10.96,12
-48.7216,-26.8908,10.96,12
-48.6294,-26.9564,0.55,12
-48.6299,-26.9566,0.55,12
-48.6308,-26.9566,0.55,12
-48.6312,-26.9563,0.55,12
-48.6303,-26.9564,0.55,12
-48.7291,-26.8573,18.91,1
-48.7296,-26.8575,18.91,1
-48.7287,-26.8575,18.91,1
-48.7278,-26.8572,18.91,1
-48.7278,-26.8576,18.91,1
-48.7283,-26.8573,18.91,1
-48.7274,-26.8574,18.91,1
-48.7305,-26.8574,18.91,1
-48.7309,-26.8572,18.91,1
-48.73,-26.8572,18.91,1
-48.7322,-26.8565,18.91,1
-48.7326,-26.8562,18.91,1
-48.7335,-26.8557,18.91,1
-48.7339,-26.8555,18.91,1
-48.7339,-26.8559,18.91,1
-48.733,-26.856,18.91,1
-48.7313,-26.8565,18.91,1
-48.7317,-26.8563,18.91,1
-48.7309,-26.8567,18.91,1
-48.7352,-26.8552,18.91,1
-48.7343,-26.8553,18.91,1
-48.7347,-26.855,18.91,1
-48.7343,-26.8557,18.91,1
-48.7348,-26.8555,18.91,1
-48.6863,-26.9464,59.13,1
-48.6868,-26.9461,59.13,1
-48.6859,-26.9466,59.13,1
-48.6872,-26.9459,59.13,1
-48.6876,-26.9457,59.13,1
-48.6851,-26.9471,59.13,1
-48.6855,-26.9469,59.13,1
-48.6893,-26.9447,59.13,1
-48.6898,-26.9445,59.13,1
-48.6889,-26.945,59.13,1
-48.6902,-26.9443,59.13,1
-48.6906,-26.944,59.13,1
-48.6881,-26.9454,59.13,1
-48.6885,-26.9452,59.13,1
-48.6957,-26.9395,59.13,1
-48.6961,-26.9393,59.13,1
-48.6953,-26.9398,59.13,1
-48.6966,-26.9386,59.13,1
-48.697,-26.9384,59.13,1
-48.6961,-26.9389,59.13,1
-48.6923,-26.9431,59.13,1
-48.6923,-26.9427,59.13,1
-48.6919,-26.9433,59.13,1
-48.6932,-26.9422,59.13,1
-48.6936,-26.9419,59.13,1
-48.6932,-26.9418,59.13,1
-48.6928,-26.9424,59.13,1
-48.6911,-26.9438,59.13,1
-48.6915,-26.9435,59.13,1
-48.694,-26.9413,59.13,1
-48.6945,-26.9411,59.13,1
-48.6936,-26.9415,59.13,1
-48.6949,-26.9404,59.13,1
-48.6953,-26.9402,59.13,1
-48.6944,-26.9406,59.13,1
-48.6808,-26.9495,59.13,1
-48.6803,-26.9501,59.13,1
-48.6808,-26.9499,59.13,1
-48.6812,-26.9492,59.13,1
-48.6816,-26.949,59.13,1
-48.6804,-26.9505,59.13,1
-48.6799,-26.9508,59.13,1
-48.6833,-26.948,59.13,1
-48.6838,-26.9478,59.13,1
-48.6829,-26.9483,59.13,1
-48.6842,-26.9476,59.13,1
-48.6846,-26.9473,59.13,1
-48.682,-26.9487,59.13,1
-48.6825,-26.9485,59.13,1
-48.6795,-26.9522,59.13,1
-48.6796,-26.9527,59.13,1
-48.68,-26.9516,59.13,1
-48.6795,-26.9514,59.13,1
-48.6799,-26.9512,59.13,1
-48.6795,-26.9518,59.13,1
-48.6796,-26.9535,59.13,1
-48.6791,-26.9533,59.13,1
-48.6796,-26.9531,59.13,1
-48.6796,-26.9539,59.13,1
-48.6792,-26.9537,59.13,1
-48.6982,-26.9368,59.13,1
-48.6987,-26.9366,59.13,1
-48.6983,-26.9373,59.13,1
-48.6978,-26.9371,59.13,1
-48.6991,-26.936,59.13,1
-48.6995,-26.9357,59.13,1
-48.6991,-26.9364,59.13,1
-48.6974,-26.9377,59.13,1
-48.6978,-26.9375,59.13,1
-48.6974,-26.9382,59.13,1
-48.697,-26.938,59.13,1
-48.6999,-26.9355,59.13,1
-48.6825,-26.9625,59.13,1
-48.6821,-26.9623,59.13,1
-48.6825,-26.9629,59.13,1
-48.683,-26.9635,59.13,1
-48.683,-26.9631,59.13,1
-48.683,-26.9639,59.13,1
-48.6835,-26.9654,59.13,1
-48.684,-26.966,59.13,1
-48.6835,-26.9658,59.13,1
-48.6835,-26.9645,59.13,1
-48.683,-26.9644,59.13,1
-48.6835,-26.9641,59.13,1
-48.6835,-26.965,59.13,1
-48.684,-26.9664,59.13,1
-48.684,-26.9668,59.13,1
-48.6835,-26.9662,59.13,1
-48.6835,-26.9666,59.13,1
-48.6812,-26.9611,59.13,1
-48.6811,-26.9607,59.13,1
-48.6807,-26.9601,59.13,1
-48.6807,-26.9605,59.13,1
-48.6816,-26.9613,59.13,1
-48.6821,-26.9619,59.13,1
-48.6816,-26.9617,59.13,1
-48.6796,-26.9552,59.13,1
-48.6797,-26.9556,59.13,1
-48.6796,-26.9543,59.13,1
-48.6796,-26.9547,59.13,1
-48.6797,-26.9564,59.13,1
-48.6797,-26.956,59.13,1
-48.6797,-26.9568,59.13,1
-48.6802,-26.9583,59.13,1
-48.6802,-26.9587,59.13,1
-48.6797,-26.9581,59.13,1
-48.6798,-26.9585,59.13,1
-48.6797,-26.9573,59.13,1
-48.6802,-26.9578,59.13,1
-48.6797,-26.9577,59.13,1
-48.6807,-26.9597,59.13,1
-48.6802,-26.9591,59.13,1
-48.6802,-26.9595,59.13,1
-48.6836,-26.9683,59.13,1
-48.6836,-26.9687,59.13,1
-48.6836,-26.9675,59.13,1
-48.6836,-26.967,59.13,1
-48.6836,-26.9679,59.13,1
-48.6832,-26.9694,59.13,1
-48.6836,-26.9691,59.13,1
-48.6832,-26.9698,59.13,1
-48.6836,-26.9695,59.13,1
-48.6833,-26.971,60.25,1
-48.6828,-26.9717,61.37,1
-48.6833,-26.9714,61.37,1
-48.6832,-26.9702,59.13,1
-48.6832,-26.9706,59.13,1
-48.6829,-26.9721,61.37,1
-48.6833,-26.9719,61.37,1
-48.6829,-26.9725,61.37,1
-48.6874,-26.9007,13.1,20
-48.6869,-26.9005,13.1,20
-48.687,-26.901,13.1,20
-48.6874,-26.8999,13.1,20
-48.6878,-26.8997,13.1,20
-48.6873,-26.8995,13.1,20
-48.6874,-26.9003,13.1,20
-48.6887,-26.9021,10.48,20
-48.687,-26.9018,13.1,20
-48.687,-26.9014,13.1,20
-48.687,-26.9022,10.96,20
-48.6826,-26.9004,12.26,20
-48.6821,-26.9002,12.26,20
-48.6826,-26.9,12.26,20
-48.6826,-26.9008,12.26,20
-48.6821,-26.9006,12.26,20
-48.6866,-26.9037,10.96,20
-48.687,-26.9035,10.96,20
-48.6866,-26.9033,10.96,20
-48.6866,-26.9041,8.82,20
-48.6871,-26.9039,8.82,20
-48.687,-26.9026,10.96,20
-48.687,-26.903,10.96,20
-48.6866,-26.9045,8.82,20
-48.6908,-26.8972,13.95,20
-48.6908,-26.8976,13.95,20
-48.6903,-26.897,13.95,20
-48.6903,-26.8974,13.95,20
-48.6908,-26.8993,13.95,20
-48.6904,-26.8991,13.95,20
-48.6908,-26.8988,13.95,20
-48.6908,-26.8997,13.95,20
-48.6904,-26.8995,13.95,20
-48.6904,-26.8982,13.95,20
-48.6908,-26.898,13.95,20
-48.6903,-26.8978,13.95,20
-48.6904,-26.8987,13.95,20
-48.6908,-26.8984,13.95,20
-48.6909,-26.9001,13.95,20
-48.6904,-26.8999,13.95,20
-48.6904,-26.9003,13.95,20
-48.6877,-26.898,13.1,20
-48.6877,-26.8984,13.1,20
-48.6878,-26.8988,13.1,20
-48.6878,-26.8992,13.1,20
-48.6775,-26.9045,11.11,20
-48.6775,-26.9049,11.11,20
-48.682,-26.8956,12.26,20
-48.682,-26.8965,12.26,20
-48.682,-26.896,12.26,20
-48.682,-26.8969,12.26,20
-48.6821,-26.8981,12.26,20
-48.6821,-26.8985,12.26,20
-48.682,-26.8973,12.26,20
-48.682,-26.8977,12.26,20
-48.6821,-26.8994,12.26,20
-48.6825,-26.8991,12.26,20
-48.6821,-26.899,12.26,20
-48.6821,-26.8998,12.26,20
-48.6825,-26.8996,12.26,20
-48.694,-26.9022,7.425,20
-48.6931,-26.9022,7.425,20
-48.6936,-26.902,7.425,20
-48.6909,-26.9022,10.48,20
-48.6905,-26.902,13.95,20
-48.6914,-26.9024,10.48,20
-48.6905,-26.9024,12.215,20
-48.6896,-26.902,10.48,20
-48.6901,-26.9022,10.48,20
-48.6892,-26.9023,10.48,20
-48.6905,-26.9012,13.95,20
-48.6904,-26.9007,13.95,20
-48.6905,-26.9016,13.95,20
-48.6923,-26.9023,7.425,20
-48.6927,-26.9021,7.425,20
-48.6918,-26.9021,10.48,20
-48.6905,-26.9028,13.95,20
-48.6905,-26.9032,13.95,20
-48.6944,-26.902,10.48,20
-48.6941,-26.9064,13.17,20
-48.6937,-26.9062,13.17,20
-48.6941,-26.9059,13.17,20
-48.6942,-26.9068,13.17,20
-48.6937,-26.9066,13.17,20
-48.6937,-26.9053,13.17,20
-48.6937,-26.9058,13.17,20
-48.6941,-26.9055,13.17,20
-48.6942,-26.9072,13.17,20
-48.6942,-26.9076,13.17,20
-48.6937,-26.907,13.17,20
-48.6937,-26.9074,13.17,20
-48.6906,-26.9049,13.95,20
-48.6906,-26.9053,13.95,20
-48.6906,-26.9041,13.95,20
-48.6905,-26.9037,13.95,20
-48.6906,-26.9045,13.95,20
-48.6776,-26.9087,13.19,20
-48.6776,-26.9082,11.11,20
-48.6776,-26.9091,13.19,20
-48.6776,-26.9095,13.19,20
-48.6777,-26.9099,13.19,20
-48.6776,-26.9074,11.11,20
-48.6776,-26.9078,11.11,20
-48.6775,-26.9057,11.11,20
-48.6775,-26.9053,11.11,20
-48.6775,-26.9062,11.11,20
-48.6779,-26.9047,11.11,20
-48.6779,-26.9051,11.11,20
-48.6775,-26.9066,11.11,20
-48.6776,-26.907,11.11,20
-48.6772,-26.9093,13.19,20
-48.6772,-26.9097,13.19,20
-48.6772,-26.9102,13.19,20
-48.7041,-26.8907,3.5,20
-48.7041,-26.8911,3.5,20
-48.7041,-26.8915,3.5,20
-48.7041,-26.8919,3.5,20
-48.7042,-26.8928,3.5,20
-48.7041,-26.8923,3.5,20
-48.7042,-26.8932,3.5,20
-48.6975,-26.8892,4.05,20
-48.6979,-26.889,4.05,20
-48.697,-26.889,4.05,20
-48.6962,-26.8891,4.05,20
-48.6966,-26.8893,4.05,20
-48.7005,-26.8876,17.25,20
-48.7005,-26.888,6.94,20
-48.7009,-26.8877,12.095,20
-48.7001,-26.8878,12.095,20
-48.6992,-26.8874,17.25,20
-48.6996,-26.8872,17.25,20
-48.6992,-26.887,17.25,20
-48.6996,-26.8876,17.25,20
-48.7001,-26.8895,9.93,20
-48.7001,-26.8899,9.93,20
-48.6978,-26.886,17.25,20
-48.6978,-26.8865,17.25,20
-48.7002,-26.8911,9.93,20
-48.7002,-26.8915,9.93,20
-48.7006,-26.8905,9.93,20
-48.7001,-26.8903,9.93,20
-48.7006,-26.8909,9.93,20
-48.7002,-26.8907,9.93,20
-48.7002,-26.8924,9.93,20
-48.7006,-26.8921,9.93,20
-48.7002,-26.892,9.93,20
-48.7002,-26.8928,9.93,20
-48.7007,-26.8926,9.93,20
-48.7006,-26.8913,9.93,20
-48.7006,-26.8917,9.93,20
-48.7017,-26.8835,10.66,20
-48.7008,-26.8836,10.66,20
-48.7012,-26.8833,10.66,20
-48.7021,-26.8833,10.66,20
-48.6999,-26.8836,10.66,20
-48.7003,-26.8834,10.66,20
-48.6995,-26.8834,10.66,20
-48.6986,-26.8835,10.66,20
-48.699,-26.8837,10.66,20
-48.6982,-26.8837,10.66,20
-48.7031,-26.8878,17.25,20
-48.7036,-26.888,17.25,20
-48.7027,-26.888,12.095,20
-48.7018,-26.8877,17.25,20
-48.7018,-26.8881,12.095,20
-48.7022,-26.8879,12.095,20
-48.7014,-26.8879,12.095,20
-48.6983,-26.8862,17.25,20
-48.6987,-26.8868,17.25,20
-48.6983,-26.8866,17.25,20
-48.715,-26.8914,19.83,20
-48.7159,-26.8914,19.83,20
-48.7163,-26.8912,19.83,20
-48.7155,-26.8912,19.83,20
-48.7137,-26.8913,19.83,20
-48.7146,-26.8913,19.83,20
-48.7141,-26.8911,19.83,20
-48.7181,-26.891,19.83,20
-48.7185,-26.8908,19.83,20
-48.7172,-26.8911,19.83,20
-48.7176,-26.8909,19.83,20
-48.7168,-26.8913,19.83,20
-48.7119,-26.8906,19.83,20
-48.7115,-26.8904,19.83,20
-48.7124,-26.8908,19.83,20
-48.7115,-26.8908,19.83,20
-48.7111,-26.8902,19.83,20
-48.7111,-26.8906,19.83,20
-48.7133,-26.8911,19.83,20
-48.7137,-26.8909,19.83,20
-48.7128,-26.891,19.83,20
-48.7156,-26.8945,13.24,20
-48.7147,-26.8946,13.24,20
-48.7151,-26.8944,13.24,20
-48.7143,-26.8944,13.24,20
-48.7138,-26.8942,13.24,20
-48.7147,-26.8942,13.24,20
-48.7169,-26.8947,13.24,20
-48.716,-26.8947,13.24,20
-48.7164,-26.8945,13.24,20
-48.7121,-26.8939,13.24,20
-48.7116,-26.8938,13.24,20
-48.7129,-26.8943,13.24,20
-48.7125,-26.8941,13.24,20
-48.7134,-26.8941,13.24,20
-48.7116,-26.8942,13.24,20
-48.7112,-26.894,13.24,20
-48.7002,-26.8932,9.93,20
-48.7007,-26.893,9.93,20
-48.6973,-26.8838,10.66,20
-48.6977,-26.8835,10.66,20
-48.6969,-26.8836,10.66,20
-48.696,-26.8837,10.66,20
-48.6964,-26.8834,10.66,20
-48.6955,-26.8835,10.66,20
-48.6931,-26.915,12.44,20
-48.6936,-26.9148,12.44,20
-48.6931,-26.9146,12.44,20
-48.6931,-26.9154,12.44,20
-48.6936,-26.9152,12.44,20
-48.6935,-26.9139,12.44,20
-48.6935,-26.9143,12.44,20
-48.6936,-26.916,12.44,20
-48.6932,-26.9158,12.44,20
-48.6936,-26.9156,12.44,20
-48.6936,-26.9164,12.44,20
-48.6931,-26.9138,12.44,20
-48.6931,-26.9142,12.44,20
-48.6937,-26.9177,12.44,20
-48.6936,-26.9169,12.44,20
-48.6936,-26.9173,12.44,20
-48.6948,-26.9243,11.01,20
-48.6948,-26.9247,11.01,20
-48.6952,-26.9245,11.01,20
-48.6961,-26.924,11.01,20
-48.6965,-26.9238,11.01,20
-48.6956,-26.9243,11.01,20
-48.6943,-26.9245,11.01,20
-48.6982,-26.9233,11.01,20
-48.6986,-26.923,11.01,20
-48.6978,-26.9235,11.01,20
-48.6969,-26.9235,11.01,20
-48.6973,-26.9233,11.01,20
-48.6974,-26.9237,11.01,20
-48.7065,-26.9114,4.18,20
-48.7066,-26.9119,4.18,20
-48.707,-26.9116,4.18,20
-48.7061,-26.9117,4.18,20
-48.7074,-26.9114,4.18,20
-48.7078,-26.9111,4.18,20
-48.7053,-26.9121,4.18,20
-48.7057,-26.9119,4.18,20
-48.7083,-26.9109,4.18,20
-48.7003,-26.9089,16.56,20
-48.7008,-26.9087,16.56,20
-48.7003,-26.9085,16.56,20
-48.7004,-26.9093,16.56,20
-48.7008,-26.9091,16.56,20
-48.7008,-26.9082,16.56,20
-48.7003,-26.9076,16.56,20
-48.7003,-26.9081,16.56,20
-48.6942,-26.9093,13.17,20
-48.6938,-26.9091,13.17,20
-48.6942,-26.9089,13.17,20
-48.6938,-26.9095,13.17,20
-48.6938,-26.9083,13.17,20
-48.6942,-26.908,13.17,20
-48.6938,-26.9079,13.17,20
-48.6938,-26.9087,13.17,20
-48.6942,-26.9085,13.17,20
-48.6938,-26.9099,13.17,20
-48.6938,-26.9104,13.17,20
-48.6939,-26.912,13.17,20
-48.6939,-26.9124,13.17,20
-48.6939,-26.9112,13.17,20
-48.6939,-26.9108,13.17,20
-48.6939,-26.9116,13.17,20
-48.6939,-26.9129,13.17,20
-48.6935,-26.9135,12.44,20
-48.6939,-26.9133,13.17,20
-48.7001,-26.9031,13.46,20
-48.7001,-26.9026,13.46,20
-48.7002,-26.9035,13.46,20
-48.7001,-26.9018,13.46,20
-48.7001,-26.9022,13.46,20
-48.7002,-26.9039,13.46,20
-48.7002,-26.9043,13.46,20
-48.7002,-26.906,11.34,20
-48.7002,-26.9056,11.34,20
-48.7003,-26.9064,11.34,20
-48.7002,-26.9047,11.34,20
-48.7002,-26.9051,11.34,20
-48.7003,-26.9068,11.34,20
-48.7003,-26.9072,11.34,20
-48.7007,-26.9206,9.41,20
-48.7003,-26.9204,9.41,20
-48.7008,-26.921,9.41,20
-48.6998,-26.9194,9.41,20
-48.7003,-26.92,9.41,20
-48.6998,-26.9198,9.41,20
-48.7012,-26.9216,9.41,20
-48.7012,-26.9212,9.41,20
-48.7017,-26.9218,9.41,20
-48.6693,-26.9069,5.15,20
-48.6692,-26.9065,5.15,20
-48.6693,-26.9073,5.15,20
-48.6688,-26.9059,5.15,20
-48.6692,-26.9056,5.15,20
-48.6692,-26.9061,5.15,20
-48.6728,-26.9096,9.25,20
-48.6733,-26.9102,9.25,20
-48.6729,-26.91,9.25,20
-48.6733,-26.9098,9.25,20
-48.6733,-26.9106,9.25,20
-48.6734,-26.9119,9.25,20
-48.6734,-26.9123,9.25,20
-48.6733,-26.911,9.25,20
-48.6733,-26.9114,9.25,20
-48.7298,-26.865,31.81,20
-48.7303,-26.8656,31.81,20
-48.7299,-26.8654,31.81,20
-48.7304,-26.8668,31.81,20
-48.7304,-26.8672,31.81,20
-48.7303,-26.866,31.81,20
-48.7303,-26.8664,31.81,20
-48.7304,-26.8681,31.81,20
-48.7304,-26.8677,31.81,20
-48.7304,-26.8685,31.81,20
-48.73,-26.87,31.81,20
-48.73,-26.8696,31.81,20
-48.73,-26.8704,31.81,20
-48.7304,-26.8689,31.81,20
-48.7304,-26.8693,31.81,20
-48.7264,-26.8792,31.81,20
-48.726,-26.879,31.81,20
-48.726,-26.8795,31.81,20
-48.7264,-26.8784,31.81,20
-48.7268,-26.8781,31.81,20
-48.7264,-26.8788,31.81,20
-48.726,-26.8803,31.81,20
-48.7256,-26.8801,31.81,20
-48.726,-26.8799,31.81,20
-48.7256,-26.8805,31.81,20
-48.7272,-26.8762,31.81,20
-48.7272,-26.8767,31.81,20
-48.7276,-26.8756,31.81,20
-48.728,-26.8753,31.81,20
-48.7276,-26.876,31.81,20
-48.7268,-26.8773,31.81,20
-48.7272,-26.8771,31.81,20
-48.7268,-26.8777,31.81,20
-48.7252,-26.8812,31.81,20
-48.7256,-26.8809,31.81,20
-48.7252,-26.8816,31.81,20
-48.7292,-26.8717,31.81,20
-48.7296,-26.8715,31.81,20
-48.7292,-26.8721,31.81,20
-48.7296,-26.8706,31.81,20
-48.7296,-26.8711,31.81,20
-48.7288,-26.8728,31.81,20
-48.7292,-26.8725,31.81,20
-48.7288,-26.8732,31.81,20
-48.728,-26.8745,31.81,20
-48.7284,-26.8743,31.81,20
-48.728,-26.8749,31.81,20
-48.7288,-26.8736,31.81,20
-48.7284,-26.8734,31.81,20
-48.7284,-26.8739,31.81,20
-48.7017,-26.9222,9.41,20
-48.7178,-26.895,13.24,20
-48.7173,-26.8949,13.24,20
-48.7178,-26.8946,13.24,20
-48.7389,-26.8876,10.95,20
-48.738,-26.8873,10.95,20
-48.7376,-26.8871,10.95,20
-48.738,-26.8868,10.95,20
-48.7385,-26.8874,10.95,20
-48.7398,-26.8884,10.95,20
-48.7394,-26.8882,10.95,20
-48.7398,-26.8888,10.95,20
-48.7389,-26.888,10.95,20
-48.7385,-26.8879,10.95,20
-48.7376,-26.8867,10.95,20
-48.7407,-26.8892,10.95,20
-48.7403,-26.889,10.95,20
-48.7412,-26.8894,10.95,20
-48.6351,-26.9444,14.37,20
-48.6356,-26.9441,14.37,20
-48.6347,-26.9446,14.37,20
-48.633,-26.9447,14.37,20
-48.6338,-26.9447,14.37,20
-48.6343,-26.9444,14.37,20
-48.6334,-26.9445,14.37,20
-48.6373,-26.944,14.37,20
-48.6369,-26.9443,14.37,20
-48.636,-26.9443,14.37,20
-48.6364,-26.9441,14.37,20
-48.6317,-26.945,14.37,20
-48.6321,-26.9448,14.37,20
-48.6312,-26.9448,14.37,20
-48.6325,-26.9445,14.37,20
-48.6303,-26.9449,14.37,20
-48.6308,-26.9451,14.37,20
-48.6438,-26.9549,4.79,20
-48.6438,-26.9553,4.79,20
-48.6434,-26.9552,4.79,20
-48.6425,-26.9552,4.79,20
-48.6429,-26.955,4.79,20
-48.6421,-26.955,4.79,20
-48.6447,-26.9557,4.79,20
-48.6443,-26.9555,4.79,20
-48.6443,-26.9563,4.79,20
-48.6447,-26.9561,4.79,20
-48.6412,-26.9551,4.79,20
-48.6416,-26.9548,4.79,20
-48.6407,-26.9549,4.79,20
-48.6537,-26.9252,5.12,20
-48.6533,-26.925,5.12,20
-48.6542,-26.9258,5.12,20
-48.6537,-26.9256,5.12,20
-48.6546,-26.926,5.12,20
-48.6403,-26.9551,4.79,20
-48.6304,-26.9585,0.51,20
-48.6299,-26.9587,0.51,20
-48.6291,-26.9588,0.51,20
-48.6295,-26.9585,0.51,20
-48.6291,-26.9592,0.51,20
-48.6295,-26.9589,0.51,20
-48.6861,-26.9018,7.12,9
-48.6874,-26.9007,8.17,9
-48.6869,-26.9005,8.17,9
-48.687,-26.901,8.17,9
-48.6883,-26.9023,7.12,9
-48.6887,-26.9021,7.12,9
-48.6879,-26.9022,7.12,9
-48.687,-26.9018,8.17,9
-48.687,-26.9014,8.17,9
-48.687,-26.9022,7.645,9
-48.6874,-26.902,7.12,9
-48.6866,-26.902,7.12,9
-48.6826,-26.9004,8.56,9
-48.6821,-26.9002,8.56,9
-48.6826,-26.9,8.56,9
-48.6826,-26.9008,8.56,9
-48.6821,-26.9006,8.56,9
-48.6826,-26.9012,8.56,9
-48.6866,-26.9037,8.17,9
-48.687,-26.9035,8.17,9
-48.6866,-26.9033,8.17,9
-48.687,-26.9026,8.17,9
-48.687,-26.903,8.17,9
-48.6821,-26.8985,8.56,9
-48.6821,-26.8994,8.56,9
-48.6825,-26.8991,8.56,9
-48.6821,-26.899,8.56,9
-48.6821,-26.8998,8.56,9
-48.6825,-26.8996,8.56,9
-48.6889,-26.9054,16.85,9
-48.694,-26.9022,6.645,9
-48.6931,-26.9022,6.645,9
-48.6936,-26.902,6.645,9
-48.6923,-26.9023,6.645,9
-48.6927,-26.9021,6.645,9
-48.6944,-26.902,6.645,9
-48.6954,-26.9052,16.85,9
-48.6945,-26.9053,16.85,9
-48.695,-26.9051,16.85,9
-48.6937,-26.9053,16.85,9
-48.6941,-26.9051,16.85,9
-48.6932,-26.9052,16.85,9
-48.6972,-26.9051,16.85,9
-48.6976,-26.9049,16.85,9
-48.6967,-26.9049,16.85,9
-48.6958,-26.905,16.85,9
-48.6985,-26.9048,16.85,9
-48.6989,-26.905,16.85,9
-48.698,-26.9051,16.85,9
-48.6963,-26.9052,16.85,9
-48.6911,-26.9055,16.85,9
-48.6915,-26.9053,16.85,9
-48.6906,-26.9053,16.85,9
-48.6897,-26.9054,16.85,9
-48.6893,-26.9052,16.85,9
-48.6924,-26.9052,16.85,9
-48.6928,-26.9054,16.85,9
-48.6919,-26.9055,16.85,9
-48.6902,-26.9056,16.85,9
-48.6776,-26.9087,9.9,9
-48.6776,-26.9082,9.9,9
-48.6776,-26.9091,10.27,9
-48.6776,-26.9095,10.27,9
-48.6777,-26.9099,10.27,9
-48.6773,-26.9114,10.363333333333335,9
-48.6773,-26.9118,10.363333333333335,9
-48.6772,-26.9093,10.27,9
-48.6772,-26.9097,10.27,9
-48.6772,-26.9106,10.363333333333335,9
-48.6777,-26.9103,10.363333333333335,9
-48.6772,-26.9102,10.363333333333335,9
-48.6773,-26.911,10.363333333333335,9
-48.7057,-26.8881,6.99,9
-48.7057,-26.8876,6.99,9
-48.7057,-26.8868,6.99,9
-48.7057,-26.8872,6.99,9
-48.7107,-26.8921,11.08,9
-48.7107,-26.8926,11.08,9
-48.7001,-26.8882,17.125,9
-48.7001,-26.8886,17.125,9
-48.7005,-26.888,4.88,9
-48.7009,-26.8877,4.88,9
-48.7001,-26.8878,13.043333333333331,9
-48.6987,-26.8872,10.72,9
-48.7001,-26.8895,17.125,9
-48.7001,-26.889,17.125,9
-48.7001,-26.8899,17.125,9
-48.6974,-26.8863,10.72,9
-48.6978,-26.886,9.215,9
-48.6974,-26.8859,9.943333333333333,9
-48.6978,-26.8865,9.215,9
-48.7002,-26.8911,17.125,9
-48.7002,-26.8915,17.125,9
-48.7006,-26.8905,17.125,9
-48.7001,-26.8903,17.125,9
-48.7006,-26.8909,17.125,9
-48.7002,-26.8907,17.125,9
-48.7002,-26.8924,17.125,9
-48.7006,-26.8921,17.125,9
-48.7002,-26.892,17.125,9
-48.7002,-26.8928,17.125,9
-48.7007,-26.8926,17.125,9
-48.7006,-26.8913,17.125,9
-48.7006,-26.8917,17.125,9
-48.7031,-26.8882,4.88,9
-48.7027,-26.888,4.88,9
-48.7018,-26.8881,4.88,9
-48.7022,-26.8879,4.88,9
-48.7014,-26.8879,4.88,9
-48.7057,-26.8856,6.99,9
-48.7057,-26.886,6.99,9
-48.7057,-26.8864,6.99,9
-48.6983,-26.8862,7.71,9
-48.6987,-26.8868,10.72,9
-48.6983,-26.8866,10.72,9
-48.7113,-26.8961,19.36,9
-48.7113,-26.8965,19.36,9
-48.7112,-26.8952,19.36,9
-48.7112,-26.8957,19.36,9
-48.7113,-26.8973,19.36,9
-48.7113,-26.8969,19.36,9
-48.7113,-26.8977,19.36,9
-48.7114,-26.899,19.36,9
-48.7114,-26.8994,19.36,9
-48.7113,-26.8982,19.36,9
-48.7113,-26.8986,19.36,9
-48.7114,-26.9003,19.36,9
-48.7114,-26.8998,19.36,9
-48.7114,-26.9007,19.36,9
-48.7106,-26.8905,11.08,9
-48.7106,-26.8909,11.08,9
-48.7111,-26.8906,11.08,9
-48.7111,-26.8915,11.08,9
-48.7107,-26.8913,11.08,9
-48.7111,-26.8911,11.08,9
-48.7111,-26.8919,11.08,9
-48.7107,-26.8917,11.08,9
-48.7199,-26.893,16.353333333333335,9
-48.7199,-26.8934,16.353333333333335,9
-48.7107,-26.8934,11.08,9
-48.7112,-26.8932,11.08,9
-48.7107,-26.893,11.08,9
-48.7107,-26.8938,11.08,9
-48.7112,-26.8936,11.08,9
-48.7111,-26.8923,11.08,9
-48.7111,-26.8927,11.08,9
-48.7112,-26.8944,19.36,9
-48.7108,-26.8942,19.36,9
-48.7112,-26.894,15.22,9
-48.7112,-26.8948,19.36,9
-48.7007,-26.8934,17.125,9
-48.7002,-26.8932,17.125,9
-48.7007,-26.893,17.125,9
-48.7007,-26.8938,17.125,9
-48.7003,-26.8936,17.125,9
-48.6686,-26.8877,0.86,9
-48.6695,-26.8885,0.86,9
-48.669,-26.8883,0.86,9
-48.6699,-26.8886,0.86,9
-48.6686,-26.8881,0.86,9
-48.6704,-26.8892,0.86,9
-48.6699,-26.8891,0.86,9
-48.6704,-26.8888,0.86,9
-48.6713,-26.8896,0.86,9
-48.6708,-26.8894,0.86,9
-48.6713,-26.89,0.86,9
-48.6717,-26.8898,0.86,9
-48.6722,-26.8904,0.86,9
-48.6717,-26.8902,0.86,9
-48.6565,-26.9037,7.875,9
-48.6569,-26.9035,7.875,9
-48.656,-26.904,7.875,9
-48.6942,-26.8838,11.4,9
-48.6934,-26.8838,11.4,9
-48.6938,-26.8836,11.4,9
-48.696,-26.8845,7.71,9
-48.6951,-26.8841,11.06,9
-48.6947,-26.8839,11.06,9
-48.6951,-26.8845,11.06,9
-48.6956,-26.8843,11.06,9
-48.6969,-26.8853,7.71,9
-48.6965,-26.8851,9.943333333333333,9
-48.6969,-26.8857,9.943333333333333,9
-48.6965,-26.8855,11.06,9
-48.696,-26.8849,9.943333333333333,9
-48.6956,-26.8847,9.943333333333333,9
-48.6953,-26.9142,13.47,9
-48.6957,-26.914,13.47,9
-48.6948,-26.9141,13.47,9
-48.6953,-26.9138,13.47,9
-48.6931,-26.915,5.595,9
-48.6936,-26.9148,5.595,9
-48.6931,-26.9146,5.595,9
-48.6931,-26.9154,5.595,9
-48.6936,-26.9152,5.595,9
-48.6944,-26.9139,13.47,9
-48.6935,-26.9139,5.595,9
-48.694,-26.9137,13.47,9
-48.6935,-26.9143,5.595,9
-48.6936,-26.916,5.8,9
-48.6932,-26.9158,5.8,9
-48.6936,-26.9156,5.595,9
-48.6936,-26.9164,5.8,9
-48.6931,-26.9138,5.595,9
-48.6931,-26.9142,5.595,9
-48.6937,-26.9177,5.8,9
-48.6936,-26.9169,5.8,9
-48.6936,-26.9173,5.8,9
-48.6956,-26.9247,9.33,9
-48.6952,-26.9253,9.33,9
-48.6957,-26.9251,9.33,9
-48.6961,-26.924,9.33,9
-48.6965,-26.9238,9.33,9
-48.6961,-26.9244,9.33,9
-48.6977,-26.9222,10.5,9
-48.6977,-26.9218,10.5,9
-48.6973,-26.9225,10.5,9
-48.6982,-26.9216,10.5,9
-48.6969,-26.9231,9.33,9
-48.6973,-26.9229,10.5,9
-48.6969,-26.9235,9.33,9
-48.7154,-26.9036,29.88,9
-48.7159,-26.9033,29.88,9
-48.7155,-26.904,29.88,9
-48.7158,-26.9025,29.88,9
-48.7163,-26.9022,29.88,9
-48.7159,-26.9029,29.88,9
-48.7155,-26.9044,29.88,9
-48.715,-26.9046,29.88,9
-48.7138,-26.9074,29.88,9
-48.7134,-26.9089,29.88,9
-48.713,-26.9096,29.88,9
-48.7135,-26.9093,29.88,9
-48.7139,-26.9083,29.88,9
-48.7138,-26.9078,29.88,9
-48.7134,-26.9085,29.88,9
-48.7147,-26.9061,29.88,9
-48.7142,-26.9068,29.88,9
-48.7147,-26.9065,29.88,9
-48.7151,-26.9055,29.88,9
-48.7151,-26.905,29.88,9
-48.7146,-26.9057,29.88,9
-48.7143,-26.9072,29.88,9
-48.7143,-26.9076,29.88,9
-48.7003,-26.9089,11.616666666666667,9
-48.7008,-26.9087,11.616666666666667,9
-48.7003,-26.9085,11.616666666666667,9
-48.7004,-26.9093,11.616666666666667,9
-48.7008,-26.9091,11.616666666666667,9
-48.7008,-26.9082,11.616666666666667,9
-48.7003,-26.9076,11.616666666666667,9
-48.7003,-26.9081,11.616666666666667,9
-48.7008,-26.9099,12.32,9
-48.7004,-26.9097,12.32,9
-48.7008,-26.9095,12.32,9
-48.7008,-26.9103,12.32,9
-48.7004,-26.9102,12.32,9
-48.6979,-26.9149,13.47,9
-48.6975,-26.9147,13.47,9
-48.6966,-26.9144,13.47,9
-48.6962,-26.9142,13.47,9
-48.697,-26.9145,13.47,9
-48.7004,-26.9118,13.26,9
-48.7009,-26.9116,13.26,9
-48.7004,-26.9114,12.32,9
-48.7005,-26.9122,13.26,9
-48.7009,-26.912,13.26,9
-48.7008,-26.9108,12.32,9
-48.7009,-26.9112,12.32,9
-48.7004,-26.9106,12.32,9
-48.7004,-26.911,12.32,9
-48.7009,-26.9128,13.26,9
-48.7005,-26.9127,13.26,9
-48.7009,-26.9124,13.26,9
-48.7009,-26.9133,13.26,9
-48.7005,-26.9131,13.26,9
-48.6939,-26.912,7.6,9
-48.6939,-26.9124,7.6,9
-48.6939,-26.9112,7.6,9
-48.6939,-26.9116,7.6,9
-48.6948,-26.9136,13.47,9
-48.6939,-26.9129,7.6,9
-48.6935,-26.9135,9.5325,9
-48.6939,-26.9133,7.6,9
-48.7001,-26.9031,10.21,9
-48.7001,-26.9026,10.21,9
-48.7002,-26.9035,10.21,9
-48.7001,-26.9018,10.21,9
-48.7001,-26.9022,10.21,9
-48.7002,-26.9039,10.21,9
-48.7002,-26.9043,10.21,9
-48.7002,-26.906,11.616666666666667,9
-48.7002,-26.9056,11.616666666666667,9
-48.7003,-26.9064,11.616666666666667,9
-48.6998,-26.905,16.85,9
-48.7002,-26.9047,11.616666666666667,9
-48.6993,-26.9048,16.85,9
-48.7002,-26.9051,11.616666666666667,9
-48.7003,-26.9068,11.616666666666667,9
-48.7003,-26.9072,11.616666666666667,9
-48.7094,-26.9184,29.88,9
-48.7098,-26.9181,29.88,9
-48.7094,-26.9188,29.88,9
-48.7098,-26.9173,29.88,9
-48.7098,-26.9177,29.88,9
-48.709,-26.9194,29.88,9
-48.7094,-26.9192,29.88,9
-48.709,-26.9199,29.88,9
-48.711,-26.9145,29.88,9
-48.7106,-26.9152,29.88,9
-48.711,-26.9149,29.88,9
-48.7102,-26.9166,29.88,9
-48.7106,-26.9164,29.88,9
-48.7102,-26.9162,29.88,9
-48.7102,-26.9171,29.88,9
-48.7106,-26.9156,29.88,9
-48.711,-26.9153,29.88,9
-48.7106,-26.916,29.88,9
-48.7082,-26.9212,29.88,9
-48.7086,-26.9209,29.88,9
-48.7082,-26.9216,29.88,9
-48.709,-26.9203,29.88,9
-48.7086,-26.9201,29.88,9
-48.7086,-26.9205,29.88,9
-48.7126,-26.911,29.88,9
-48.7126,-26.9106,29.88,9
-48.7127,-26.9115,29.88,9
-48.7122,-26.9113,29.88,9
-48.713,-26.91,29.88,9
-48.7131,-26.9104,29.88,9
-48.7122,-26.9117,29.88,9
-48.7118,-26.9124,29.88,9
-48.7122,-26.9121,29.88,9
-48.7114,-26.9138,29.88,9
-48.7114,-26.9134,29.88,9
-48.7114,-26.9143,29.88,9
-48.7118,-26.9128,29.88,9
-48.7118,-26.9132,29.88,9
-48.7005,-26.9135,13.26,9
-48.6612,-26.913,6.4075,9
-48.6607,-26.9137,6.4075,9
-48.6612,-26.9135,6.4075,9
-48.6608,-26.9141,5.916,9
-48.6616,-26.9128,6.4075,9
-48.662,-26.9126,5.74,9
-48.6599,-26.9154,3.95,9
-48.6603,-26.9148,5.96,9
-48.6603,-26.9144,5.96,9
-48.6599,-26.915,3.95,9
-48.6697,-26.9079,10.42,9
-48.6702,-26.9077,10.42,9
-48.6702,-26.9081,10.42,9
-48.6702,-26.9089,10.42,9
-48.6702,-26.9085,10.42,9
-48.6702,-26.9093,10.42,9
-48.6658,-26.9079,5.423333333333333,9
-48.6653,-26.9078,5.423333333333333,9
-48.6703,-26.9106,10.42,9
-48.6703,-26.911,10.42,9
-48.6702,-26.9098,10.42,9
-48.6702,-26.9102,10.42,9
-48.6703,-26.9118,10.42,9
-48.6707,-26.9116,10.42,9
-48.6703,-26.9114,10.42,9
-48.6703,-26.9123,10.42,9
-48.6707,-26.912,10.42,9
-48.672,-26.9101,6.65,9
-48.6724,-26.9098,6.65,9
-48.672,-26.9096,6.65,9
-48.672,-26.9105,6.65,9
-48.6724,-26.9102,6.65,9
-48.6662,-26.9085,5.94,9
-48.6658,-26.9084,5.94,9
-48.6605,-26.9074,5.59,9
-48.6601,-26.9073,5.59,9
-48.6592,-26.9073,5.59,9
-48.6596,-26.9071,5.59,9
-48.6614,-26.9078,5.59,9
-48.661,-26.9076,5.59,9
-48.6623,-26.9069,2.73,9
-48.6618,-26.9067,3.13,9
-48.6623,-26.9073,3.13,9
-48.6601,-26.9077,5.59,9
-48.6597,-26.9075,5.59,9
-48.6635,-26.9054,2.33,9
-48.6635,-26.9058,2.33,9
-48.664,-26.9064,2.21,9
-48.664,-26.9068,5.423333333333333,9
-48.6636,-26.9066,4.62,9
-48.6631,-26.906,4.65,9
-48.6627,-26.9067,2.33,9
-48.6631,-26.9064,4.65,9
-48.6645,-26.9074,5.423333333333333,9
-48.6649,-26.9072,5.423333333333333,9
-48.6644,-26.907,5.423333333333333,9
-48.6649,-26.9076,5.423333333333333,9
-48.6631,-26.9073,2.21,9
-48.6636,-26.907,2.21,9
-48.6627,-26.9071,3.13,9
-48.6632,-26.9077,2.67,9
-48.6627,-26.9075,3.13,9
-48.6773,-26.9122,10.363333333333335,9
-48.6773,-26.9127,10.363333333333335,9
-48.6773,-26.9135,10.55,9
-48.6773,-26.9131,10.55,9
-48.6725,-26.9119,6.65,9
-48.6725,-26.9123,6.65,9
-48.6725,-26.9111,6.65,9
-48.672,-26.9109,6.65,9
-48.6724,-26.9107,6.65,9
-48.6725,-26.9115,6.65,9
-48.7274,-26.8578,44.78,9
-48.7274,-26.8582,44.78,9
-48.7279,-26.8588,44.78,9
-48.7274,-26.8586,44.78,9
-48.7279,-26.8592,44.78,9
-48.7274,-26.857,44.78,9
-48.7274,-26.8574,44.78,9
-48.7279,-26.858,44.78,9
-48.7279,-26.8584,44.78,9
-48.7273,-26.8549,44.78,9
-48.7273,-26.8553,44.78,9
-48.7274,-26.8561,44.78,9
-48.7273,-26.8557,44.78,9
-48.7274,-26.8566,44.78,9
-48.7279,-26.8601,44.78,9
-48.7279,-26.8597,44.78,9
-48.7279,-26.8605,44.78,9
-48.7284,-26.8603,44.78,9
-48.7284,-26.8611,44.78,9
-48.7284,-26.8607,44.78,9
-48.7284,-26.8615,44.78,9
-48.7273,-26.854,44.78,9
-48.7273,-26.8545,44.78,9
-48.7258,-26.8502,44.78,9
-48.7254,-26.85,44.78,9
-48.7259,-26.8506,44.78,9
-48.7249,-26.849,44.78,9
-48.7254,-26.8496,44.78,9
-48.7249,-26.8494,44.78,9
-48.7263,-26.8512,44.78,9
-48.7259,-26.851,44.78,9
-48.7263,-26.8508,44.78,9
-48.7263,-26.8516,44.78,9
-48.7236,-26.848,44.78,9
-48.7231,-26.8478,44.78,9
-48.7236,-26.8476,44.78,9
-48.724,-26.8482,44.78,9
-48.7245,-26.8488,44.78,9
-48.724,-26.8486,44.78,9
-48.7268,-26.8522,44.78,9
-48.7263,-26.852,44.78,9
-48.7268,-26.8526,44.78,9
-48.7268,-26.8539,44.78,9
-48.7268,-26.853,44.78,9
-48.7273,-26.8536,44.78,9
-48.7268,-26.8534,44.78,9
-48.7299,-26.8658,44.78,9
-48.7299,-26.8662,44.78,9
-48.7298,-26.865,44.78,9
-48.7299,-26.8654,44.78,9
-48.7294,-26.8648,44.78,9
-48.7299,-26.8671,44.78,9
-48.7304,-26.8668,44.78,9
-48.7299,-26.8666,44.78,9
-48.7304,-26.8672,44.78,9
-48.7303,-26.8664,44.78,9
-48.7293,-26.8631,44.78,9
-48.7289,-26.8629,44.78,9
-48.7294,-26.8635,44.78,9
-48.7289,-26.8634,44.78,9
-48.7289,-26.8621,44.78,9
-48.7284,-26.8619,44.78,9
-48.7289,-26.8617,44.78,9
-48.7289,-26.8625,44.78,9
-48.7294,-26.864,44.78,9
-48.7298,-26.8646,44.78,9
-48.7294,-26.8644,44.78,9
-48.7245,-26.8484,44.78,9
-48.72,-26.8445,44.78,9
-48.72,-26.8449,44.78,9
-48.7209,-26.8452,44.78,9
-48.7204,-26.8451,44.78,9
-48.7213,-26.8458,44.78,9
-48.7209,-26.8457,44.78,9
-48.7213,-26.8463,44.78,9
-48.7218,-26.846,44.78,9
-48.7227,-26.8468,44.78,9
-48.7231,-26.8474,44.78,9
-48.7227,-26.8472,44.78,9
-48.7222,-26.8466,44.78,9
-48.7218,-26.8464,44.78,9
-48.7222,-26.847,44.78,9
-48.726,-26.8795,27.17,9
-48.726,-26.8803,27.17,9
-48.7256,-26.8801,27.17,9
-48.726,-26.8799,27.17,9
-48.7256,-26.8805,27.17,9
-48.7252,-26.882,27.17,9
-48.7248,-26.8822,27.17,9
-48.7252,-26.8812,27.17,9
-48.7256,-26.8809,27.17,9
-48.7252,-26.8816,27.17,9
-48.724,-26.884,27.17,9
-48.7244,-26.8837,27.17,9
-48.724,-26.8844,27.17,9
-48.7244,-26.8842,27.17,9
-48.7248,-26.8831,27.17,9
-48.7248,-26.8827,27.17,9
-48.7244,-26.8833,27.17,9
-48.724,-26.8848,27.17,9
-48.7236,-26.885,27.17,9
-48.7215,-26.8896,29.79,9
-48.722,-26.8893,27.17,9
-48.7215,-26.8892,29.79,9
-48.7215,-26.89,29.79,9
-48.722,-26.8897,27.17,9
-48.7224,-26.8887,27.17,9
-48.7224,-26.8883,27.17,9
-48.7224,-26.8891,27.17,9
-48.7219,-26.8889,28.48,9
-48.7232,-26.8865,27.17,9
-48.7228,-26.8872,27.17,9
-48.7232,-26.887,27.17,9
-48.7236,-26.8859,27.17,9
-48.7236,-26.8855,27.17,9
-48.7232,-26.8861,27.17,9
-48.7228,-26.8876,27.17,9
-48.7228,-26.888,27.17,9
-48.6548,-26.9047,7.875,9
-48.6543,-26.9053,7.875,9
-48.6548,-26.9051,7.875,9
-48.6544,-26.9057,7.875,9
-48.6552,-26.9044,7.875,9
-48.6556,-26.9042,7.875,9
-48.6544,-26.9062,7.875,9
-48.6539,-26.906,7.875,9
-48.7097,-26.9535,28.19,9
-48.7097,-26.9531,28.19,9
-48.7102,-26.9537,28.19,9
-48.7102,-26.9545,28.19,9
-48.7106,-26.9543,28.19,9
-48.7102,-26.9541,28.19,9
-48.7107,-26.9547,28.19,9
-48.7125,-26.9583,28.19,9
-48.7121,-26.9581,28.19,9
-48.7125,-26.9587,28.19,9
-48.713,-26.9593,28.19,9
-48.7126,-26.9591,28.19,9
-48.713,-26.9597,28.19,9
-48.7112,-26.9565,28.19,9
-48.7111,-26.9561,28.19,9
-48.7112,-26.9569,28.19,9
-48.7116,-26.9567,28.19,9
-48.7107,-26.9555,28.19,9
-48.7107,-26.9551,28.19,9
-48.7107,-26.9559,28.19,9
-48.7111,-26.9557,28.19,9
-48.7116,-26.9575,28.19,9
-48.7116,-26.9571,28.19,9
-48.7121,-26.9577,28.19,9
-48.7139,-26.9609,28.19,9
-48.7135,-26.9603,28.19,9
-48.7135,-26.9608,28.19,9
-48.7135,-26.9599,28.19,9
-48.7144,-26.9615,28.19,9
-48.7144,-26.962,28.19,9
-48.7139,-26.9614,28.19,9
-48.7135,-26.9612,28.19,9
-48.6863,-26.9464,32.35,9
-48.6868,-26.9461,32.35,9
-48.6859,-26.9466,32.35,9
-48.6872,-26.9459,32.35,9
-48.6876,-26.9457,32.35,9
-48.6851,-26.9471,32.35,9
-48.6855,-26.9469,32.35,9
-48.6893,-26.9447,32.35,9
-48.6898,-26.9445,32.35,9
-48.6889,-26.945,32.35,9
-48.6902,-26.9443,32.35,9
-48.6906,-26.944,32.35,9
-48.6881,-26.9454,32.35,9
-48.6885,-26.9452,32.35,9
-48.6957,-26.9395,32.35,9
-48.6961,-26.9393,32.35,9
-48.6953,-26.9398,32.35,9
-48.6966,-26.9386,32.35,9
-48.697,-26.9384,32.35,9
-48.6961,-26.9389,32.35,9
-48.6923,-26.9431,32.35,9
-48.6923,-26.9427,32.35,9
-48.6919,-26.9433,32.35,9
-48.6932,-26.9422,32.35,9
-48.6936,-26.9419,32.35,9
-48.6932,-26.9418,32.35,9
-48.6928,-26.9424,32.35,9
-48.6911,-26.9438,32.35,9
-48.6915,-26.9435,32.35,9
-48.694,-26.9413,32.35,9
-48.6945,-26.9411,32.35,9
-48.6936,-26.9415,32.35,9
-48.6949,-26.9404,32.35,9
-48.6953,-26.9402,32.35,9
-48.6944,-26.9406,32.35,9
-48.6808,-26.9495,32.35,9
-48.6803,-26.9501,32.35,9
-48.6808,-26.9499,32.35,9
-48.6812,-26.9492,32.35,9
-48.6816,-26.949,32.35,9
-48.6804,-26.9505,32.35,9
-48.6799,-26.9508,32.35,9
-48.6833,-26.948,32.35,9
-48.6838,-26.9478,32.35,9
-48.6829,-26.9483,32.35,9
-48.6842,-26.9476,32.35,9
-48.6846,-26.9473,32.35,9
-48.682,-26.9487,32.35,9
-48.6825,-26.9485,32.35,9
-48.6795,-26.9522,32.35,9
-48.6796,-26.9527,32.35,9
-48.68,-26.9516,32.35,9
-48.6795,-26.9514,32.35,9
-48.6799,-26.9512,32.35,9
-48.6795,-26.9518,32.35,9
-48.6796,-26.9535,32.35,9
-48.6791,-26.9533,32.35,9
-48.6796,-26.9531,32.35,9
-48.6796,-26.9539,32.35,9
-48.6792,-26.9537,32.35,9
-48.7041,-26.9306,29.88,9
-48.7046,-26.9304,29.88,9
-48.7042,-26.931,29.88,9
-48.705,-26.9297,29.88,9
-48.705,-26.9293,29.88,9
-48.7046,-26.93,29.88,9
-48.7037,-26.9313,29.88,9
-48.7033,-26.9319,29.88,9
-48.7037,-26.9317,29.88,9
-48.7054,-26.9287,29.88,9
-48.7016,-26.9333,29.88,9
-48.702,-26.9331,29.88,9
-48.7016,-26.9337,29.88,9
-48.7021,-26.9335,29.88,9
-48.7029,-26.9322,29.88,9
-48.7025,-26.9328,29.88,9
-48.7029,-26.9326,29.88,9
-48.7074,-26.9229,29.88,9
-48.7074,-26.9233,29.88,9
-48.7078,-26.9222,29.88,9
-48.7082,-26.922,29.88,9
-48.7078,-26.9226,29.88,9
-48.707,-26.924,29.88,9
-48.7074,-26.9237,29.88,9
-48.707,-26.9244,29.88,9
-48.7078,-26.9231,29.88,9
-48.705,-26.9289,29.88,9
-48.7054,-26.9278,29.88,9
-48.7058,-26.9276,29.88,9
-48.7054,-26.9282,29.88,9
-48.7058,-26.928,29.88,9
-48.7066,-26.9259,29.88,9
-48.7062,-26.9261,29.88,9
-48.7066,-26.925,29.88,9
-48.707,-26.9248,29.88,9
-48.7066,-26.9254,29.88,9
-48.7062,-26.9269,29.88,9
-48.7062,-26.9265,29.88,9
-48.7058,-26.9272,29.88,9
-48.6982,-26.9368,32.35,9
-48.6987,-26.9366,32.35,9
-48.6983,-26.9373,32.35,9
-48.6978,-26.9371,32.35,9
-48.6991,-26.936,32.35,9
-48.6995,-26.9357,32.35,9
-48.6991,-26.9364,32.35,9
-48.6974,-26.9377,32.35,9
-48.6978,-26.9375,32.35,9
-48.6974,-26.9382,32.35,9
-48.697,-26.938,32.35,9
-48.6999,-26.9351,29.88,9
-48.7004,-26.9348,29.88,9
-48.6999,-26.9355,29.88,9
-48.7008,-26.9342,29.88,9
-48.7012,-26.9339,29.88,9
-48.7008,-26.9346,29.88,9
-48.7012,-26.9344,29.88,9
-48.715,-26.9663,28.19,9
-48.715,-26.9667,28.19,9
-48.715,-26.9655,28.19,9
-48.715,-26.9659,28.19,9
-48.7155,-26.9673,28.19,9
-48.7155,-26.9677,28.19,9
-48.7154,-26.9665,28.19,9
-48.7154,-26.9669,28.19,9
-48.7145,-26.9636,28.19,9
-48.7144,-26.9632,28.19,9
-48.7145,-26.964,28.19,9
-48.7149,-26.9638,28.19,9
-48.7144,-26.9624,28.19,9
-48.7144,-26.9628,28.19,9
-48.7149,-26.9646,28.19,9
-48.7149,-26.9642,28.19,9
-48.7149,-26.9651,28.19,9
-48.7155,-26.9686,28.19,9
-48.7159,-26.9683,28.19,9
-48.7155,-26.9682,28.19,9
-48.7155,-26.969,28.19,9
-48.6825,-26.9625,32.35,9
-48.6821,-26.9623,32.35,9
-48.6825,-26.9629,32.35,9
-48.683,-26.9635,32.35,9
-48.683,-26.9631,32.35,9
-48.683,-26.9639,32.35,9
-48.6835,-26.9654,32.35,9
-48.684,-26.966,32.35,9
-48.6835,-26.9658,32.35,9
-48.6835,-26.9645,32.35,9
-48.683,-26.9644,32.35,9
-48.6835,-26.9641,32.35,9
-48.6835,-26.965,32.35,9
-48.684,-26.9664,32.35,9
-48.684,-26.9668,32.35,9
-48.6835,-26.9662,32.35,9
-48.6835,-26.9666,32.35,9
-48.6812,-26.9611,32.35,9
-48.6811,-26.9607,32.35,9
-48.6807,-26.9601,32.35,9
-48.6807,-26.9605,32.35,9
-48.6816,-26.9613,32.35,9
-48.6821,-26.9619,32.35,9
-48.6816,-26.9617,32.35,9
-48.6796,-26.9552,32.35,9
-48.6797,-26.9556,32.35,9
-48.6796,-26.9543,32.35,9
-48.6796,-26.9547,32.35,9
-48.6797,-26.9564,32.35,9
-48.6797,-26.956,32.35,9
-48.6797,-26.9568,32.35,9
-48.6802,-26.9583,32.35,9
-48.6802,-26.9587,32.35,9
-48.6797,-26.9581,32.35,9
-48.6798,-26.9585,32.35,9
-48.6797,-26.9573,32.35,9
-48.6802,-26.9578,32.35,9
-48.6797,-26.9577,32.35,9
-48.6807,-26.9597,32.35,9
-48.6802,-26.9591,32.35,9
-48.6802,-26.9595,32.35,9
-48.6836,-26.9683,32.35,9
-48.6836,-26.9687,32.35,9
-48.6836,-26.9675,32.35,9
-48.6836,-26.967,32.35,9
-48.6836,-26.9679,32.35,9
-48.6832,-26.9694,32.35,9
-48.6836,-26.9691,32.35,9
-48.6832,-26.9698,32.35,9
-48.6836,-26.9695,32.35,9
-48.6833,-26.971,39.67333333333333,9
-48.6828,-26.9717,54.32,9
-48.6833,-26.9714,54.32,9
-48.6832,-26.9702,32.35,9
-48.6832,-26.9706,32.35,9
-48.6829,-26.9721,54.32,9
-48.6833,-26.9719,54.32,9
-48.6829,-26.9725,54.32,9
-48.7179,-26.8988,29.88,9
-48.7175,-26.8986,29.88,9
-48.7175,-26.899,29.88,9
-48.7179,-26.898,29.88,9
-48.7183,-26.8977,29.88,9
-48.7179,-26.8984,29.88,9
-48.7171,-26.8997,29.88,9
-48.7175,-26.8994,29.88,9
-48.7171,-26.9001,29.88,9
-48.7218,-26.8971,11.025,9
-48.7213,-26.8969,11.025,9
-48.7222,-26.8968,11.025,9
-48.7226,-26.8966,12.05,9
-48.7209,-26.8967,11.025,9
-48.7205,-26.8965,11.025,9
-48.7227,-26.897,11.025,9
-48.7187,-26.8958,29.79,9
-48.7187,-26.8962,29.79,9
-48.7191,-26.8952,29.79,9
-48.7195,-26.8949,29.79,9
-48.7191,-26.8947,29.79,9
-48.7191,-26.8956,29.79,9
-48.7183,-26.8969,29.79,9
-48.7187,-26.8967,29.79,9
-48.7183,-26.8973,29.88,9
-48.7196,-26.8962,11.025,9
-48.7191,-26.896,11.025,9
-48.72,-26.8964,11.025,9
-48.7167,-26.9016,29.88,9
-48.7162,-26.9014,29.88,9
-48.7163,-26.9018,29.88,9
-48.7167,-26.9008,29.88,9
-48.7171,-26.9005,29.88,9
-48.7167,-26.9012,29.88,9
-48.7207,-26.8913,16.353333333333335,9
-48.7211,-26.8911,29.79,9
-48.7207,-26.8917,29.79,9
-48.7216,-26.8904,27.17,9
-48.722,-26.8902,27.17,9
-48.7203,-26.8915,9.635,9
-48.7207,-26.8905,9.635,9
-48.7211,-26.8902,16.353333333333335,9
-48.7207,-26.89,9.635,9
-48.7207,-26.8909,9.635,9
-48.7211,-26.8906,29.79,9
-48.7203,-26.8924,16.353333333333335,9
-48.7207,-26.8921,29.79,9
-48.7203,-26.8919,16.353333333333335,9
-48.7203,-26.8928,29.79,9
-48.7199,-26.8926,9.635,9
-48.7235,-26.8966,12.05,9
-48.7235,-26.897,12.05,9
-48.724,-26.8967,12.05,9
-48.7231,-26.8968,12.05,9
-48.7195,-26.8941,29.79,9
-48.7199,-26.8939,29.79,9
-48.7195,-26.8945,29.79,9
-48.6425,-26.9552,5.55,9
-48.6429,-26.955,5.55,9
-48.6421,-26.955,5.55,9
-48.6412,-26.9551,5.55,9
-48.6416,-26.9548,5.55,9
-48.6407,-26.9549,5.55,9
-48.6463,-26.9272,6.61,9
-48.6468,-26.9269,6.61,9
-48.6472,-26.9275,6.61,9
-48.6468,-26.9273,6.61,9
-48.6486,-26.9281,6.61,9
-48.6486,-26.9285,6.61,9
-48.6481,-26.9279,6.61,9
-48.6477,-26.9277,6.61,9
-48.6403,-26.9551,5.55,9
-48.6887,-26.9021,14.38,10
-48.687,-26.9022,4.0,10
-48.6866,-26.9037,4.0,10
-48.687,-26.9035,4.0,10
-48.6866,-26.9033,4.0,10
-48.687,-26.9026,4.0,10
-48.687,-26.903,4.0,10
-48.6752,-26.9007,4.58,10
-48.6751,-26.9002,4.58,10
-48.6738,-26.8993,4.58,10
-48.6742,-26.8995,4.58,10
-48.6747,-26.9001,4.58,10
-48.6743,-26.8999,4.58,10
-48.689,-26.9088,7.71,10
-48.6894,-26.9085,7.71,10
-48.6885,-26.9086,7.71,10
-48.6877,-26.9087,7.71,10
-48.6881,-26.9088,7.71,10
-48.6872,-26.9089,7.71,10
-48.6903,-26.9089,7.71,10
-48.6907,-26.9087,7.71,10
-48.6898,-26.9087,7.71,10
-48.6907,-26.9091,9.39,10
-48.6864,-26.9089,7.71,10
-48.6868,-26.9087,7.71,10
-48.6895,-26.9119,13.63,10
-48.6895,-26.9123,13.63,10
-48.6908,-26.9108,9.39,10
-48.6908,-26.9112,9.39,10
-48.6908,-26.9099,9.39,10
-48.6908,-26.9095,9.39,10
-48.6908,-26.9103,9.39,10
-48.6908,-26.9116,9.39,10
-48.6904,-26.9122,13.63,10
-48.6908,-26.912,9.39,10
-48.69,-26.9121,13.63,10
-48.694,-26.9022,14.38,10
-48.6931,-26.9022,14.38,10
-48.6936,-26.902,14.38,10
-48.6909,-26.9022,14.38,10
-48.6914,-26.9024,14.38,10
-48.6905,-26.9024,14.38,10
-48.6896,-26.902,14.38,10
-48.6901,-26.9022,14.38,10
-48.6892,-26.9023,14.38,10
-48.6923,-26.9023,14.38,10
-48.6927,-26.9021,14.38,10
-48.6918,-26.9021,14.38,10
-48.6944,-26.902,14.38,10
-48.6773,-26.9114,10.14,10
-48.6773,-26.9118,10.14,10
-48.6772,-26.9106,10.14,10
-48.6777,-26.9103,10.14,10
-48.6772,-26.9102,10.14,10
-48.6773,-26.911,10.14,10
-48.7088,-26.8893,20.69,10
-48.7084,-26.8891,20.69,10
-48.7093,-26.8895,20.69,10
-48.708,-26.889,20.69,10
-48.7075,-26.8888,20.69,10
-48.7102,-26.8899,20.69,10
-48.7097,-26.8897,20.69,10
-48.7057,-26.8881,20.69,10
-48.7062,-26.8878,20.69,10
-48.7053,-26.8879,20.69,10
-48.7062,-26.8882,20.69,10
-48.7044,-26.8879,20.69,10
-48.7049,-26.8881,20.69,10
-48.704,-26.8882,20.69,10
-48.7071,-26.8882,20.69,10
-48.7066,-26.888,20.69,10
-48.7071,-26.8886,20.69,10
-48.7075,-26.8884,20.69,10
-48.7066,-26.8884,20.69,10
-48.6975,-26.8892,6.85,10
-48.6979,-26.889,6.85,10
-48.697,-26.889,6.85,10
-48.6962,-26.8891,6.85,10
-48.6966,-26.8893,6.85,10
-48.6957,-26.8893,6.85,10
-48.7001,-26.8882,14.45,10
-48.7001,-26.8886,14.45,10
-48.7005,-26.888,8.216666666666667,10
-48.7009,-26.8877,8.216666666666667,10
-48.7001,-26.8878,9.775,10
-48.6996,-26.8876,6.75,10
-48.7001,-26.8895,14.45,10
-48.7001,-26.889,14.45,10
-48.7001,-26.8899,14.45,10
-48.6949,-26.8894,6.85,10
-48.6953,-26.8891,6.85,10
-48.7002,-26.8911,14.45,10
-48.7002,-26.8915,14.45,10
-48.7006,-26.8905,14.45,10
-48.7001,-26.8903,14.45,10
-48.7006,-26.8909,14.45,10
-48.7002,-26.8907,14.45,10
-48.7002,-26.8924,14.45,10
-48.7006,-26.8921,14.45,10
-48.7002,-26.892,14.45,10
-48.7002,-26.8928,14.45,10
-48.7007,-26.8926,14.45,10
-48.7006,-26.8913,14.45,10
-48.7006,-26.8917,14.45,10
-48.7017,-26.8835,11.98,10
-48.7008,-26.8836,11.98,10
-48.7012,-26.8833,11.98,10
-48.6999,-26.8836,11.98,10
-48.7003,-26.8834,11.98,10
-48.6995,-26.8834,11.98,10
-48.6986,-26.8835,11.98,10
-48.699,-26.8837,11.98,10
-48.6982,-26.8837,11.98,10
-48.7031,-26.8882,8.95,10
-48.7027,-26.888,8.216666666666667,10
-48.7018,-26.8881,8.216666666666667,10
-48.7022,-26.8879,8.216666666666667,10
-48.7014,-26.8879,8.216666666666667,10
-48.715,-26.8914,22.525,10
-48.7159,-26.8914,22.525,10
-48.7163,-26.8912,22.525,10
-48.7155,-26.8912,22.525,10
-48.7137,-26.8913,22.525,10
-48.7146,-26.8913,22.525,10
-48.7141,-26.8911,22.525,10
-48.7181,-26.891,22.525,10
-48.7185,-26.8908,22.525,10
-48.7194,-26.8908,22.525,10
-48.7198,-26.8905,22.525,10
-48.7189,-26.8906,22.525,10
-48.7172,-26.8911,22.525,10
-48.7176,-26.8909,22.525,10
-48.7168,-26.8913,22.525,10
-48.7119,-26.8906,22.525,10
-48.7115,-26.8904,22.525,10
-48.7124,-26.8908,22.525,10
-48.7115,-26.8908,22.525,10
-48.7106,-26.8905,20.69,10
-48.7111,-26.8902,22.525,10
-48.7102,-26.8903,20.69,10
-48.7106,-26.89,20.69,10
-48.7111,-26.8906,22.525,10
-48.7133,-26.8911,22.525,10
-48.7137,-26.8909,22.525,10
-48.7128,-26.891,22.525,10
-48.7199,-26.893,12.06,10
-48.7195,-26.8937,12.06,10
-48.7199,-26.8934,12.06,10
-48.7002,-26.8932,14.45,10
-48.7007,-26.893,14.45,10
-48.6626,-26.9038,13.11,10
-48.663,-26.9035,13.11,10
-48.6565,-26.9037,8.48,10
-48.6569,-26.9035,8.48,10
-48.656,-26.904,8.48,10
-48.6973,-26.8838,11.98,10
-48.6977,-26.8835,11.98,10
-48.6969,-26.8836,11.98,10
-48.6964,-26.8834,11.98,10
-48.6953,-26.9142,16.16,10
-48.6957,-26.914,16.16,10
-48.6948,-26.9141,16.16,10
-48.6953,-26.9138,16.16,10
-48.6944,-26.9139,16.16,10
-48.694,-26.9137,16.16,10
-48.6922,-26.913,14.895,10
-48.6917,-26.9128,14.895,10
-48.6926,-26.9132,14.895,10
-48.6909,-26.9128,16.16,10
-48.6913,-26.9126,14.895,10
-48.6909,-26.9124,13.06,10
-48.6746,-26.9231,1.48,10
-48.6742,-26.9246,1.48,10
-48.6742,-26.925,1.48,10
-48.6746,-26.9239,1.48,10
-48.6746,-26.9235,1.48,10
-48.6747,-26.9243,1.48,10
-48.6742,-26.9241,1.48,10
-48.6774,-26.9143,14.0,10
-48.6774,-26.9147,14.0,10
-48.7154,-26.9036,29.45,10
-48.7159,-26.9033,29.45,10
-48.7155,-26.904,29.45,10
-48.7158,-26.9025,29.45,10
-48.7163,-26.9022,29.45,10
-48.7159,-26.9029,29.45,10
-48.7155,-26.9044,29.45,10
-48.715,-26.9046,29.45,10
-48.7138,-26.9074,29.45,10
-48.7134,-26.9089,29.45,10
-48.713,-26.9096,29.45,10
-48.7135,-26.9093,29.45,10
-48.7139,-26.9083,29.45,10
-48.7138,-26.9078,29.45,10
-48.7134,-26.9085,29.45,10
-48.7147,-26.9061,29.45,10
-48.7142,-26.9068,29.45,10
-48.7147,-26.9065,29.45,10
-48.7151,-26.9055,29.45,10
-48.7151,-26.905,29.45,10
-48.7146,-26.9057,29.45,10
-48.7143,-26.9072,29.45,10
-48.7143,-26.9076,29.45,10
-48.6986,-26.9094,12.84,10
-48.6977,-26.9095,12.84,10
-48.6982,-26.9092,12.84,10
-48.6969,-26.9095,12.84,10
-48.6973,-26.9093,12.84,10
-48.6964,-26.9094,12.84,10
-48.7003,-26.9089,12.916,10
-48.7008,-26.9087,12.916,10
-48.7003,-26.9085,12.916,10
-48.7004,-26.9093,12.903333333333334,10
-48.7008,-26.9091,12.903333333333334,10
-48.6999,-26.9091,12.84,10
-48.7008,-26.9082,12.916,10
-48.699,-26.9092,12.84,10
-48.7003,-26.9076,12.916,10
-48.7003,-26.9081,12.916,10
-48.7008,-26.9099,13.285,10
-48.7004,-26.9097,13.285,10
-48.7008,-26.9095,13.285,10
-48.7008,-26.9103,13.285,10
-48.7004,-26.9102,13.285,10
-48.7012,-26.9093,12.84,10
-48.6995,-26.9094,12.84,10
-48.6956,-26.9094,12.84,10
-48.6951,-26.9092,12.84,10
-48.696,-26.9096,12.84,10
-48.6979,-26.9149,16.16,10
-48.6975,-26.9147,16.16,10
-48.6966,-26.9144,16.16,10
-48.6962,-26.9142,16.16,10
-48.697,-26.9145,16.16,10
-48.7004,-26.9118,13.285,10
-48.7009,-26.9116,13.285,10
-48.7004,-26.9114,13.285,10
-48.7005,-26.9122,13.285,10
-48.7009,-26.912,13.285,10
-48.7008,-26.9108,13.285,10
-48.7009,-26.9112,13.285,10
-48.7004,-26.9106,13.285,10
-48.7004,-26.911,13.285,10
-48.7009,-26.9128,13.285,10
-48.7005,-26.9127,13.285,10
-48.7009,-26.9124,13.285,10
-48.7009,-26.9133,13.285,10
-48.7005,-26.9131,13.285,10
-48.6948,-26.9136,16.16,10
-48.6935,-26.9131,13.63,10
-48.6931,-26.9129,13.63,10
-48.6935,-26.9135,14.895,10
-48.6939,-26.9133,13.63,10
-48.6931,-26.9133,14.895,10
-48.7001,-26.9031,12.81,10
-48.6997,-26.9029,3.12,10
-48.7001,-26.9026,12.81,10
-48.7002,-26.9035,12.81,10
-48.6997,-26.9033,3.12,10
-48.6997,-26.902,3.12,10
-48.7001,-26.9018,12.81,10
-48.6997,-26.9025,3.12,10
-48.7001,-26.9022,12.81,10
-48.7002,-26.9039,12.81,10
-48.7002,-26.9043,12.81,10
-48.6997,-26.9037,3.12,10
-48.6997,-26.9041,3.12,10
-48.7002,-26.906,12.916,10
-48.7002,-26.9056,12.916,10
-48.7003,-26.9064,12.916,10
-48.6998,-26.905,3.12,10
-48.7002,-26.9047,12.325,10
-48.6998,-26.9045,3.12,10
-48.7002,-26.9051,12.916,10
-48.7003,-26.9068,12.916,10
-48.7003,-26.9072,12.916,10
-48.7094,-26.9184,29.45,10
-48.7098,-26.9181,29.45,10
-48.7094,-26.9188,29.45,10
-48.7098,-26.9173,29.45,10
-48.7098,-26.9177,29.45,10
-48.709,-26.9194,29.45,10
-48.7094,-26.9192,29.45,10
-48.709,-26.9199,29.45,10
-48.711,-26.9145,29.45,10
-48.7106,-26.9152,29.45,10
-48.711,-26.9149,29.45,10
-48.7102,-26.9166,29.45,10
-48.7106,-26.9164,29.45,10
-48.7102,-26.9162,29.45,10
-48.7102,-26.9171,29.45,10
-48.7106,-26.9156,29.45,10
-48.711,-26.9153,29.45,10
-48.7106,-26.916,29.45,10
-48.7082,-26.9212,29.45,10
-48.7086,-26.9209,29.45,10
-48.7082,-26.9216,29.45,10
-48.709,-26.9203,29.45,10
-48.7086,-26.9201,29.45,10
-48.7086,-26.9205,29.45,10
-48.7126,-26.911,29.45,10
-48.7126,-26.9106,29.45,10
-48.7127,-26.9115,29.45,10
-48.7122,-26.9113,29.45,10
-48.713,-26.91,29.45,10
-48.7131,-26.9104,29.45,10
-48.7122,-26.9117,29.45,10
-48.7118,-26.9124,29.45,10
-48.7122,-26.9121,29.45,10
-48.7114,-26.9138,29.45,10
-48.7114,-26.9134,29.45,10
-48.7114,-26.9143,29.45,10
-48.7118,-26.9128,29.45,10
-48.7118,-26.9132,29.45,10
-48.7005,-26.9135,13.285,10
-48.6642,-26.9139,10.75,10
-48.6638,-26.9137,10.75,10
-48.6651,-26.913,5.38,10
-48.6647,-26.9137,5.38,10
-48.6651,-26.9134,5.38,10
-48.6642,-26.9135,10.75,10
-48.6633,-26.9131,10.75,10
-48.6629,-26.9129,10.75,10
-48.6638,-26.9133,10.75,10
-48.6651,-26.9143,10.75,10
-48.6647,-26.9141,10.75,10
-48.6651,-26.9147,10.75,10
-48.6664,-26.9123,5.38,10
-48.6659,-26.9121,5.38,10
-48.6655,-26.9128,5.38,10
-48.6659,-26.9125,5.38,10
-48.6664,-26.9119,5.38,10
-48.6655,-26.9132,5.38,10
-48.6607,-26.9129,7.91,10
-48.6603,-26.9127,7.91,10
-48.6612,-26.913,7.91,10
-48.662,-26.9122,10.75,10
-48.6598,-26.9125,7.91,10
-48.6594,-26.9123,7.91,10
-48.6629,-26.9125,10.75,10
-48.6624,-26.9123,10.75,10
-48.666,-26.915,10.75,10
-48.6656,-26.9149,10.75,10
-48.666,-26.9155,10.75,10
-48.6697,-26.9075,3.78,10
-48.6701,-26.9073,3.78,10
-48.6688,-26.9075,3.78,10
-48.6693,-26.9073,3.78,10
-48.6728,-26.9071,7.24,10
-48.6728,-26.9075,7.24,10
-48.6658,-26.9079,10.72,10
-48.6653,-26.9078,10.72,10
-48.6698,-26.9108,17.55,10
-48.6694,-26.9106,17.55,10
-48.6698,-26.9104,17.55,10
-48.6698,-26.9112,17.55,10
-48.6694,-26.9111,17.55,10
-48.6694,-26.9098,17.55,10
-48.6694,-26.9102,17.55,10
-48.6698,-26.91,17.55,10
-48.6699,-26.9117,17.55,10
-48.6699,-26.9121,17.55,10
-48.6728,-26.9092,7.24,10
-48.6733,-26.9089,7.24,10
-48.6728,-26.9088,7.24,10
-48.6728,-26.9096,7.24,10
-48.6733,-26.9094,7.24,10
-48.6728,-26.9079,7.24,10
-48.6728,-26.9083,7.24,10
-48.6662,-26.9085,10.72,10
-48.6658,-26.9084,10.72,10
-48.6667,-26.9087,10.72,10
-48.6576,-26.9116,7.91,10
-48.6576,-26.912,7.91,10
-48.6581,-26.9118,7.91,10
-48.6572,-26.9118,7.91,10
-48.6589,-26.9105,6.94,10
-48.6584,-26.9103,6.94,10
-48.6589,-26.9109,6.94,10
-48.6589,-26.9121,7.91,10
-48.6585,-26.912,7.91,10
-48.6605,-26.9074,7.285,10
-48.6601,-26.9073,7.285,10
-48.6614,-26.9061,7.0566666666666675,10
-48.6618,-26.9059,13.11,10
-48.6609,-26.9059,7.0566666666666675,10
-48.6614,-26.9065,7.0566666666666675,10
-48.6618,-26.9063,9.333333333333334,10
-48.6592,-26.9069,9.78,10
-48.6592,-26.9073,7.876666666666666,10
-48.6596,-26.9071,7.285,10
-48.6588,-26.9071,9.78,10
-48.6605,-26.9058,7.0566666666666675,10
-48.66,-26.9056,7.0566666666666675,10
-48.6614,-26.9078,10.1975,10
-48.661,-26.9076,7.285,10
-48.6618,-26.9071,8.61,10
-48.6614,-26.907,11.61,10
-48.6618,-26.9067,11.61,10
-48.6614,-26.9074,13.11,10
-48.6601,-26.9077,7.285,10
-48.6597,-26.9075,7.285,10
-48.6622,-26.9052,11.61,10
-48.6626,-26.905,8.61,10
-48.6622,-26.9048,13.11,10
-48.6622,-26.9057,8.7075,10
-48.6618,-26.9055,0.0,10
-48.6626,-26.9042,11.61,10
-48.663,-26.9039,13.11,10
-48.6626,-26.9046,11.61,10
-48.664,-26.9068,10.72,10
-48.6636,-26.9066,10.72,10
-48.6631,-26.906,10.72,10
-48.6622,-26.9061,8.61,10
-48.6631,-26.9064,10.72,10
-48.6579,-26.9068,9.78,10
-48.6574,-26.9066,9.78,10
-48.6583,-26.9069,9.78,10
-48.6613,-26.9049,0.0,10
-48.6613,-26.9053,0.0,10
-48.6596,-26.905,7.28,10
-48.6591,-26.9048,7.28,10
-48.6596,-26.9054,7.28,10
-48.66,-26.9052,7.0566666666666675,10
-48.6598,-26.9112,6.94,10
-48.6593,-26.9111,6.94,10
-48.6645,-26.9074,10.72,10
-48.6649,-26.9072,10.72,10
-48.6644,-26.907,10.72,10
-48.6649,-26.9076,10.72,10
-48.6588,-26.9075,9.06,10
-48.6588,-26.908,9.06,10
-48.658,-26.9097,8.0,10
-48.6584,-26.9095,9.06,10
-48.658,-26.9093,9.06,10
-48.658,-26.9101,6.94,10
-48.6584,-26.9086,9.06,10
-48.6588,-26.9084,9.06,10
-48.6584,-26.909,9.06,10
-48.6739,-26.9162,8.88,10
-48.6773,-26.9122,10.14,10
-48.6773,-26.9127,10.14,10
-48.6769,-26.9146,14.0,10
-48.6773,-26.9135,14.0,10
-48.6773,-26.9131,11.98,10
-48.6774,-26.9139,14.0,10
-48.6699,-26.9137,17.55,10
-48.6699,-26.9133,17.55,10
-48.6699,-26.9142,17.55,10
-48.6699,-26.9125,17.55,10
-48.6699,-26.9129,17.55,10
-48.6704,-26.9148,17.55,10
-48.67,-26.9146,17.55,10
-48.6704,-26.9152,17.55,10
-48.67,-26.915,17.55,10
-48.6766,-26.916,8.88,10
-48.6757,-26.9161,8.88,10
-48.6761,-26.9159,8.88,10
-48.677,-26.9158,8.88,10
-48.6748,-26.9162,8.88,10
-48.6752,-26.9159,8.88,10
-48.6744,-26.916,8.88,10
-48.6705,-26.9164,17.55,10
-48.6704,-26.9156,17.55,10
-48.6704,-26.916,17.55,10
-48.67,-26.9154,17.55,10
-48.67,-26.9158,17.55,10
-48.724,-26.8844,17.14,10
-48.724,-26.8848,17.14,10
-48.7236,-26.885,17.14,10
-48.722,-26.8893,14.92,10
-48.722,-26.8897,14.92,10
-48.7224,-26.8887,14.92,10
-48.7224,-26.8883,14.92,10
-48.7224,-26.8891,14.92,10
-48.7219,-26.8889,14.92,10
-48.7232,-26.8865,15.586666666666666,10
-48.7228,-26.8872,14.92,10
-48.7232,-26.887,15.586666666666666,10
-48.7236,-26.8859,17.14,10
-48.7236,-26.8855,17.14,10
-48.7232,-26.8861,15.586666666666666,10
-48.7228,-26.8876,14.92,10
-48.7228,-26.888,14.92,10
-48.6548,-26.9047,8.48,10
-48.6543,-26.9053,8.48,10
-48.6548,-26.9051,8.48,10
-48.6544,-26.9057,8.48,10
-48.6552,-26.9044,8.48,10
-48.6556,-26.9042,8.48,10
-48.6544,-26.9062,8.48,10
-48.6539,-26.906,8.48,10
-48.7203,-26.9549,26.38,10
-48.7198,-26.9547,26.38,10
-48.7215,-26.9538,26.38,10
-48.7207,-26.9555,26.38,10
-48.7212,-26.9553,26.38,10
-48.7203,-26.9553,26.38,10
-48.7207,-26.9559,26.38,10
-48.7212,-26.9557,26.38,10
-48.7211,-26.9544,26.38,10
-48.7216,-26.9542,26.38,10
-48.7211,-26.9548,26.38,10
-48.7198,-26.9551,26.38,10
-48.719,-26.9552,26.38,10
-48.7194,-26.9549,26.38,10
-48.719,-26.9556,26.38,10
-48.7232,-26.9499,26.38,10
-48.7232,-26.9503,26.38,10
-48.7236,-26.9509,26.38,10
-48.7232,-26.9507,26.38,10
-48.7236,-26.9505,26.38,10
-48.7236,-26.9513,26.38,10
-48.6863,-26.9464,29.45,10
-48.6868,-26.9461,29.45,10
-48.6859,-26.9466,29.45,10
-48.6872,-26.9459,29.45,10
-48.6876,-26.9457,29.45,10
-48.6851,-26.9471,29.45,10
-48.6855,-26.9469,29.45,10
-48.6893,-26.9447,29.45,10
-48.6898,-26.9445,29.45,10
-48.6889,-26.945,29.45,10
-48.6902,-26.9443,29.45,10
-48.6906,-26.944,29.45,10
-48.6881,-26.9454,29.45,10
-48.6885,-26.9452,29.45,10
-48.6957,-26.9395,29.45,10
-48.6961,-26.9393,29.45,10
-48.6953,-26.9398,29.45,10
-48.6966,-26.9386,29.45,10
-48.697,-26.9384,29.45,10
-48.6961,-26.9389,29.45,10
-48.6923,-26.9431,29.45,10
-48.6923,-26.9427,29.45,10
-48.6919,-26.9433,29.45,10
-48.6932,-26.9422,29.45,10
-48.6936,-26.9419,29.45,10
-48.6932,-26.9418,29.45,10
-48.6928,-26.9424,29.45,10
-48.6911,-26.9438,29.45,10
-48.6915,-26.9435,29.45,10
-48.694,-26.9413,29.45,10
-48.6945,-26.9411,29.45,10
-48.6936,-26.9415,29.45,10
-48.6949,-26.9404,29.45,10
-48.6953,-26.9402,29.45,10
-48.6944,-26.9406,29.45,10
-48.6808,-26.9495,29.45,10
-48.6803,-26.9501,29.45,10
-48.6808,-26.9499,29.45,10
-48.6812,-26.9492,29.45,10
-48.6816,-26.949,29.45,10
-48.6804,-26.9505,29.45,10
-48.6799,-26.9508,29.45,10
-48.6833,-26.948,29.45,10
-48.6838,-26.9478,29.45,10
-48.6829,-26.9483,29.45,10
-48.6842,-26.9476,29.45,10
-48.6846,-26.9473,29.45,10
-48.682,-26.9487,29.45,10
-48.6825,-26.9485,29.45,10
-48.6799,-26.9512,29.45,10
-48.7041,-26.9306,29.45,10
-48.7046,-26.9304,29.45,10
-48.7042,-26.931,29.45,10
-48.705,-26.9297,29.45,10
-48.705,-26.9293,29.45,10
-48.7046,-26.93,29.45,10
-48.7037,-26.9313,29.45,10
-48.7033,-26.9319,29.45,10
-48.7037,-26.9317,29.45,10
-48.7054,-26.9287,29.45,10
-48.7016,-26.9333,29.45,10
-48.702,-26.9331,29.45,10
-48.7016,-26.9337,29.45,10
-48.7021,-26.9335,29.45,10
-48.7029,-26.9322,29.45,10
-48.7025,-26.9328,29.45,10
-48.7029,-26.9326,29.45,10
-48.7074,-26.9229,29.45,10
-48.7074,-26.9233,29.45,10
-48.7078,-26.9222,29.45,10
-48.7082,-26.922,29.45,10
-48.7078,-26.9226,29.45,10
-48.707,-26.924,29.45,10
-48.7074,-26.9237,29.45,10
-48.707,-26.9244,29.45,10
-48.7078,-26.9231,29.45,10
-48.705,-26.9289,29.45,10
-48.7054,-26.9278,29.45,10
-48.7058,-26.9276,29.45,10
-48.7054,-26.9282,29.45,10
-48.7058,-26.928,29.45,10
-48.7066,-26.9259,29.45,10
-48.7062,-26.9261,29.45,10
-48.7066,-26.925,29.45,10
-48.707,-26.9248,29.45,10
-48.7066,-26.9254,29.45,10
-48.7062,-26.9269,29.45,10
-48.7062,-26.9265,29.45,10
-48.7058,-26.9272,29.45,10
-48.6982,-26.9368,29.45,10
-48.6987,-26.9366,29.45,10
-48.6983,-26.9373,29.45,10
-48.6978,-26.9371,29.45,10
-48.6991,-26.936,29.45,10
-48.6995,-26.9357,29.45,10
-48.6991,-26.9364,29.45,10
-48.6974,-26.9377,29.45,10
-48.6978,-26.9375,29.45,10
-48.6974,-26.9382,29.45,10
-48.697,-26.938,29.45,10
-48.6999,-26.9351,29.45,10
-48.7004,-26.9348,29.45,10
-48.6999,-26.9355,29.45,10
-48.7008,-26.9342,29.45,10
-48.7012,-26.9339,29.45,10
-48.7008,-26.9346,29.45,10
-48.7012,-26.9344,29.45,10
-48.7208,-26.9563,26.38,10
-48.7212,-26.9561,26.38,10
-48.7228,-26.9526,26.38,10
-48.722,-26.9531,26.38,10
-48.7224,-26.9529,26.38,10
-48.7232,-26.9516,26.38,10
-48.7228,-26.9522,26.38,10
-48.7232,-26.952,26.38,10
-48.722,-26.9535,26.38,10
-48.6833,-26.971,27.91,10
-48.6828,-26.9717,27.91,10
-48.6833,-26.9714,27.91,10
-48.6829,-26.9721,27.91,10
-48.6833,-26.9719,27.91,10
-48.6829,-26.9725,27.91,10
-48.7179,-26.8988,29.45,10
-48.7175,-26.8986,29.45,10
-48.7175,-26.899,29.45,10
-48.7179,-26.898,29.45,10
-48.7183,-26.8977,29.45,10
-48.7179,-26.8984,29.45,10
-48.7171,-26.8997,29.45,10
-48.7175,-26.8994,29.45,10
-48.7171,-26.9001,29.45,10
-48.7191,-26.8952,12.06,10
-48.7191,-26.8947,12.06,10
-48.7191,-26.8956,12.06,10
-48.7183,-26.8973,29.45,10
-48.7167,-26.9016,29.45,10
-48.7162,-26.9014,29.45,10
-48.7163,-26.9018,29.45,10
-48.7167,-26.9008,29.45,10
-48.7171,-26.9005,29.45,10
-48.7167,-26.9012,29.45,10
-48.7212,-26.8915,18.18,10
-48.7216,-26.8912,18.18,10
-48.7207,-26.8913,12.06,10
-48.7211,-26.8911,18.18,10
-48.7212,-26.8919,18.18,10
-48.7224,-26.8903,7.79,10
-48.7216,-26.8904,13.731666666666667,10
-48.722,-26.8902,13.731666666666667,10
-48.7216,-26.8908,14.613333333333335,10
-48.7203,-26.8915,12.06,10
-48.7207,-26.8905,9.925,10
-48.7211,-26.8902,9.925,10
-48.7202,-26.8903,22.525,10
-48.7207,-26.89,16.56,10
-48.7207,-26.8909,12.06,10
-48.7203,-26.8924,12.06,10
-48.7207,-26.8921,18.18,10
-48.7203,-26.8919,12.06,10
-48.7203,-26.8928,18.18,10
-48.7208,-26.8925,18.18,10
-48.7199,-26.8926,12.06,10
-48.7237,-26.8901,7.79,10
-48.7229,-26.8901,7.79,10
-48.7233,-26.8899,7.79,10
-48.7224,-26.8899,7.79,10
-48.7195,-26.8941,12.06,10
-48.7195,-26.8945,12.06,10
-48.7203,-26.8932,18.18,10
